((45, 93), 50.111772355794088)
((45, 94), 51.830857298523959)
((45, 95), 50.247048034234723)
((45, 96), 51.943704927157498)
((45, 97), 51.503666340084912)
((45, 98), 52.947070247394166)
((45, 99), 49.501013508502098)
((46, 0), 45.290893835565242)
((46, 1), 47.63406822855567)
((46, 2), 47.152493838862483)
((46, 3), 48.955508657032752)
((46, 4), 51.155303798183702)
((46, 5), 50.791149792064402)
((46, 6), 49.631465788831434)
((46, 7), 49.095671675407488)
((46, 8), 49.903209128935927)
((46, 9), 52.022170518614161)
((46, 10), 46.393416920280664)
((46, 11), 51.15238274272798)
((46, 12), 48.319119937960949)
((46, 13), 45.137486541601923)
((46, 14), 46.996107506963661)
((46, 15), 49.790434425861925)
((46, 16), 50.731148110292111)
((46, 17), 48.13948650347016)
((46, 18), 49.357248646614238)
((46, 19), 50.073213918796739)
((46, 20), 52.055697491390731)
((46, 21), 47.28236243972772)
((46, 22), 47.687883721192421)
((46, 23), 50.103967269289264)
((46, 24), 46.707805522823747)
((46, 25), 42.854408856665785)
((46, 26), 50.027992181096465)
((46, 27), 49.926736798641343)
((46, 28), 51.635910502951972)
((46, 29), 45.786215468930976)
((46, 30), 48.05127804048135)
((46, 31), 44.676269039832874)
((46, 32), 52.393061059208478)
((46, 33), 50.557143946734278)
((46, 34), 49.550761905268104)
((46, 35), 47.167231757961716)
((46, 36), 47.540055512813488)
((46, 37), 46.234404569573428)
((46, 38), 46.241047999779738)
((46, 39), 48.270610924145913)
((46, 40), 48.200842464955898)
((46, 41), 49.703104458765452)
((46, 42), 47.40897693877838)
((46, 43), 48.760691317319647)
((46, 44), 49.384206598405875)
((46, 45), 49.163476000220669)
((46, 46), 46.508987574019613)
((46, 47), 46.746390101676958)
((46, 48), 46.631446852388756)
((46, 49), 47.382866182495576)
((46, 50), 44.714724792222242)
((46, 51), 45.350518546562952)
((46, 52), 48.637722962657662)
((46, 53), 50.098176210436698)
((46, 54), 43.771486554982573)
((46, 55), 48.042096338053483)
((46, 56), 47.526984378796811)
((46, 57), 44.694342401771891)
((46, 58), 49.446047768528366)
((46, 59), 51.558742579052904)
((46, 60), 51.148115341109637)
((46, 61), 47.68668710230186)
((46, 62), 49.074645917410251)
((46, 63), 45.345741920843636)
((46, 64), 50.000100068035735)
((46, 65), 48.131692897131323)
((46, 66), 48.338461407335913)
((46, 67), 45.099996240794134)
((46, 68), 48.692772067413898)
((46, 69), 46.64617453634542)
((46, 70), 44.885480376128143)
((46, 71), 50.730934231487097)
((46, 72), 46.784181828136226)
((46, 73), 49.701457760747665)
((46, 74), 47.333290874802771)
((46, 75), 46.509400578184952)
((46, 76), 50.979950450012183)
((46, 77), 49.122217709872452)
((46, 78), 50.891843549325969)
((46, 79), 45.679722146075619)
((46, 80), 53.718362076826992)
((46, 81), 51.944175070834405)
((46, 82), 47.753008010290834)
((46, 83), 50.493285758275583)
((46, 84), 45.917547733008007)
((46, 85), 48.122407431518013)
((46, 86), 47.805002723956363)
((46, 87), 48.312422966135443)
((46, 88), 44.811193667897342)
((46, 89), 51.317741184005172)
((46, 90), 49.085102244271852)
((46, 91), 46.02081486639814)
((46, 92), 49.885514924399502)
((46, 93), 49.41434257462393)
((46, 94), 50.499667873301455)
((46, 95), 48.637103623479163)
((46, 96), 50.561518953524093)
((46, 97), 49.901829087134203)
((46, 98), 50.557976415044578)
((46, 99), 49.292960866057442)
((47, 0), 47.815382985864282)
((47, 1), 46.875195263714858)
((47, 2), 47.179887326902119)
((47, 3), 49.729739720930311)
((47, 4), 50.909357371486074)
((47, 5), 49.094943412806877)
((47, 6), 52.041008818003775)
((47, 7), 48.461649782951795)
((47, 8), 52.334077419150091)
((47, 9), 56.451271741224119)
((47, 10), 47.52520108981853)
((47, 11), 54.541706964467537)
((47, 12), 49.480139108260019)
((47, 13), 47.165934601390489)
((47, 14), 47.255671465860097)
((47, 15), 50.262918498480957)
((47, 16), 49.655412747576065)
((47, 17), 48.034357238007573)
((47, 18), 50.008437267544153)
((47, 19), 52.873021755628599)
((47, 20), 51.882630789950007)
((47, 21), 49.131595183391298)
((47, 22), 50.468714231823554)
((47, 23), 49.924891766689761)
((47, 24), 49.217506160001307)
((47, 25), 44.314892056729406)
((47, 26), 53.159318499441625)
((47, 27), 50.756388669571621)
((47, 28), 52.440010742053403)
((47, 29), 50.260725765638448)
((47, 30), 50.293293276505899)
((47, 31), 47.503986589662411)
((47, 32), 55.22287502673457)
((47, 33), 52.211213675359431)
((47, 34), 51.359058968931159)
((47, 35), 50.264212011412511)
((47, 36), 50.105778028762757)
((47, 37), 47.302199903220711)
((47, 38), 49.994919610596938)
((47, 39), 50.591955344371613)
((47, 40), 48.145951296773838)
((47, 41), 50.580827392177063)
((47, 42), 47.800164695275654)
((47, 43), 49.687109732968338)
((47, 44), 50.085180066755115)
((47, 45), 52.19601488356826)
((47, 46), 46.833419738077367)
((47, 47), 48.11137854457472)
((47, 48), 48.42513331629533)
((47, 49), 45.206015434067112)
((47, 50), 48.864928421706068)
((47, 51), 47.918476975584568)
((47, 52), 48.977177680580795)
((47, 53), 51.655054712762912)
((47, 54), 47.983380153612167)
((47, 55), 51.023854414260555)
((47, 56), 48.753310083740374)
((47, 57), 44.718242409072616)
((47, 58), 51.625010502581766)
((47, 59), 50.588138220195454)
((47, 60), 51.080841173369947)
((47, 61), 48.070320488977757)
((47, 62), 50.04445720819399)
((47, 63), 46.615168384557123)
((47, 64), 52.092951014269147)
((47, 65), 50.863919300170522)
((47, 66), 49.060995998721808)
((47, 67), 45.289827937527185)
((47, 68), 51.651676176663429)
((47, 69), 50.894253294174256)
((47, 70), 49.191113174587969)
((47, 71), 51.754994894138825)
((47, 72), 50.692188415363454)
((47, 73), 52.613044206627805)
((47, 74), 48.472887668564297)
((47, 75), 51.579548724689488)
((47, 76), 50.669895235117181)
((47, 77), 49.428825793784213)
((47, 78), 49.869373022039241)
((47, 79), 45.492129573426617)
((47, 80), 53.258058955531965)
((47, 81), 51.218076544747042)
((47, 82), 49.809805102467422)
((47, 83), 51.024798731726406)
((47, 84), 49.120142212675297)
((47, 85), 48.179664703031975)
((47, 86), 48.180592874382711)
((47, 87), 49.641169174196833)
((47, 88), 48.194740992462286)
((47, 89), 52.557987763585245)
((47, 90), 49.257534039115043)
((47, 91), 45.873478613881034)
((47, 92), 50.310548895594621)
((47, 93), 54.003060953007051)
((47, 94), 51.81944602010622)
((47, 95), 52.529186283861122)
((47, 96), 51.568454601687804)
((47, 97), 51.43754180334917)
((47, 98), 52.737276526524397)
((47, 99), 52.74516295537682)
((48, 0), 47.479399604140873)
((48, 1), 45.973788892475078)
((48, 2), 47.039991333243933)
((48, 3), 46.556920184469234)
((48, 4), 45.969625512195506)
((48, 5), 47.116813455175134)
((48, 6), 50.151055119241519)
((48, 7), 49.842991859720641)
((48, 8), 53.118435747789704)
((48, 9), 51.579577821460809)
((48, 10), 48.179622960843204)
((48, 11), 51.190798370771944)
((48, 12), 47.74857679680261)
((48, 13), 45.052910061486216)
((48, 14), 45.434995264595642)
((48, 15), 52.322867887009018)
((48, 16), 47.883087090954746)
((48, 17), 47.026007011365365)
((48, 18), 48.646971923638191)
((48, 19), 49.783301303776085)
((48, 20), 51.08712295646049)
((48, 21), 43.178652875545382)
((48, 22), 48.573078076089075)
((48, 23), 49.326476719469156)
((48, 24), 47.283375470132796)
((48, 25), 43.830394444682767)
((48, 26), 47.850963297634749)
((48, 27), 47.587007074474705)
((48, 28), 48.356792691222608)
((48, 29), 49.061960857582434)
((48, 30), 48.47824658846254)
((48, 31), 45.458471895328053)
((48, 32), 50.593771234723164)
((48, 33), 48.804176665745345)
((48, 34), 48.911426838482392)
((48, 35), 48.087468527958706)
((48, 36), 47.550002123985337)
((48, 37), 47.489441815338111)
((48, 38), 47.076638938461315)
((48, 39), 45.352256536968852)
((48, 40), 47.581727873059151)
((48, 41), 49.745347808274978)
((48, 42), 46.867394467781409)
((48, 43), 46.032953888835529)
((48, 44), 47.962108703678666)
((48, 45), 48.348514021906723)
((48, 46), 44.641505223354052)
((48, 47), 46.202141332089369)
((48, 48), 48.361440305637963)
((48, 49), 48.797382449325362)
((48, 50), 45.971598841966696)
((48, 51), 47.354498994702737)
((48, 52), 46.512752006246231)
((48, 53), 48.775276433739883)
((48, 54), 44.618089920447289)
((48, 55), 46.960018247786557)
((48, 56), 48.625378830578484)
((48, 57), 46.252967504855079)
((48, 58), 46.906567937296387)
((48, 59), 48.865188984734175)
((48, 60), 50.975094645207776)
((48, 61), 48.07504915531392)
((48, 62), 47.442791746985549)
((48, 63), 43.355585149929972)
((48, 64), 51.652662314317382)
((48, 65), 48.372307803326947)
((48, 66), 46.191103171694934)
((48, 67), 44.940034149873668)
((48, 68), 50.609792081361931)
((48, 69), 46.341544133949078)
((48, 70), 47.218165998958369)
((48, 71), 47.905185410121391)
((48, 72), 47.946230808919111)
((48, 73), 50.637149309886482)
((48, 74), 45.894399451393326)
((48, 75), 48.915671556982893)
((48, 76), 47.86317857281314)
((48, 77), 47.190849977502481)
((48, 78), 49.725842033815539)
((48, 79), 44.462131540250553)
((48, 80), 53.756277207524121)
((48, 81), 47.707417591964266)
((48, 82), 48.757370401289236)
((48, 83), 49.247866731067163)
((48, 84), 47.155119636273447)
((48, 85), 46.478598520190232)
((48, 86), 46.456900177558744)
((48, 87), 47.657240938315049)
((48, 88), 43.150285945834305)
((48, 89), 50.931365009336503)
((48, 90), 48.089280419589684)
((48, 91), 43.147154052864849)
((48, 92), 49.396519867608546)
((48, 93), 49.952168270447167)
((48, 94), 51.433700399347487)
((48, 95), 49.748214154067142)
((48, 96), 50.411173601909063)
((48, 97), 50.137888923852422)
((48, 98), 53.340365523453791)
((48, 99), 49.422041834606688)
((49, 0), 48.915532930235052)
((49, 1), 50.187503283138319)
((49, 2), 49.067103773033296)
((49, 3), 49.95372854982665)
((49, 4), 48.205234244058701)
((49, 5), 50.368005584662704)
((49, 6), 50.505693912767299)
((49, 7), 49.102364302356207)
((49, 8), 53.551626635284094)
((49, 9), 53.925603020576936)
((49, 10), 50.090572736757053)
((49, 11), 53.34248409355417)
((49, 12), 50.325578573503378)
((49, 13), 48.064147327020443)
((49, 14), 47.695526441478606)
((49, 15), 49.719302057226017)
((49, 16), 51.982585107478997)
((49, 17), 48.713627423647779)
((49, 18), 51.874673180503088)
((49, 19), 51.014087385704634)
((49, 20), 53.306563192672343)
((49, 21), 48.26030430286275)
((49, 22), 47.742877531628736)
((49, 23), 50.570521371980789)
((49, 24), 48.198901351213713)
((49, 25), 44.547618780223573)
((49, 26), 49.744064505418699)
((49, 27), 49.526140948319437)
((49, 28), 51.7398430226757)
((49, 29), 50.52758383683102)
((49, 30), 48.673838809354933)
((49, 31), 49.27177008647665)
((49, 32), 55.222674569115945)
((49, 33), 50.591522723889469)
((49, 34), 51.086558024805271)
((49, 35), 48.67470759092437)
((49, 36), 51.93051411560252)
((49, 37), 47.657092215739638)
((49, 38), 48.412473867706026)
((49, 39), 48.61997803538307)
((49, 40), 48.753223888923898)
((49, 41), 52.676966700399184)
((49, 42), 48.073289694765798)
((49, 43), 48.37267898007903)
((49, 44), 49.375084194905504)
((49, 45), 51.671513112745259)
((49, 46), 47.010056494967671)
((49, 47), 49.765867992695775)
((49, 48), 49.232588464447872)
((49, 49), 49.123698296294208)
((49, 50), 47.373457995945728)
((49, 51), 49.409145589248965)
((49, 52), 50.572435966823463)
((49, 53), 50.940795513885647)
((49, 54), 44.695670750856763)
((49, 55), 51.267155088581518)
((49, 56), 49.883181390016006)
((49, 57), 45.361877087203247)
((49, 58), 50.081098322844248)
((49, 59), 51.22382222604223)
((49, 60), 52.801609951243883)
((49, 61), 49.794369709015299)
((49, 62), 50.051530473203123)
((49, 63), 44.270526773221476)
((49, 64), 51.515824558489925)
((49, 65), 49.630404332820483)
((49, 66), 47.312254921558093)
((49, 67), 47.051897941232951)
((49, 68), 50.429933364438909)
((49, 69), 50.290139881450877)
((49, 70), 49.331153819066515)
((49, 71), 52.459776982258418)
((49, 72), 51.78963930796337)
((49, 73), 50.292796702761052)
((49, 74), 48.212495200246408)
((49, 75), 48.749947814904054)
((49, 76), 50.930661221518719)
((49, 77), 48.718409771209934)
((49, 78), 50.426316227897217)
((49, 79), 47.247202590504614)
((49, 80), 54.238629487416503)
((49, 81), 53.710497212601922)
((49, 82), 50.333676219079223)
((49, 83), 49.808590751853046)
((49, 84), 48.270203273087375)
((49, 85), 49.169498613871838)
((49, 86), 48.377894345984387)
((49, 87), 49.723720387323439)
((49, 88), 48.285619026845751)
((49, 89), 51.842711809196445)
((49, 90), 50.475763486749997)
((49, 91), 45.737136962101559)
((49, 92), 50.973431204087277)
((49, 93), 52.406360289238236)
((49, 94), 50.6506483452726)
((49, 95), 50.28147982748623)
((49, 96), 52.203875779277411)
((49, 97), 49.86911169001587)
((49, 98), 52.465998502735431)
((49, 99), 52.543864219635878)
((50, 0), 49.0239560941626)
((50, 1), 46.277822550044363)
((50, 2), 48.599229233673967)
((50, 3), 48.07370728390282)
((50, 4), 51.306748939755444)
((50, 5), 48.366567797124503)
((50, 6), 52.733326918560209)
((50, 7), 49.121885083055716)
((50, 8), 54.646429394615808)
((50, 9), 55.894458720373692)
((50, 10), 47.64983178540416)
((50, 11), 52.566475473813881)
((50, 12), 49.699206903101739)
((50, 13), 46.600713800314011)
((50, 14), 47.015019589187574)
((50, 15), 49.856020509026223)
((50, 16), 49.491312342541498)
((50, 17), 48.116156444994544)
((50, 18), 52.805896589676806)
((50, 19), 48.718049313910129)
((50, 20), 52.015128706343788)
((50, 21), 48.945700211858394)
((50, 22), 48.876577125159784)
((50, 23), 51.514696709680713)
((50, 24), 47.590390487252535)
((50, 25), 45.440851252075412)
((50, 26), 54.159879204579426)
((50, 27), 49.177371003900916)
((50, 28), 48.76186799901113)
((50, 29), 46.75811820369033)
((50, 30), 49.067596718433123)
((50, 31), 48.445059925349739)
((50, 32), 51.272598329506735)
((50, 33), 54.509638820826723)
((50, 34), 51.314682652279004)
((50, 35), 50.113688471579735)
((50, 36), 48.730749964582969)
((50, 37), 46.198253171012141)
((50, 38), 49.34793935118816)
((50, 39), 48.801063966008648)
((50, 40), 47.195102672143136)
((50, 41), 50.764051153071875)
((50, 42), 48.382991349094162)
((50, 43), 50.99905978468977)
((50, 44), 48.157209925927816)
((50, 45), 51.50267048294063)
((50, 46), 46.842845335745963)
((50, 47), 46.448827217371047)
((50, 48), 47.651839590818341)
((50, 49), 48.718077051933946)
((50, 50), 47.592015595204671)
((50, 51), 46.564431702413032)
((50, 52), 47.017350795545966)
((50, 53), 50.160575015676251)
((50, 54), 47.429586149078048)
((50, 55), 52.864706495953023)
((50, 56), 50.313391918597723)
((50, 57), 46.939971613087607)
((50, 58), 51.597711988444843)
((50, 59), 49.293838051305165)
((50, 60), 50.521182932439871)
((50, 61), 47.317521094564384)
((50, 62), 47.840871045620609)
((50, 63), 45.436504559208657)
((50, 64), 49.210102452712277)
((50, 65), 50.570563744230661)
((50, 66), 47.882082899712614)
((50, 67), 46.596176610916302)
((50, 68), 51.586515575718828)
((50, 69), 50.110690961457806)
((50, 70), 48.194960982593159)
((50, 71), 51.569934624589521)
((50, 72), 48.113835955207257)
((50, 73), 49.858129208384696)
((50, 74), 47.236418204368462)
((50, 75), 50.097472502680972)
((50, 76), 51.946211816438222)
((50, 77), 48.823067255178515)
((50, 78), 50.669276569342742)
((50, 79), 45.062429159171529)
((50, 80), 52.491351965737572)
((50, 81), 52.435309484822454)
((50, 82), 48.73507964555391)
((50, 83), 52.575927962494859)
((50, 84), 47.608166654038641)
((50, 85), 49.549785901407148)
((50, 86), 49.341888609076989)
((50, 87), 48.879313687932189)
((50, 88), 46.18115458405947)
((50, 89), 52.479404142394017)
((50, 90), 48.463524933325687)
((50, 91), 47.455824467626073)
((50, 92), 51.736316879192202)
((50, 93), 50.220838022008145)
((50, 94), 50.324492347627569)
((50, 95), 52.089673500387988)
((50, 96), 51.956712045708997)
((50, 97), 52.376596296429724)
((50, 98), 52.626343285906785)
((50, 99), 49.720043180783605)
((51, 0), 49.0201162330697)
((51, 1), 49.047577495305006)
((51, 2), 47.068667975130253)
((51, 3), 47.331231565408487)
((51, 4), 50.245563499421095)
((51, 5), 49.170055877466289)
((51, 6), 49.384217059220624)
((51, 7), 51.405604757451975)
((51, 8), 51.200613242233956)
((51, 9), 52.20684830232203)
((51, 10), 46.281392810919016)
((51, 11), 52.125139715679083)
((51, 12), 49.340470737099793)
((51, 13), 48.212053639478356)
((51, 14), 47.67682105323658)
((51, 15), 48.172541088865188)
((51, 16), 50.640228052103467)
((51, 17), 46.895616018975439)
((51, 18), 49.119018206392568)
((51, 19), 49.787611696175233)
((51, 20), 51.700507944042783)
((51, 21), 46.7248419556106)
((51, 22), 46.805666658508066)
((51, 23), 49.581393621422016)
((51, 24), 46.613944575896767)
((51, 25), 45.581049521027012)
((51, 26), 52.166163330753633)
((51, 27), 47.677882084648417)
((51, 28), 51.024373854257846)
((51, 29), 49.831930647833772)
((51, 30), 48.519663731968301)
((51, 31), 46.667619867488668)
((51, 32), 53.639144686508175)
((51, 33), 49.740866236897844)
((51, 34), 49.824230359664185)
((51, 35), 49.311410626754181)
((51, 36), 47.850606218292086)
((51, 37), 46.6905963687922)
((51, 38), 46.373838308940996)
((51, 39), 47.003179497744121)
((51, 40), 45.251993549554541)
((51, 41), 48.565662922874999)
((51, 42), 45.267721513437664)
((51, 43), 49.964346733130533)
((51, 44), 50.099240311671757)
((51, 45), 52.779048113011541)
((51, 46), 45.662937694421231)
((51, 47), 46.075514250024469)
((51, 48), 48.86730722284176)
((51, 49), 46.125404667032768)
((51, 50), 47.127074690875446)
((51, 51), 48.714236548249545)
((51, 52), 48.71072681102153)
((51, 53), 50.601099061981373)
((51, 54), 47.123971595002857)
((51, 55), 50.372996056851875)
((51, 56), 47.710443019487727)
((51, 57), 44.866723919795263)
((51, 58), 51.311364708582119)
((51, 59), 47.212100793595404)
((51, 60), 47.682224306957593)
((51, 61), 47.250269401739473)
((51, 62), 49.596483617154718)
((51, 63), 46.051205031282521)
((51, 64), 49.128802953104092)
((51, 65), 47.94967770439284)
((51, 66), 46.72951216349329)
((51, 67), 44.864175229724751)
((51, 68), 49.255105741795177)
((51, 69), 48.82786310664774)
((51, 70), 50.270014374217347)
((51, 71), 52.142425542152857)
((51, 72), 50.948180897236455)
((51, 73), 49.851117794997933)
((51, 74), 47.571983514627689)
((51, 75), 51.681891125923812)
((51, 76), 50.481465037671654)
((51, 77), 46.772042646710148)
((51, 78), 50.29026182738869)
((51, 79), 47.024071003299852)
((51, 80), 52.254816098721477)
((51, 81), 51.932526706459356)
((51, 82), 49.029123182226343)
((51, 83), 50.434963636265962)
((51, 84), 48.338497423238763)
((51, 85), 46.015095114441394)
((51, 86), 49.918314567693905)
((51, 87), 47.680327770163089)
((51, 88), 45.000479394749377)
((51, 89), 51.495886034398296)
((51, 90), 47.686536184796147)
((51, 91), 45.061960807115597)
((51, 92), 49.738664817810673)
((51, 93), 51.080393032629622)
((51, 94), 48.854672871447342)
((51, 95), 49.665713676977809)
((51, 96), 49.96565157116089)
((51, 97), 51.155236510520908)
((51, 98), 51.646990056317705)
((51, 99), 51.14511095363239)
((52, 0), 52.754330866039936)
((52, 1), 51.026446751243157)
((52, 2), 50.697675023198684)
((52, 3), 52.530530139413614)
((52, 4), 51.862486111513661)
((52, 5), 53.10603760082347)
((52, 6), 55.412196228622207)
((52, 7), 53.71640263158065)
((52, 8), 58.051841694877567)
((52, 9), 57.152299038894355)
((52, 10), 51.823168312179362)
((52, 11), 56.847599260956486)
((52, 12), 54.119664084401812)
((52, 13), 51.48254213959359)
((52, 14), 50.997512335349171)
((52, 15), 51.941699351760363)
((52, 16), 54.446349133671106)
((52, 17), 51.517532673568425)
((52, 18), 54.191125953189477)
((52, 19), 54.105300431593307)
((52, 20), 56.821564927244268)
((52, 21), 49.297354909119029)
((52, 22), 53.981258261860191)
((52, 23), 52.765568989796606)
((52, 24), 50.766317762953271)
((52, 25), 48.745730532976722)
((52, 26), 54.927320715271094)
((52, 27), 53.169845177834027)
((52, 28), 55.622482798195676)
((52, 29), 51.409045910024716)
((52, 30), 50.462739530722352)
((52, 31), 52.284074438113066)
((52, 32), 56.649030132223047)
((52, 33), 52.535194408435963)
((52, 34), 54.010009301334378)
((52, 35), 52.761217369566424)
((52, 36), 51.374709488790344)
((52, 37), 50.82973983976305)
((52, 38), 52.010728286874397)
((52, 39), 52.600498210138298)
((52, 40), 50.722324681292541)
((52, 41), 58.233606280382958)
((52, 42), 50.747058572711239)
((52, 43), 53.319747930650699)
((52, 44), 51.912774834723095)
((52, 45), 54.621275698759931)
((52, 46), 48.598300012439296)
((52, 47), 51.300550527592151)
((52, 48), 52.3364329317263)
((52, 49), 52.269733313113335)
((52, 50), 49.167694634399624)
((52, 51), 51.691634555041141)
((52, 52), 52.242959760906949)
((52, 53), 53.587731709386546)
((52, 54), 51.68901561960768)
((52, 55), 52.969484810453352)
((52, 56), 52.474290168176843)
((52, 57), 49.708882267570871)
((52, 58), 55.029531235787353)
((52, 59), 52.114165736673471)
((52, 60), 55.709020447449817)
((52, 61), 51.871355756277254)
((52, 62), 53.143193290940786)
((52, 63), 50.677672223199806)
((52, 64), 53.87724702929021)
((52, 65), 53.631333934767454)
((52, 66), 51.998338685907498)
((52, 67), 49.695601756321025)
((52, 68), 55.224968470551872)
((52, 69), 50.922177185173823)
((52, 70), 51.964365034961773)
((52, 71), 54.886675669541972)
((52, 72), 52.671545171105187)
((52, 73), 55.027521330323488)
((52, 74), 50.886924313823215)
((52, 75), 52.840178154485628)
((52, 76), 54.16046211197353)
((52, 77), 52.303061530333437)
((52, 78), 54.117625271400577)
((52, 79), 51.348386883369038)
((52, 80), 56.519039295331353)
((52, 81), 55.236479767702058)
((52, 82), 55.385515561607427)
((52, 83), 54.893253564359554)
((52, 84), 51.549337413974882)
((52, 85), 53.129840033844793)
((52, 86), 50.455730407501051)
((52, 87), 52.075814413248509)
((52, 88), 50.31169945676298)
((52, 89), 55.585757928893415)
((52, 90), 51.678138346677478)
((52, 91), 47.851133489238876)
((52, 92), 55.116033068851522)
((52, 93), 54.012400003796287)
((52, 94), 54.605851487483847)
((52, 95), 53.508045330868853)
((52, 96), 56.614242642201773)
((52, 97), 56.374469837172754)
((52, 98), 55.183432937746886)
((52, 99), 55.247673525155626)
((53, 0), 53.785691290814498)
((53, 1), 50.935969283516563)
((53, 2), 51.569650272553972)
((53, 3), 51.951684599139988)
((53, 4), 54.30745532939995)
((53, 5), 55.064903041942344)
((53, 6), 55.711437422726291)
((53, 7), 54.693826806560253)
((53, 8), 58.36534332849952)
((53, 9), 58.097265635284543)
((53, 10), 51.24927080205164)
((53, 11), 58.301421750227092)
((53, 12), 54.061838028320381)
((53, 13), 52.427060514998935)
((53, 14), 52.874928475774766)
((53, 15), 56.000379407440931)
((53, 16), 53.644088526525138)
((53, 17), 52.798747912072784)
((53, 18), 54.082767114038347)
((53, 19), 53.952019649597709)
((53, 20), 58.306777102229155)
((53, 21), 52.272515256420263)
((53, 22), 51.480018597605351)
((53, 23), 55.691919831437957)
((53, 24), 51.93727231218881)
((53, 25), 46.979377565034895)
((53, 26), 56.806304945189183)
((53, 27), 54.391701122569806)
((53, 28), 55.181938221897667)
((53, 29), 51.871147686090062)
((53, 30), 53.764895162985411)
((53, 31), 54.934577550858172)
((53, 32), 55.721542962059388)
((53, 33), 53.447205415773553)
((53, 34), 57.234586479222223)
((53, 35), 55.060199569143819)
((53, 36), 50.961799405975547)
((53, 37), 52.401272228089752)
((53, 38), 52.887317044379529)
((53, 39), 53.338708257309776)
((53, 40), 52.257799444070024)
((53, 41), 54.999541884869743)
((53, 42), 50.134311541390353)
((53, 43), 53.032031377578441)
((53, 44), 52.240355454886938)
((53, 45), 56.990550886912771)
((53, 46), 51.231795028497487)
((53, 47), 48.706581722399811)
((53, 48), 51.423151260316928)
((53, 49), 50.363629344907586)
((53, 50), 49.684720527989406)
((53, 51), 48.728006685956608)
((53, 52), 52.053558813070879)
((53, 53), 55.224715968481725)
((53, 54), 48.59923033058331)
((53, 55), 53.13181379548687)
((53, 56), 52.8134140158364)
((53, 57), 47.010009122505878)
((53, 58), 53.851296409436415)
((53, 59), 54.59748566748884)
((53, 60), 54.272929505496052)
((53, 61), 51.767540957234495)
((53, 62), 53.802229929671171)
((53, 63), 49.636587138290523)
((53, 64), 55.235067116937223)
((53, 65), 54.020367760300012)
((53, 66), 51.626770852697533)
((53, 67), 49.593318954848414)
((53, 68), 54.557098577881874)
((53, 69), 51.483530463576415)
((53, 70), 52.742853582683189)
((53, 71), 54.588567218210713)
((53, 72), 54.586311964927006)
((53, 73), 53.233016353465942)
((53, 74), 52.078254628488729)
((53, 75), 52.230569528150895)
((53, 76), 54.984055054423628)
((53, 77), 50.084720081711694)
((53, 78), 55.781516947768374)
((53, 79), 51.014347175442197)
((53, 80), 55.440206120629654)
((53, 81), 57.737726270175841)
((53, 82), 53.884882968564924)
((53, 83), 55.038563403813249)
((53, 84), 51.963288688177826)
((53, 85), 51.104565448862317)
((53, 86), 52.374204428904804)
((53, 87), 53.786522365322405)
((53, 88), 49.635420235137772)
((53, 89), 58.224927704042074)
((53, 90), 53.179936491440778)
((53, 91), 48.98157021986448)
((53, 92), 56.762683325071244)
((53, 93), 54.804961185894285)
((53, 94), 54.694901526891265)
((53, 95), 55.771142670120398)
((53, 96), 57.687960780393979)
((53, 97), 56.745453668740524)
((53, 98), 59.681930487410924)
((53, 99), 56.146712795926213)
((54, 0), 52.106213627580146)
((54, 1), 50.391740019515098)
((54, 2), 49.065408554365575)
((54, 3), 49.434958033434214)
((54, 4), 53.018045970898442)
((54, 5), 51.810325691933045)
((54, 6), 52.350884994473482)
((54, 7), 51.714287178023902)
((54, 8), 54.243081274932891)
((54, 9), 56.782130438814328)
((54, 10), 50.003917564204784)
((54, 11), 54.123234909356299)
((54, 12), 50.64714213725324)
((54, 13), 50.09100683550156)
((54, 14), 48.659047971798387)
((54, 15), 50.46720988963169)
((54, 16), 50.83107563105483)
((54, 17), 49.301480968737401)
((54, 18), 52.944116669685961)
((54, 19), 52.802987308850163)
((54, 20), 52.587512851699564)
((54, 21), 50.084266140053607)
((54, 22), 50.655615273992993)
((54, 23), 50.241279777617535)
((54, 24), 49.688992747185438)
((54, 25), 44.108501184875152)
((54, 26), 53.94517599424659)
((54, 27), 50.376591946251153)
((54, 28), 52.9368885151192)
((54, 29), 51.962320559061794)
((54, 30), 48.10081944943235)
((54, 31), 47.950129582718453)
((54, 32), 52.994664098538919)
((54, 33), 54.286916041733541)
((54, 34), 53.130926602722283)
((54, 35), 52.148470956467406)
((54, 36), 51.004412057736033)
((54, 37), 49.615275470297945)
((54, 38), 48.799640404895385)
((54, 39), 52.280583446661943)
((54, 40), 51.439304355299278)
((54, 41), 52.022715770876466)
((54, 42), 49.558160223969423)
((54, 43), 50.974420290984391)
((54, 44), 49.960899693632044)
((54, 45), 54.377837991544723)
((54, 46), 49.035877962514995)
((54, 47), 47.791176866574688)
((54, 48), 50.140674603866806)
((54, 49), 48.100681217762599)
((54, 50), 48.203567227151467)
((54, 51), 51.764293054601708)
((54, 52), 51.684174408438238)
((54, 53), 54.719396637872421)
((54, 54), 48.510447207003608)
((54, 55), 52.359620124398333)
((54, 56), 52.118173752199098)
((54, 57), 46.003935909186495)
((54, 58), 52.06028215254188)
((54, 59), 51.617368938015588)
((54, 60), 52.873178561992965)
((54, 61), 49.858690546200791)
((54, 62), 51.449569937116664)
((54, 63), 47.041604617633446)
((54, 64), 52.791217107117888)
((54, 65), 50.33771937960563)
((54, 66), 48.512438490570247)
((54, 67), 46.910566018115688)
((54, 68), 53.60048437592431)
((54, 69), 49.92509359878818)
((54, 70), 52.344186686457817)
((54, 71), 54.104227715039201)
((54, 72), 50.79552957217647)
((54, 73), 51.904838764522985)
((54, 74), 49.946837246731931)
((54, 75), 53.440408433019797)
((54, 76), 52.692198241752948)
((54, 77), 46.585509080396506)
((54, 78), 53.413364301666661)
((54, 79), 48.801151252035154)
((54, 80), 55.125619228627791)
((54, 81), 54.916811578259612)
((54, 82), 48.833672341582506)
((54, 83), 53.604293274178033)
((54, 84), 48.483581090912864)
((54, 85), 49.532747623895233)
((54, 86), 50.410289838954427)
((54, 87), 48.28136278233076)
((54, 88), 45.927825561907568)
((54, 89), 56.497569809505265)
((54, 90), 49.38134014361853)
((54, 91), 48.395822756600921)
((54, 92), 53.886771694222546)
((54, 93), 52.471093539964713)
((54, 94), 53.161188605461888)
((54, 95), 51.766793938670929)
((54, 96), 53.670520053346038)
((54, 97), 52.704700954377458)
((54, 98), 55.499760113269431)
((54, 99), 54.411582744367465)
((55, 0), 52.876354785718128)
((55, 1), 52.166318840656928)
((55, 2), 52.315269537671767)
((55, 3), 53.165041162082744)
((55, 4), 53.384818927299271)
((55, 5), 53.100076152996209)
((55, 6), 55.881818637982398)
((55, 7), 55.149482533544173)
((55, 8), 58.616033371281439)
((55, 9), 57.692626358879011)
((55, 10), 49.885369315175176)
((55, 11), 56.011559061345523)
((55, 12), 52.678366720471452)
((55, 13), 52.064643514513151)
((55, 14), 53.280148448073874)
((55, 15), 54.265725455409111)
((55, 16), 52.399066696578046)
((55, 17), 50.905936563902642)
((55, 18), 53.015175736525052)
((55, 19), 55.186725356209188)
((55, 20), 57.759822788319454)
((55, 21), 49.646657608638293)
((55, 22), 53.455464054320274)
((55, 23), 53.844632815762168)
((55, 24), 52.498809358463618)
((55, 25), 48.322136634708727)
((55, 26), 54.723152036033547)
((55, 27), 52.634649618804545)
((55, 28), 54.337252364674164)
((55, 29), 54.561429213668873)
((55, 30), 49.730380420779156)
((55, 31), 50.761523472257295)
((55, 32), 57.09435602467326)
((55, 33), 53.969766803692124)
((55, 34), 53.938047255095583)
((55, 35), 55.510753196895529)
((55, 36), 53.313546937293779)
((55, 37), 49.525953593075023)
((55, 38), 52.576882529775958)
((55, 39), 50.231297442818672)
((55, 40), 51.784894218987745)
((55, 41), 55.88514259197968)
((55, 42), 51.457428225897551)
((55, 43), 52.607197198552029)
((55, 44), 53.174329338339476)
((55, 45), 55.633449095985839)
((55, 46), 51.124691879077218)
((55, 47), 51.428226599674659)
((55, 48), 52.158743305399454)
((55, 49), 52.531321741956631)
((55, 50), 49.761140401616174)
((55, 51), 49.837402610547691)
((55, 52), 52.411654394388734)
((55, 53), 54.661767265364759)
((55, 54), 48.810586461712766)
((55, 55), 53.768021842359609)
((55, 56), 52.984333652962121)
((55, 57), 47.739516626932698)
((55, 58), 54.804497355508673)
((55, 59), 52.709364345363021)
((55, 60), 55.275931738255878)
((55, 61), 51.536633364936399)
((55, 62), 53.26816989216843)
((55, 63), 49.977312950499766)
((55, 64), 55.438806774312951)
((55, 65), 52.132814822531515)
((55, 66), 52.001449504837282)
((55, 67), 48.381397654823587)
((55, 68), 55.36702849418527)
((55, 69), 52.069529877155844)
((55, 70), 53.28468248924419)
((55, 71), 54.30709703161105)
((55, 72), 53.782169175649663)
((55, 73), 53.587295582104304)
((55, 74), 51.899480380749083)
((55, 75), 55.667176888684658)
((55, 76), 57.088486219726541)
((55, 77), 48.904074675262734)
((55, 78), 55.152895721325891)
((55, 79), 50.139663633348235)
((55, 80), 57.091853883147962)
((55, 81), 55.099600313010491)
((55, 82), 52.473538429194747)
((55, 83), 53.65692772061027)
((55, 84), 52.7198295214437)
((55, 85), 51.922181317231761)
((55, 86), 51.483496228531578)
((55, 87), 52.344149710044967)
((55, 88), 49.563512565091884)
((55, 89), 56.389577729508545)
((55, 90), 52.688672287424914)
((55, 91), 50.890932365975921)
((55, 92), 56.584854606177856)
((55, 93), 55.178031163479936)
((55, 94), 55.743293169078058)
((55, 95), 54.324665133913768)
((55, 96), 56.120072630729524)
((55, 97), 55.996026583538388)
((55, 98), 57.196861881039439)
((55, 99), 54.902575178994958)
((56, 0), 49.96989722577986)
((56, 1), 47.721008606612358)
((56, 2), 48.873626203932218)
((56, 3), 51.081159407407696)
((56, 4), 49.993850445138939)
((56, 5), 49.279408202064822)
((56, 6), 51.139590958298911)
((56, 7), 48.512246314238197)
((56, 8), 54.532512643304656)
((56, 9), 52.996979471371681)
((56, 10), 48.904711366715695)
((56, 11), 52.565075310787925)
((56, 12), 48.523285411449031)
((56, 13), 48.560170782747214)
((56, 14), 47.784809740912252)
((56, 15), 50.791675811681039)
((56, 16), 53.053240574954273)
((56, 17), 48.054579322784072)
((56, 18), 51.991329684604466)
((56, 19), 52.986353023685979)
((56, 20), 50.744259783455476)
((56, 21), 48.85530382306181)
((56, 22), 48.334703590845137)
((56, 23), 51.535350624069196)
((56, 24), 48.831558867664754)
((56, 25), 44.944352220172327)
((56, 26), 51.498027758176526)
((56, 27), 51.303510036935293)
((56, 28), 52.657584064963146)
((56, 29), 52.075073193995593)
((56, 30), 50.397550528829626)
((56, 31), 47.72521296084021)
((56, 32), 54.799345143443645)
((56, 33), 51.475434222123262)
((56, 34), 49.801502203773623)
((56, 35), 47.787479013671032)
((56, 36), 50.726133123487507)
((56, 37), 47.022220546630876)
((56, 38), 49.521739317803906)
((56, 39), 48.52903656695355)
((56, 40), 47.443830178543124)
((56, 41), 51.617533202096475)
((56, 42), 48.645588904602519)
((56, 43), 48.133790171461236)
((56, 44), 49.590291063267685)
((56, 45), 49.685317175601689)
((56, 46), 47.047055757418704)
((56, 47), 47.682508346356613)
((56, 48), 49.233851383214315)
((56, 49), 47.940665605471807)
((56, 50), 46.824077198471961)
((56, 51), 51.225325112293554)
((56, 52), 49.5033550373861)
((56, 53), 53.227160310095542)
((56, 54), 46.939977200812358)
((56, 55), 51.098351977014204)
((56, 56), 53.086024893169352)
((56, 57), 44.731330943631228)
((56, 58), 53.144640510721359)
((56, 59), 50.380057557503704)
((56, 60), 52.79459536588152)
((56, 61), 50.440182650777956)
((56, 62), 50.561216286612662)
((56, 63), 48.285000847404433)
((56, 64), 51.303343676424561)
((56, 65), 50.97976498379694)
((56, 66), 47.971686890032757)
((56, 67), 47.059102266222176)
((56, 68), 51.563104232409671)
((56, 69), 51.174627433483806)
((56, 70), 49.357036775213516)
((56, 71), 52.091054796504807)
((56, 72), 50.199737552368546)
((56, 73), 50.868988423225609)
((56, 74), 47.174716295437683)
((56, 75), 51.685547183858951)
((56, 76), 51.089163591243441)
((56, 77), 49.080060361579193)
((56, 78), 50.308645030036431)
((56, 79), 48.17208290867076)
((56, 80), 55.145304526939071)
((56, 81), 52.888104607109511)
((56, 82), 51.725880795078822)
((56, 83), 48.73525301395852)
((56, 84), 49.869329970288028)
((56, 85), 48.379760149158798)
((56, 86), 48.649702661173194)
((56, 87), 49.069497366491788)
((56, 88), 45.821115720911173)
((56, 89), 54.219529855512377)
((56, 90), 50.793708541186895)
((56, 91), 45.199520083802724)
((56, 92), 53.353274855058494)
((56, 93), 49.70520948456997)
((56, 94), 53.861028840220726)
((56, 95), 50.502371340310951)
((56, 96), 49.788189362775967)
((56, 97), 54.158165031396727)
((56, 98), 55.181897600731759)
((56, 99), 52.605493129762451)
((57, 0), 50.312879320269815)
((57, 1), 50.695499432322464)
((57, 2), 49.898351400994386)
((57, 3), 48.932832222463979)
((57, 4), 47.512484317611268)
((57, 5), 50.873371331894468)
((57, 6), 53.049200731078955)
((57, 7), 51.461360632995635)
((57, 8), 53.592498652067341)
((57, 9), 56.104498574167621)
((57, 10), 50.723696873061044)
((57, 11), 54.435452311773787)
((57, 12), 51.039662490951642)
((57, 13), 48.178164824826681)
((57, 14), 50.483650999131484)
((57, 15), 51.663277827693818)
((57, 16), 52.370653762855213)
((57, 17), 48.528187865850903)
((57, 18), 52.180445544779843)
((57, 19), 50.097737823384179)
((57, 20), 53.163946264461885)
((57, 21), 48.703338872959257)
((57, 22), 48.935540795372475)
((57, 23), 51.18521463802508)
((57, 24), 48.960586931239575)
((57, 25), 43.610355678491899)
((57, 26), 52.666842536544493)
((57, 27), 50.862628594581324)
((57, 28), 52.699260339781191)
((57, 29), 52.330084734365819)
((57, 30), 49.248559983253543)
((57, 31), 49.100684206279851)
((57, 32), 54.110074967707178)
((57, 33), 52.925215354015656)
((57, 34), 48.016487346045665)
((57, 35), 50.443380385661868)
((57, 36), 51.407288086310984)
((57, 37), 49.329475329377992)
((57, 38), 49.407495585245528)
((57, 39), 49.976084598163865)
((57, 40), 47.663409044385119)
((57, 41), 52.33537550493768)
((57, 42), 49.995042556552853)
((57, 43), 50.587810493735191)
((57, 44), 50.717920495340195)
((57, 45), 52.314220711434089)
((57, 46), 47.307609188476953)
((57, 47), 46.574458877928237)
((57, 48), 49.658381215034723)
((57, 49), 50.322350495968081)
((57, 50), 47.519530635015478)
((57, 51), 48.006107582313518)
((57, 52), 49.586942659147333)
((57, 53), 50.951977251859915)
((57, 54), 47.096026698980275)
((57, 55), 51.255589791887324)
((57, 56), 50.598128420357781)
((57, 57), 46.20763281940674)
((57, 58), 52.58219633040126)
((57, 59), 52.851792914284424)
((57, 60), 50.921866657862083)
((57, 61), 47.406440352520512)
((57, 62), 51.79589190997082)
((57, 63), 49.667976199890759)
((57, 64), 52.744278496337898)
((57, 65), 50.748707601901764)
((57, 66), 49.619849408510476)
((57, 67), 45.377991653332273)
((57, 68), 53.167585201991479)
((57, 69), 49.883311983887992)
((57, 70), 50.91341217465714)
((57, 71), 50.962993541797275)
((57, 72), 51.271163969452601)
((57, 73), 50.211837046943799)
((57, 74), 49.582020775483002)
((57, 75), 52.339317741397736)
((57, 76), 52.087390093523808)
((57, 77), 47.347816658068588)
((57, 78), 52.575526932000287)
((57, 79), 47.012466204664008)
((57, 80), 54.95574755091166)
((57, 81), 52.456950770940594)
((57, 82), 48.864560845183917)
((57, 83), 52.101465325967283)
((57, 84), 50.136600620732978)
((57, 85), 47.790650163138949)
((57, 86), 50.660245227516768)
((57, 87), 51.104815389245985)
((57, 88), 47.356039583928258)
((57, 89), 53.801783354251825)
((57, 90), 50.090674430312475)
((57, 91), 46.685893792191578)
((57, 92), 54.16980447860076)
((57, 93), 48.750828356119754)
((57, 94), 51.291000976919165)
((57, 95), 48.125540242178289)
((57, 96), 51.793130301527604)
((57, 97), 51.100692266421561)
((57, 98), 54.443179191699699)
((57, 99), 54.408152014862708)
((58, 0), 51.569017119658213)
((58, 1), 51.239910787192393)
((58, 2), 53.002674986486788)
((58, 3), 53.565051266743879)
((58, 4), 52.18368374946958)
((58, 5), 52.691365854071108)
((58, 6), 55.87188957904138)
((58, 7), 53.928840407961971)
((58, 8), 56.065272063305862)
((58, 9), 58.168352244944302)
((58, 10), 50.182973006113144)
((58, 11), 54.34861880994815)
((58, 12), 54.029735456967096)
((58, 13), 50.84578229877512)
((58, 14), 52.791468440842237)
((58, 15), 55.191431297564364)
((58, 16), 54.886651596455479)
((58, 17), 49.879233260761076)
((58, 18), 55.605608592001161)
((58, 19), 54.550900373032633)
((58, 20), 57.485870533820261)
((58, 21), 50.159113549060123)
((58, 22), 51.504834088646703)
((58, 23), 55.1657777572903)
((58, 24), 52.322809217596784)
((58, 25), 48.125909075893091)
((58, 26), 53.529569960165389)
((58, 27), 51.206905294342604)
((58, 28), 55.125644004519827)
((58, 29), 51.574323256048487)
((58, 30), 52.771282533624344)
((58, 31), 50.996463351924945)
((58, 32), 57.048172721908273)
((58, 33), 56.756136498342443)
((58, 34), 55.743357779573174)
((58, 35), 55.368037924624041)
((58, 36), 52.168356105829503)
((58, 37), 53.234558459250771)
((58, 38), 52.018120193492614)
((58, 39), 52.089158100200585)
((58, 40), 51.551674279223256)
((58, 41), 54.305329482152025)
((58, 42), 51.680505561140549)
((58, 43), 52.822168237914155)
((58, 44), 53.233909642809053)
((58, 45), 55.77909224470875)
((58, 46), 48.104517335644857)
((58, 47), 49.612388687049631)
((58, 48), 52.553927434514335)
((58, 49), 51.918032732824329)
((58, 50), 51.689375503304404)
((58, 51), 50.310092703133364)
((58, 52), 51.767239284814238)
((58, 53), 55.036097797502968)
((58, 54), 52.724783115524652)
((58, 55), 52.378396934192843)
((58, 56), 53.961328962012132)
((58, 57), 48.124039687188315)
((58, 58), 52.083978896255196)
((58, 59), 53.417370094845879)
((58, 60), 56.21535209601501)
((58, 61), 50.3561207976772)
((58, 62), 53.242832863796082)
((58, 63), 50.403386824795227)
((58, 64), 56.019037975070859)
((58, 65), 52.102064524149185)
((58, 66), 51.420497629820801)
((58, 67), 49.865942851875957)
((58, 68), 56.241729494576973)
((58, 69), 51.013224059922678)
((58, 70), 54.657713380854474)
((58, 71), 56.098328830142634)
((58, 72), 51.955075739278698)
((58, 73), 56.066767174680038)
((58, 74), 52.384209481142598)
((58, 75), 54.855128687147193)
((58, 76), 55.31350710988113)
((58, 77), 49.697485101885334)
((58, 78), 52.94766628837435)
((58, 79), 48.524450952431067)
((58, 80), 57.271821275581388)
((58, 81), 55.777893972281824)
((58, 82), 55.2826912206259)
((58, 83), 55.85665976356362)
((58, 84), 50.792006913244279)
((58, 85), 51.604013587817519)
((58, 86), 52.190804756130404)
((58, 87), 52.93331857956953)
((58, 88), 51.229312072167531)
((58, 89), 57.564374415901213)
((58, 90), 52.76167788122595)
((58, 91), 49.751112998499039)
((58, 92), 55.35416935010106)
((58, 93), 53.338026388508524)
((58, 94), 54.73838765355589)
((58, 95), 53.917164048392408)
((58, 96), 54.504385493058564)
((58, 97), 54.261658190242628)
((58, 98), 57.168066529629236)
((58, 99), 57.09294163130339)
((59, 0), 48.153371723449709)
((59, 1), 46.633480800455558)
((59, 2), 46.062180398544506)
((59, 3), 48.688878964055021)
((59, 4), 46.75791900683565)
((59, 5), 48.408226024210876)
((59, 6), 49.335286598876166)
((59, 7), 44.865529958462588)
((59, 8), 50.535566946939632)
((59, 9), 49.728857870776594)
((59, 10), 45.96908685893807)
((59, 11), 51.294010537088667)
((59, 12), 46.89116064228741)
((59, 13), 44.154321675284542)
((59, 14), 47.871724699092873)
((59, 15), 48.391792069402428)
((59, 16), 49.104355419995997)
((59, 17), 48.480817280975614)
((59, 18), 48.142999147441628)
((59, 19), 50.211898289346721)
((59, 20), 49.583655137544909)
((59, 21), 46.604730446797468)
((59, 22), 47.802859177192829)
((59, 23), 48.142990129582444)
((59, 24), 46.684398137047999)
((59, 25), 43.288701729201414)
((59, 26), 49.18134303035248)
((59, 27), 46.956338706359674)
((59, 28), 49.822859670840693)
((59, 29), 48.064144772873647)
((59, 30), 46.312498122071304)
((59, 31), 47.813131482531645)
((59, 32), 53.08626319426449)
((59, 33), 49.520556319243624)
((59, 34), 47.997833856654779)
((59, 35), 46.846636646081777)
((59, 36), 47.416591508854012)
((59, 37), 46.153293541467256)
((59, 38), 46.122844978342357)
((59, 39), 47.025818750590382)
((59, 40), 48.881618658955318)
((59, 41), 49.857489630705253)
((59, 42), 46.35985516665761)
((59, 43), 46.916505553188841)
((59, 44), 47.91283581676727)
((59, 45), 49.678081896341141)
((59, 46), 45.860374530112026)
((59, 47), 45.185911910543609)
((59, 48), 49.715773271457842)
((59, 49), 45.890715227770563)
((59, 50), 43.934837166336905)
((59, 51), 46.976224692106683)
((59, 52), 47.123644273154284)
((59, 53), 50.42221928664933)
((59, 54), 44.61596087528298)
((59, 55), 48.937509614543274)
((59, 56), 47.675907224512244)
((59, 57), 44.04157392608986)
((59, 58), 50.494467541071316)
((59, 59), 47.641500829319853)
((59, 60), 48.60048845119347)
((59, 61), 45.761178611017975)
((59, 62), 47.458250639732668)
((59, 63), 46.45474479919767)
((59, 64), 48.3177542293801)
((59, 65), 49.336976968426939)
((59, 66), 44.887580114423642)
((59, 67), 45.108080659507372)
((59, 68), 48.88874178766676)
((59, 69), 47.169709034115144)
((59, 70), 45.394436042517732)
((59, 71), 49.696620382717299)
((59, 72), 47.121553084506715)
((59, 73), 48.83236156491202)
((59, 74), 46.332878747392485)
((59, 75), 47.052296645094941)
((59, 76), 49.338462253307362)
((59, 77), 47.798690037094161)
((59, 78), 48.143316065158139)
((59, 79), 46.38038350641073)
((59, 80), 50.715104854846004)
((59, 81), 49.358069401461009)
((59, 82), 48.407538889398339)
((59, 83), 48.946308339173754)
((59, 84), 46.558570274085739)
((59, 85), 44.930140195112884)
((59, 86), 46.631304804212931)
((59, 87), 48.213473346479148)
((59, 88), 45.313061388093715)
((59, 89), 52.450415659118164)
((59, 90), 44.588819342731078)
((59, 91), 42.332634346940189)
((59, 92), 49.445711870292094)
((59, 93), 49.885134539958081)
((59, 94), 50.415757083613457)
((59, 95), 48.200846783554752)
((59, 96), 48.921747238157636)
((59, 97), 48.292775481896768)
((59, 98), 49.730209884829328)
((59, 99), 49.089126008454045)
((60, 0), 51.977605693554118)
((60, 1), 49.896664894407252)
((60, 2), 48.409886625932714)
((60, 3), 50.673783429408367)
((60, 4), 50.530689941144246)
((60, 5), 52.89785026204116)
((60, 6), 53.168245476003129)
((60, 7), 50.862532961985373)
((60, 8), 54.040184427633676)
((60, 9), 56.99384361590274)
((60, 10), 51.094894230494589)
((60, 11), 54.508995172913288)
((60, 12), 51.857484296229266)
((60, 13), 50.347715164817913)
((60, 14), 52.708603954357763)
((60, 15), 53.729809862605293)
((60, 16), 53.483943792261144)
((60, 17), 51.696616082717753)
((60, 18), 55.49339408114907)
((60, 19), 53.166348756107062)
((60, 20), 55.897308651188084)
((60, 21), 52.237745586140839)
((60, 22), 50.379598665350798)
((60, 23), 51.56832424120212)
((60, 24), 51.273729866257241)
((60, 25), 46.851598011810388)
((60, 26), 54.42063377892778)
((60, 27), 51.566472306742476)
((60, 28), 55.040889551809727)
((60, 29), 51.661152444496487)
((60, 30), 52.07441016083969)
((60, 31), 51.288779850024973)
((60, 32), 55.982569677238828)
((60, 33), 55.028625145357211)
((60, 34), 54.842732553487195)
((60, 35), 51.266469786783972)
((60, 36), 50.495643664805925)
((60, 37), 49.192143358899571)
((60, 38), 51.111920162163443)
((60, 39), 51.920537142498844)
((60, 40), 48.300580580351124)
((60, 41), 54.639948178987673)
((60, 42), 50.986115167661325)
((60, 43), 50.709169259756159)
((60, 44), 51.533558378595835)
((60, 45), 54.611836142875262)
((60, 46), 48.842523760312879)
((60, 47), 49.415839250694134)
((60, 48), 49.622009463487991)
((60, 49), 53.739598785931548)
((60, 50), 49.517461318231426)
((60, 51), 47.246702398922658)
((60, 52), 49.422399964615877)
((60, 53), 53.211080366922928)
((60, 54), 47.894157945562682)
((60, 55), 56.072839146386201)
((60, 56), 51.118004874923258)
((60, 57), 47.65916245570186)
((60, 58), 51.503308332337902)
((60, 59), 51.950885876752317)
((60, 60), 54.506009847415129)
((60, 61), 49.388689426891837)
((60, 62), 52.525858649742027)
((60, 63), 48.06211399074229)
((60, 64), 50.775353080542018)
((60, 65), 53.357381549167101)
((60, 66), 50.664261753092212)
((60, 67), 47.837740390787197)
((60, 68), 53.607765182803448)
((60, 69), 50.66367352394262)
((60, 70), 51.179198491057619)
((60, 71), 53.82259604521105)
((60, 72), 51.849138218576144)
((60, 73), 52.825507188149054)
((60, 74), 50.914400159543938)
((60, 75), 51.493515284134148)
((60, 76), 54.207705413415937)
((60, 77), 51.166566459781428)
((60, 78), 52.697567141585075)
((60, 79), 47.554105891278766)
((60, 80), 57.462421528009941)
((60, 81), 54.305526457357885)
((60, 82), 52.324452557118661)
((60, 83), 52.513167960524626)
((60, 84), 50.36317702071981)
((60, 85), 50.897783261347897)
((60, 86), 52.594359424332062)
((60, 87), 52.349197541288191)
((60, 88), 50.274812158455504)
((60, 89), 55.933011647090467)
((60, 90), 49.772900345436383)
((60, 91), 48.733333254546174)
((60, 92), 54.255952373389171)
((60, 93), 54.328264701801757)
((60, 94), 53.934704620514495)
((60, 95), 53.543491487988852)
((60, 96), 54.461460360026521)
((60, 97), 53.244056069961118)
((60, 98), 56.596485605547009)
((60, 99), 53.488217714124048)
((61, 0), 50.171833887151209)
((61, 1), 51.476786287861962)
((61, 2), 49.874365479081035)
((61, 3), 53.676994568220003)
((61, 4), 53.317618786141139)
((61, 5), 50.350849208379387)
((61, 6), 54.974309730754698)
((61, 7), 52.407652358203478)
((61, 8), 55.348715092938249)
((61, 9), 55.988095444705976)
((61, 10), 48.002236148651384)
((61, 11), 54.07046716430532)
((61, 12), 50.650285905281009)
((61, 13), 49.977221136192249)
((61, 14), 48.708768998745001)
((61, 15), 52.852666517770302)
((61, 16), 53.297187143007356)
((61, 17), 50.351092778813815)
((61, 18), 53.132823090830833)
((61, 19), 52.81986860000805)
((61, 20), 56.982269920710813)
((61, 21), 52.422264946102402)
((61, 22), 49.10277312293087)
((61, 23), 55.805844325429732)
((61, 24), 52.640048596648029)
((61, 25), 45.492527433833402)
((61, 26), 54.277980446984948)
((61, 27), 52.637263095745496)
((61, 28), 54.111862190159528)
((61, 29), 49.762051555618463)
((61, 30), 50.812845825743608)
((61, 31), 50.227079323737676)
((61, 32), 55.801383511172659)
((61, 33), 54.059980213820708)
((61, 34), 52.540164219227677)
((61, 35), 50.556605337330055)
((61, 36), 52.051289789142857)
((61, 37), 49.857375973171827)
((61, 38), 50.629246230411617)
((61, 39), 51.114942654503523)
((61, 40), 50.302892302466063)
((61, 41), 50.588798774653355)
((61, 42), 51.595782704231738)
((61, 43), 49.39731913382483)
((61, 44), 53.312148241866737)
((61, 45), 52.757754779065536)
((61, 46), 49.339517305101523)
((61, 47), 48.461921351559582)
((61, 48), 51.243080123157569)
((61, 49), 50.77429367804676)
((61, 50), 50.414440937237814)
((61, 51), 48.459336157224783)
((61, 52), 49.594723417370048)
((61, 53), 53.370982173069301)
((61, 54), 50.547808853026872)
((61, 55), 52.174133670037598)
((61, 56), 52.466824774278862)
((61, 57), 46.055742911850601)
((61, 58), 50.267298192870186)
((61, 59), 52.377104824328555)
((61, 60), 53.865327125391744)
((61, 61), 53.433775835704886)
((61, 62), 50.070815345442853)
((61, 63), 47.467544345635083)
((61, 64), 54.510007621908485)
((61, 65), 52.279080807217738)
((61, 66), 49.713716623659266)
((61, 67), 46.671230190232883)
((61, 68), 53.807137818206712)
((61, 69), 50.791244482167826)
((61, 70), 50.456014433078366)
((61, 71), 54.331093099829872)
((61, 72), 51.388576192135773)
((61, 73), 53.057336226923582)
((61, 74), 50.91526097783958)
((61, 75), 54.441039105380597)
((61, 76), 51.831258028915904)
((61, 77), 48.616121656813391)
((61, 78), 52.302061744340726)
((61, 79), 48.021667817387595)
((61, 80), 56.605436884370583)
((61, 81), 56.916987118699097)
((61, 82), 50.809923162714647)
((61, 83), 52.68756752089277)
((61, 84), 47.747898653550514)
((61, 85), 49.187982432609253)
((61, 86), 50.601187231727152)
((61, 87), 50.324754087323946)
((61, 88), 47.367526699598443)
((61, 89), 54.134581754748943)
((61, 90), 51.565113473723784)
((61, 91), 48.240501917034834)
((61, 92), 53.452608716863082)
((61, 93), 51.456611988777574)
((61, 94), 52.495392057952564)
((61, 95), 53.685381617059349)
((61, 96), 54.970120953552531)
((61, 97), 54.530598709900872)
((61, 98), 55.358186740393265)
((61, 99), 53.544114375100349)
((62, 0), 49.886741716221145)
((62, 1), 48.755756487758937)
((62, 2), 47.121503467263466)
((62, 3), 52.387712844688679)
((62, 4), 50.653004057838615)
((62, 5), 51.580346407934272)
((62, 6), 54.701147360952689)
((62, 7), 51.232853088186197)
((62, 8), 54.190900518153342)
((62, 9), 53.158626999551899)
((62, 10), 49.807661186275922)
((62, 11), 51.127651883205814)
((62, 12), 51.059111317564174)
((62, 13), 47.336114469386956)
((62, 14), 48.552373530330215)
((62, 15), 52.125592224303233)
((62, 16), 51.314859249530585)
((62, 17), 49.373941172908751)
((62, 18), 53.691810476070629)
((62, 19), 50.42439141640034)
((62, 20), 53.266804109852906)
((62, 21), 49.396040635845289)
((62, 22), 50.895992605272127)
((62, 23), 50.773840655630778)
((62, 24), 47.152728357098347)
((62, 25), 46.519618656758887)
((62, 26), 53.230051591133687)
((62, 27), 49.682349007503262)
((62, 28), 52.774356040024301)
((62, 29), 48.218404204272204)
((62, 30), 52.513319660766548)
((62, 31), 47.419757003978063)
((62, 32), 53.44103561210953)
((62, 33), 50.251268227842573)
((62, 34), 50.926863512520555)
((62, 35), 50.534816881858255)
((62, 36), 52.25823241284138)
((62, 37), 48.508878945566131)
((62, 38), 48.224724649151028)
((62, 39), 50.659884697778054)
((62, 40), 45.671921902917482)
((62, 41), 51.995684835357466)
((62, 42), 48.206284183232896)
((62, 43), 50.780397046330222)
((62, 44), 52.680281161698197)
((62, 45), 53.617139116579551)
((62, 46), 47.60706279948009)
((62, 47), 47.828648063751515)
((62, 48), 50.251928812708705)
((62, 49), 51.034752671019334)
((62, 50), 47.806412641147602)
((62, 51), 50.945756405184092)
((62, 52), 49.747498319965331)
((62, 53), 53.10396902341629)
((62, 54), 47.91606034607014)
((62, 55), 52.405898941669179)
((62, 56), 50.643984450645164)
((62, 57), 45.764834771839233)
((62, 58), 51.876697811468304)
((62, 59), 50.718940070816046)
((62, 60), 50.958583617330191)
((62, 61), 49.517508383920003)
((62, 62), 50.939839082368195)
((62, 63), 48.337233615239569)
((62, 64), 50.505961461552396)
((62, 65), 49.976614823821762)
((62, 66), 48.98962798138237)
((62, 67), 45.047336258362655)
((62, 68), 52.61819151074144)
((62, 69), 49.210979001490827)
((62, 70), 47.629761613808611)
((62, 71), 54.942883525650586)
((62, 72), 48.813703935063558)
((62, 73), 50.143650423524647)
((62, 74), 50.465035495765427)
((62, 75), 51.951999698158104)
((62, 76), 52.293341969111218)
((62, 77), 48.254709766568574)
((62, 78), 53.595972917017697)
((62, 79), 48.999682461007509)
((62, 80), 54.537121498407927)
((62, 81), 53.975004989313774)
((62, 82), 49.412247526431344)
((62, 83), 49.632472339603154)
((62, 84), 49.759085293672143)
((62, 85), 47.440575581635372)
((62, 86), 50.340354946934539)
((62, 87), 50.465852220680809)
((62, 88), 45.532252046364249)
((62, 89), 53.204384435304313)
((62, 90), 47.968433590704613)
((62, 91), 47.532286358217483)
((62, 92), 52.666675486262321)
((62, 93), 51.37003924942978)
((62, 94), 53.691604098376828)
((62, 95), 51.189339317630633)
((62, 96), 51.801879533343893)
((62, 97), 53.959484675768913)
((62, 98), 53.031373847399351)
((62, 99), 51.532018542100616)
((63, 0), 49.13231950066529)
((63, 1), 50.448294703013325)
((63, 2), 47.934245394077053)
((63, 3), 51.681568319527621)
((63, 4), 53.17536084663594)
((63, 5), 52.413717289076772)
((63, 6), 52.747891244109617)
((63, 7), 50.172932779283038)
((63, 8), 53.66529311353333)
((63, 9), 54.490558275160367)
((63, 10), 52.69920619417524)
((63, 11), 54.899942596872279)
((63, 12), 52.529722414456245)
((63, 13), 46.278715666835836)
((63, 14), 50.179831748359938)
((63, 15), 52.661867749180786)
((63, 16), 51.637382145572289)
((63, 17), 50.881782441276641)
((63, 18), 51.051666195299042)
((63, 19), 53.967184065249128)
((63, 20), 53.221597838564549)
((63, 21), 49.306752871529795)
((63, 22), 51.951086037785423)
((63, 23), 53.346731486425526)
((63, 24), 50.499956239810572)
((63, 25), 47.985772992555738)
((63, 26), 52.489343547235173)
((63, 27), 51.539352294917812)
((63, 28), 54.841709388528784)
((63, 29), 50.271569938655318)
((63, 30), 49.753171981280893)
((63, 31), 50.276419825038325)
((63, 32), 54.601083977004876)
((63, 33), 51.843332110912812)
((63, 34), 51.624120239214605)
((63, 35), 50.447237953810884)
((63, 36), 50.3490465689639)
((63, 37), 48.994946806391283)
((63, 38), 50.05303297170417)
((63, 39), 49.01659588654465)
((63, 40), 49.081247889577888)
((63, 41), 52.918857491765763)
((63, 42), 49.058366709638754)
((63, 43), 50.617984479605354)
((63, 44), 49.401514852150072)
((63, 45), 52.728523932705741)
((63, 46), 46.634111792895126)
((63, 47), 50.792928134122093)
((63, 48), 50.530072160194209)
((63, 49), 49.421885697809451)
((63, 50), 47.045844299363687)
((63, 51), 48.837715725740949)
((63, 52), 49.959124399729227)
((63, 53), 54.406705312096236)
((63, 54), 47.310871927701363)
((63, 55), 52.500038491306171)
((63, 56), 51.263736338160477)
((63, 57), 46.625520179930767)
((63, 58), 50.902902629025974)
((63, 59), 52.741230287019128)
((63, 60), 52.612848391516863)
((63, 61), 48.821947109026993)
((63, 62), 50.703895672702501)
((63, 63), 48.446664391780672)
((63, 64), 50.920216373509916)
((63, 65), 51.636673291313812)
((63, 66), 49.305906398112214)
((63, 67), 47.046369152383122)
((63, 68), 54.131309600959327)
((63, 69), 48.488752467264476)
((63, 70), 49.03911326171076)
((63, 71), 55.442414140959706)
((63, 72), 51.733868475445249)
((63, 73), 52.041745594087502)
((63, 74), 51.434475353441165)
((63, 75), 50.674643892326031)
((63, 76), 51.890309354114017)
((63, 77), 48.726326740994047)
((63, 78), 51.156300590526627)
((63, 79), 48.98727239923047)
((63, 80), 55.965331761900266)
((63, 81), 56.506802906852613)
((63, 82), 50.919830453208803)
((63, 83), 50.809288857218718)
((63, 84), 50.917870232641036)
((63, 85), 49.32288016293009)
((63, 86), 50.464068475393688)
((63, 87), 49.979478350407774)
((63, 88), 46.984847509921053)
((63, 89), 54.967031070769586)
((63, 90), 49.237109692603099)
((63, 91), 47.614732539138757)
((63, 92), 54.619697003351149)
((63, 93), 52.249100006359953)
((63, 94), 54.630042231826089)
((63, 95), 52.244501969541204)
((63, 96), 53.328318904175319)
((63, 97), 54.410681368257855)
((63, 98), 57.450383712595531)
((63, 99), 50.33756413511567)
((64, 0), 49.789304456335145)
((64, 1), 50.018170849475091)
((64, 2), 48.546225917557827)
((64, 3), 48.741429068220683)
((64, 4), 52.938685923139488)
((64, 5), 49.975377614378431)
((64, 6), 51.85457492624662)
((64, 7), 49.816902705526005)
((64, 8), 52.155571621855437)
((64, 9), 56.311667249429817)
((64, 10), 50.618447009545058)
((64, 11), 53.136178588198646)
((64, 12), 49.194091597530168)
((64, 13), 48.48592595166545)
((64, 14), 50.700720237801008)
((64, 15), 54.365600948803717)
((64, 16), 51.842090441346315)
((64, 17), 49.03571695352931)
((64, 18), 52.669291345405512)
((64, 19), 53.924944009839905)
((64, 20), 52.870552335510041)
((64, 21), 50.074047296109669)
((64, 22), 51.092109698443295)
((64, 23), 51.024368482607329)
((64, 24), 49.297158520392792)
((64, 25), 47.646178639550456)
((64, 26), 51.889416383871705)
((64, 27), 49.603302763483583)
((64, 28), 51.138258631639459)
((64, 29), 49.33488766682256)
((64, 30), 51.392069687429043)
((64, 31), 50.401430572728898)
((64, 32), 54.589983958051491)
((64, 33), 54.790888644481839)
((64, 34), 51.245266367674546)
((64, 35), 53.149333040423826)
((64, 36), 49.030471875862858)
((64, 37), 48.696832630325986)
((64, 38), 48.756032797410697)
((64, 39), 51.069210934807238)
((64, 40), 47.624904464391904)
((64, 41), 53.264495815717567)
((64, 42), 48.886971582605263)
((64, 43), 50.128073277289744)
((64, 44), 50.926647993659195)
((64, 45), 52.162608195979914)
((64, 46), 47.414341175625076)
((64, 47), 47.405327140528073)
((64, 48), 49.359973486969551)
((64, 49), 50.324299629623781)
((64, 50), 48.407046799667071)
((64, 51), 49.819352142605538)
((64, 52), 50.501887449174184)
((64, 53), 53.690688038270174)
((64, 54), 49.963137748571668)
((64, 55), 51.930939929908426)
((64, 56), 50.962543319349074)
((64, 57), 48.175527547114754)
((64, 58), 50.308379830411354)
((64, 59), 49.569633124633143)
((64, 60), 51.429892128500583)
((64, 61), 48.699324300175363)
((64, 62), 49.819617810134766)
((64, 63), 48.584413744261226)
((64, 64), 52.146330363128406)
((64, 65), 51.020279657720664)
((64, 66), 47.809097051370721)
((64, 67), 45.238056005209422)
((64, 68), 53.612855300807581)
((64, 69), 49.410071695954407)
((64, 70), 50.77023063226838)
((64, 71), 52.295971100633594)
((64, 72), 51.133415693431814)
((64, 73), 52.240238397499589)
((64, 74), 48.850169099504683)
((64, 75), 50.844073672936737)
((64, 76), 52.663969051474865)
((64, 77), 49.330272744357174)
((64, 78), 51.437853010587105)
((64, 79), 47.924975108126162)
((64, 80), 54.110431301302995)
((64, 81), 54.757195697768239)
((64, 82), 52.676614521894336)
((64, 83), 52.455204019446178)
((64, 84), 48.123890512162006)
((64, 85), 49.094947531262022)
((64, 86), 51.096244957017504)
((64, 87), 50.674347418506201)
((64, 88), 48.670386363452799)
((64, 89), 56.527357663658918)
((64, 90), 49.262980148619022)
((64, 91), 49.232946223471146)
((64, 92), 52.329353355757796)
((64, 93), 51.967794898868618)
((64, 94), 52.392804374513616)
((64, 95), 52.527419180150829)
((64, 96), 52.348580705288541)
((64, 97), 55.43038243066254)
((64, 98), 55.267430910937343)
((64, 99), 53.139491644085261)
((65, 0), 46.36295581131769)
((65, 1), 48.295060997306777)
((65, 2), 49.146440907822658)
((65, 3), 48.952257432627675)
((65, 4), 48.826826001689646)
((65, 5), 50.859165798445517)
((65, 6), 53.034919849314718)
((65, 7), 50.179172477319788)
((65, 8), 53.734717059776557)
((65, 9), 52.823657954435461)
((65, 10), 49.201437538828756)
((65, 11), 53.27164692585314)
((65, 12), 49.947728439203459)
((65, 13), 46.348730866112028)
((65, 14), 48.533202505499723)
((65, 15), 52.551470938904501)
((65, 16), 49.862264677097052)
((65, 17), 47.954123536328908)
((65, 18), 53.161439643884229)
((65, 19), 51.813327632607042)
((65, 20), 53.173448413756944)
((65, 21), 48.88964515495681)
((65, 22), 48.328904236682796)
((65, 23), 49.407552248029774)
((65, 24), 49.094721889697482)
((65, 25), 45.656149861284383)
((65, 26), 53.165492533844386)
((65, 27), 49.540342785678469)
((65, 28), 51.964425935102909)
((65, 29), 49.472418383198388)
((65, 30), 48.914291399618619)
((65, 31), 50.01806285220502)
((65, 32), 52.584812031780771)
((65, 33), 50.525851341062591)
((65, 34), 50.648399206616659)
((65, 35), 48.855146057418331)
((65, 36), 50.054664550046198)
((65, 37), 47.708872790625911)
((65, 38), 50.555602355001021)
((65, 39), 46.819551062127282)
((65, 40), 49.25386366445229)
((65, 41), 51.616123849394214)
((65, 42), 48.473348448142815)
((65, 43), 49.807606080684977)
((65, 44), 49.92226190015424)
((65, 45), 49.214323514551566)
((65, 46), 46.985602224494407)
((65, 47), 48.607918822442365)
((65, 48), 49.675304678991999)
((65, 49), 51.19475526579879)
((65, 50), 47.684672355748646)
((65, 51), 45.834186682949223)
((65, 52), 48.830222628565323)
((65, 53), 54.293370584552875)
((65, 54), 48.298305542736735)
((65, 55), 50.246915055684426)
((65, 56), 48.805712034065323)
((65, 57), 47.550522522495818)
((65, 58), 50.249886112651325)
((65, 59), 50.993759510289998)
((65, 60), 52.648124722580263)
((65, 61), 46.476811782462164)
((65, 62), 49.866814262729626)
((65, 63), 47.186563556676802)
((65, 64), 51.794693745722761)
((65, 65), 49.915602122642241)
((65, 66), 48.404355496850783)
((65, 67), 48.021963721542839)
((65, 68), 53.969264997741178)
((65, 69), 48.857425854076837)
((65, 70), 47.708848697809209)
((65, 71), 52.077617264099949)
((65, 72), 50.419421455151081)
((65, 73), 49.792376130239766)
((65, 74), 48.05609729360404)
((65, 75), 50.336150992203741)
((65, 76), 50.035062820056467)
((65, 77), 48.907128845594009)
((65, 78), 49.16897916023192)
((65, 79), 46.495144110529253)
((65, 80), 52.778238517429244)
((65, 81), 50.857320291478331)
((65, 82), 51.282868248033765)
((65, 83), 52.032343357988211)
((65, 84), 46.320870832198622)
((65, 85), 47.868963391989823)
((65, 86), 50.763658415263208)
((65, 87), 48.218360994752686)
((65, 88), 48.641849854444239)
((65, 89), 52.822053003027101)
((65, 90), 48.221431167671895)
((65, 91), 46.871617018733588)
((65, 92), 53.629166000892937)
((65, 93), 51.883204197564361)
((65, 94), 51.476826403774268)
((65, 95), 50.037221429739049)
((65, 96), 52.782801563234187)
((65, 97), 53.675502031579057)
((65, 98), 54.122369505818554)
((65, 99), 52.855850575855023)
((66, 0), 52.412889365005242)
((66, 1), 53.831101892175262)
((66, 2), 51.729943440724433)
((66, 3), 53.36803324859622)
((66, 4), 55.991559700964942)
((66, 5), 53.377293165200356)
((66, 6), 54.144118797516228)
((66, 7), 53.813216422739039)
((66, 8), 58.850523158862785)
((66, 9), 60.122366440196579)
((66, 10), 54.14793026527974)
((66, 11), 55.603524560994444)
((66, 12), 54.873075705831724)
((66, 13), 51.335875625981942)
((66, 14), 52.577981111656634)
((66, 15), 55.806625026311082)
((66, 16), 55.657460686510191)
((66, 17), 53.605849851105432)
((66, 18), 55.737941665578617)
((66, 19), 55.046217318066454)
((66, 20), 58.267554745126432)
((66, 21), 52.748378349617496)
((66, 22), 53.659239386762764)
((66, 23), 52.962182254191035)
((66, 24), 53.23829610219677)
((66, 25), 48.979898416934233)
((66, 26), 57.585963812154723)
((66, 27), 53.604244093243906)
((66, 28), 57.946722276736523)
((66, 29), 53.393407952773543)
((66, 30), 53.89487513672492)
((66, 31), 51.643282414177264)
((66, 32), 57.45280112726229)
((66, 33), 55.094570420081141)
((66, 34), 54.578892377561729)
((66, 35), 53.047463958337801)
((66, 36), 56.058130925969365)
((66, 37), 50.397538022746559)
((66, 38), 51.998171351550539)
((66, 39), 51.007093594427587)
((66, 40), 51.311651599216901)
((66, 41), 55.540385090630608)
((66, 42), 51.935953320892168)
((66, 43), 54.080225849283963)
((66, 44), 52.326647623902474)
((66, 45), 57.222647258889936)
((66, 46), 51.228862565214882)
((66, 47), 51.468185950041047)
((66, 48), 50.485046719469509)
((66, 49), 54.020584456899783)
((66, 50), 51.014006197344401)
((66, 51), 53.082505614623642)
((66, 52), 54.335623381770901)
((66, 53), 55.827021349268051)
((66, 54), 51.538605659743801)
((66, 55), 56.722857412474205)
((66, 56), 53.463295814964034)
((66, 57), 49.931324485950469)
((66, 58), 54.338503485004559)
((66, 59), 54.332816194752148)
((66, 60), 56.876513218789441)
((66, 61), 53.094819531116755)
((66, 62), 53.46521817579444)
((66, 63), 50.372505228114434)
((66, 64), 54.740089987706256)
((66, 65), 54.551337211253184)
((66, 66), 53.597388816943038)
((66, 67), 48.620063634349385)
((66, 68), 55.612336329380071)
((66, 69), 53.358457437354332)
((66, 70), 53.202753857596875)
((66, 71), 54.72856774505329)
((66, 72), 56.287420375991005)
((66, 73), 55.166019050927744)
((66, 74), 54.893245608126833)
((66, 75), 53.684172039373507)
((66, 76), 56.056341187652876)
((66, 77), 51.328666468452596)
((66, 78), 54.922622593415966)
((66, 79), 50.629867243452225)
((66, 80), 58.021245643157357)
((66, 81), 55.497147823501862)
((66, 82), 54.070355065687636)
((66, 83), 55.144209888386811)
((66, 84), 52.534315490498614)
((66, 85), 51.953212298523496)
((66, 86), 54.332589283251352)
((66, 87), 54.290929156472572)
((66, 88), 49.963735931672289)
((66, 89), 57.816616458282205)
((66, 90), 52.186565396447904)
((66, 91), 51.397125500574035)
((66, 92), 55.839026111739486)
((66, 93), 56.827731289937958)
((66, 94), 56.056215278248928)
((66, 95), 55.253033297003363)
((66, 96), 55.297521021978426)
((66, 97), 54.321432502774037)
((66, 98), 59.192846406692993)
((66, 99), 57.630363411653974)
((67, 0), 50.238325150205995)
((67, 1), 50.942816904040193)
((67, 2), 51.796082873560593)
((67, 3), 51.447804326419543)
((67, 4), 51.368965085349004)
((67, 5), 50.644891221852603)
((67, 6), 53.872165135825099)
((67, 7), 52.239527332555518)
((67, 8), 55.578766509147158)
((67, 9), 56.65760301829885)
((67, 10), 50.327057484647526)
((67, 11), 54.514553806712001)
((67, 12), 53.207283877380007)
((67, 13), 47.912592926400038)
((67, 14), 50.239212479140974)
((67, 15), 53.249598465085192)
((67, 16), 51.747838570705881)
((67, 17), 47.881960962188849)
((67, 18), 52.620204002569089)
((67, 19), 52.073479354592791)
((67, 20), 55.784735488230822)
((67, 21), 51.609099771859185)
((67, 22), 49.881763021133679)
((67, 23), 51.824139209426093)
((67, 24), 50.020679217637394)
((67, 25), 49.293108478529362)
((67, 26), 51.561230441544659)
((67, 27), 51.892758890255962)
((67, 28), 53.89950305906234)
((67, 29), 51.101297110244481)
((67, 30), 50.346397672487448)
((67, 31), 50.815308167120889)
((67, 32), 55.706221920822429)
((67, 33), 54.022625767746263)
((67, 34), 50.621707359848024)
((67, 35), 50.570329023321975)
((67, 36), 52.683892475808889)
((67, 37), 48.430723769298133)
((67, 38), 49.865270938244606)
((67, 39), 47.505748697562424)
((67, 40), 49.14454423933006)
((67, 41), 50.898365437508311)
((67, 42), 49.999640401725763)
((67, 43), 50.960245830535555)
((67, 44), 50.646070056185764)
((67, 45), 52.84931988837954)
((67, 46), 47.623780323110864)
((67, 47), 48.509503876744517)
((67, 48), 50.99270880916557)
((67, 49), 51.701203573860852)
((67, 50), 49.822597835155875)
((67, 51), 48.080153166844028)
((67, 52), 50.475343439056587)
((67, 53), 54.717075400969748)
((67, 54), 48.264891652615198)
((67, 55), 53.236357344339034)
((67, 56), 49.998573525634512)
((67, 57), 48.6866163492545)
((67, 58), 51.290146841739201)
((67, 59), 50.36670863695538)
((67, 60), 51.121347452280631)
((67, 61), 49.764510890782347)
((67, 62), 49.108464452159524)
((67, 63), 49.385948061982361)
((67, 64), 51.273813645026713)
((67, 65), 51.318042235490324)
((67, 66), 48.98808038108033)
((67, 67), 46.752763834848537)
((67, 68), 54.917787265428757)
((67, 69), 49.202721553737312)
((67, 70), 51.041104692799642)
((67, 71), 51.990479061901432)
((67, 72), 53.878072305467484)
((67, 73), 52.737695602369641)
((67, 74), 49.541654429961284)
((67, 75), 52.321044261043689)
((67, 76), 53.048267177763954)
((67, 77), 50.45123727411341)
((67, 78), 51.375124776676785)
((67, 79), 47.262698673214601)
((67, 80), 56.889544613358296)
((67, 81), 53.050263375668649)
((67, 82), 50.947095387232231)
((67, 83), 51.470582541616409)
((67, 84), 48.72304786172495)
((67, 85), 50.100002854917534)
((67, 86), 49.51548092847321)
((67, 87), 52.002838981774246)
((67, 88), 52.114308708353136)
((67, 89), 54.027050819439616)
((67, 90), 51.254687178179239)
((67, 91), 48.743705958663121)
((67, 92), 52.553836109628719)
((67, 93), 55.268796155329227)
((67, 94), 53.570168099436202)
((67, 95), 55.500519821836434)
((67, 96), 55.53358453300266)
((67, 97), 53.453966457085244)
((67, 98), 55.187328322178217)
((67, 99), 53.723916181692289)
((68, 0), 47.177260086557816)
((68, 1), 46.903261173456414)
((68, 2), 45.413089859581163)
((68, 3), 49.404402553467698)
((68, 4), 46.821057938836645)
((68, 5), 48.717842452988442)
((68, 6), 52.319557628931804)
((68, 7), 50.981449239494282)
((68, 8), 52.450360139370503)
((68, 9), 53.181664158137508)
((68, 10), 45.084224108848076)
((68, 11), 49.559591154440724)
((68, 12), 49.904769116489682)
((68, 13), 45.882678245468206)
((68, 14), 45.732304730122742)
((68, 15), 51.017986214026571)
((68, 16), 49.711703434960299)
((68, 17), 46.991223473709141)
((68, 18), 50.764063932250863)
((68, 19), 49.670789273521187)
((68, 20), 49.983740836101468)
((68, 21), 46.579585609026758)
((68, 22), 48.67806708291873)
((68, 23), 49.787810176630515)
((68, 24), 47.999147067507323)
((68, 25), 43.488220674946149)
((68, 26), 48.636342947947099)
((68, 27), 47.12147094874863)
((68, 28), 49.193171472977241)
((68, 29), 47.749019175474352)
((68, 30), 46.084994152351413)
((68, 31), 44.710628516046924)
((68, 32), 51.321454119491939)
((68, 33), 48.619346998592498)
((68, 34), 48.585111878460452)
((68, 35), 48.888280844023605)
((68, 36), 47.913562343787888)
((68, 37), 46.828354786778355)
((68, 38), 45.375073903462258)
((68, 39), 47.338362659292706)
((68, 40), 46.194708351312492)
((68, 41), 50.310386298796537)
((68, 42), 46.136740586546132)
((68, 43), 46.63351652566709)
((68, 44), 50.081886076984532)
((68, 45), 48.676145880706002)
((68, 46), 43.917265735535238)
((68, 47), 44.836035214883317)
((68, 48), 47.53440440285371)
((68, 49), 48.597402768855446)
((68, 50), 46.448348795953542)
((68, 51), 47.028897186456639)
((68, 52), 49.023494986272453)
((68, 53), 51.562959860838689)
((68, 54), 45.729522803348615)
((68, 55), 47.685455517985119)
((68, 56), 49.453927767914763)
((68, 57), 42.250956995393366)
((68, 58), 50.166361598681277)
((68, 59), 47.821687880909693)
((68, 60), 50.878522352104198)
((68, 61), 47.196050843989724)
((68, 62), 47.565338757483602)
((68, 63), 46.670037239923992)
((68, 64), 51.129090628463146)
((68, 65), 47.796267622728287)
((68, 66), 45.722247510838656)
((68, 67), 44.19935442790505)
((68, 68), 50.504424598413095)
((68, 69), 47.513067532327113)
((68, 70), 47.087464126396121)
((68, 71), 50.897584604122756)
((68, 72), 48.591478305177183)
((68, 73), 48.555102756371681)
((68, 74), 46.849342881047107)
((68, 75), 49.768391523274616)
((68, 76), 51.239565785050971)
((68, 77), 47.567148832936773)
((68, 78), 48.988291263674164)
((68, 79), 45.514304971012486)
((68, 80), 52.044059073777305)
((68, 81), 50.422652884287004)
((68, 82), 46.80239196448985)
((68, 83), 48.118182059992364)
((68, 84), 47.495503799985983)
((68, 85), 47.397233402344156)
((68, 86), 47.579680734618044)
((68, 87), 46.771186887925538)
((68, 88), 43.719207283879342)
((68, 89), 50.618814316276485)
((68, 90), 49.3963473205078)
((68, 91), 45.042592060291696)
((68, 92), 49.851231971898812)
((68, 93), 49.20400886332888)
((68, 94), 49.004289626252096)
((68, 95), 49.61378285578958)
((68, 96), 50.736686916875996)
((68, 97), 53.576537998659987)
((68, 98), 52.20953458032092)
((68, 99), 49.567117750262945)
((69, 0), 49.334205346012666)
((69, 1), 48.31449066799712)
((69, 2), 47.342968686058732)
((69, 3), 51.2712842049228)
((69, 4), 50.249130239734356)
((69, 5), 50.180015349881003)
((69, 6), 51.972692801690116)
((69, 7), 49.39648081670056)
((69, 8), 53.379486045226997)
((69, 9), 52.650852627194418)
((69, 10), 47.753891336060207)
((69, 11), 51.682157357290983)
((69, 12), 48.70229568056795)
((69, 13), 47.91259340382453)
((69, 14), 47.920997329248969)
((69, 15), 49.717528626021185)
((69, 16), 51.802367767995051)
((69, 17), 49.525184442508788)
((69, 18), 51.019836359280433)
((69, 19), 50.689927152964557)
((69, 20), 53.992732355592878)
((69, 21), 47.824201025656471)
((69, 22), 47.430783174484816)
((69, 23), 49.666151939834798)
((69, 24), 48.319422964999681)
((69, 25), 43.833357810373663)
((69, 26), 52.335851114944262)
((69, 27), 50.133553499987443)
((69, 28), 50.052898094178822)
((69, 29), 51.324375100592974)
((69, 30), 48.416877926774752)
((69, 31), 50.764080974272218)
((69, 32), 51.80453671441866)
((69, 33), 49.267637671425462)
((69, 34), 49.854536368801888)
((69, 35), 50.26001329101959)
((69, 36), 49.26173717782676)
((69, 37), 47.517580613983128)
((69, 38), 51.593972079274558)
((69, 39), 49.541717335502383)
((69, 40), 48.236996469488076)
((69, 41), 52.226975780392387)
((69, 42), 48.984374054750397)
((69, 43), 48.188164621288784)
((69, 44), 50.808990692622174)
((69, 45), 52.17875882624098)
((69, 46), 46.282991879705207)
((69, 47), 48.021285682876261)
((69, 48), 50.085113593443843)
((69, 49), 49.697330162016812)
((69, 50), 46.605575558942562)
((69, 51), 49.6892433676094)
((69, 52), 47.793428046776384)
((69, 53), 51.214912689503691)
((69, 54), 46.03810638337503)
((69, 55), 50.393027065871436)
((69, 56), 51.048479257839659)
((69, 57), 45.272430962708981)
((69, 58), 49.09468367631861)
((69, 59), 51.416549349411241)
((69, 60), 50.62918405857458)
((69, 61), 49.922240933601884)
((69, 62), 50.206040976444882)
((69, 63), 47.140901396858659)
((69, 64), 52.675152281460811)
((69, 65), 50.300682511538945)
((69, 66), 47.664934262856008)
((69, 67), 47.463968362031387)
((69, 68), 51.085087844488839)
((69, 69), 50.429009295785008)
((69, 70), 47.907648040759014)
((69, 71), 50.941484662302429)
((69, 72), 49.032608420194251)
((69, 73), 49.081922417655903)
((69, 74), 46.926212423090874)
((69, 75), 49.469622560011217)
((69, 76), 50.37103171669925)
((69, 77), 48.0126351134708)
((69, 78), 49.708653827601374)
((69, 79), 47.358466912705651)
((69, 80), 54.64358198459891)
((69, 81), 52.352191954673884)
((69, 82), 48.017509187625443)
((69, 83), 51.585067876621373)
((69, 84), 45.550685847082001)
((69, 85), 47.897962880296411)
((69, 86), 50.841382942255898)
((69, 87), 50.841606364209156)
((69, 88), 44.767013022433467)
((69, 89), 52.33709651807709)
((69, 90), 50.35880692524124)
((69, 91), 47.567397560190372)
((69, 92), 50.55524109002161)
((69, 93), 49.485702236950004)
((69, 94), 51.625751482410017)
((69, 95), 49.69820447033149)
((69, 96), 53.37343951387389)
((69, 97), 52.573689435099297)
((69, 98), 53.124601755135657)
((69, 99), 53.347986463332987)
((70, 0), 46.818851353167403)
((70, 1), 47.885779520756032)
((70, 2), 46.266527534964538)
((70, 3), 47.611751818784924)
((70, 4), 50.989751677961664)
((70, 5), 47.049150274092284)
((70, 6), 51.553609042710846)
((70, 7), 50.624713427295717)
((70, 8), 52.620729854677926)
((70, 9), 52.122284539798748)
((70, 10), 48.693147914445831)
((70, 11), 51.785971565186557)
((70, 12), 48.759331869519571)
((70, 13), 46.141481638386665)
((70, 14), 47.901947813315303)
((70, 15), 52.111065572720335)
((70, 16), 50.789437917836239)
((70, 17), 46.305484404331381)
((70, 18), 49.06884387097071)
((70, 19), 50.847501502585281)
((70, 20), 54.63619614149578)
((70, 21), 47.500060115960338)
((70, 22), 47.715189078943183)
((70, 23), 51.722120736125106)
((70, 24), 46.747057665099476)
((70, 25), 45.297877164527023)
((70, 26), 48.727191468304198)
((70, 27), 50.777870241156009)
((70, 28), 53.272854975433532)
((70, 29), 48.833701761805948)
((70, 30), 47.658010651271113)
((70, 31), 47.105509217462028)
((70, 32), 53.411944639294646)
((70, 33), 52.597015416316921)
((70, 34), 49.837227328186678)
((70, 35), 50.498235634028944)
((70, 36), 49.83517558285935)
((70, 37), 49.335206923337424)
((70, 38), 48.626145532284184)
((70, 39), 50.034952899274131)
((70, 40), 46.894269372536606)
((70, 41), 50.774108418904426)
((70, 42), 47.829848546381548)
((70, 43), 48.748466735934642)
((70, 44), 50.632823438746406)
((70, 45), 51.191155899049498)
((70, 46), 45.07708220314187)
((70, 47), 46.771546929566675)
((70, 48), 50.182797118812061)
((70, 49), 48.772232895357007)
((70, 50), 46.022396117146286)
((70, 51), 46.075370399290605)
((70, 52), 49.176728327637306)
((70, 53), 51.10632103764128)
((70, 54), 46.717545200770047)
((70, 55), 47.899278376893804)
((70, 56), 48.389724241371511)
((70, 57), 45.233596429551312)
((70, 58), 50.643497146774394)
((70, 59), 49.08317864543681)
((70, 60), 50.889999546642528)
((70, 61), 47.984629930350557)
((70, 62), 47.313203458193946)
((70, 63), 46.440401357614945)
((70, 64), 50.193926706371727)
((70, 65), 49.348050772489934)
((70, 66), 48.941712863567133)
((70, 67), 45.797040324194512)
((70, 68), 51.944500594473531)
((70, 69), 46.774797083579173)
((70, 70), 45.909548645528631)
((70, 71), 52.388002646748063)
((70, 72), 45.329880824392887)
((70, 73), 50.89888690018627)
((70, 74), 49.001542441221332)
((70, 75), 48.850698086880428)
((70, 76), 53.336390203103477)
((70, 77), 46.602652332322947)
((70, 78), 50.56998565316853)
((70, 79), 46.52496440640185)
((70, 80), 55.260844124677611)
((70, 81), 52.585524944330757)
((70, 82), 51.018993741417141)
((70, 83), 50.90662883837571)
((70, 84), 47.973904028751321)
((70, 85), 47.419429356966113)
((70, 86), 48.092445309853233)
((70, 87), 45.975354595073689)
((70, 88), 45.531208347476024)
((70, 89), 53.648364592183228)
((70, 90), 45.805625384478596)
((70, 91), 45.355057399749377)
((70, 92), 51.945113753026277)
((70, 93), 49.656524183651214)
((70, 94), 51.29367829921415)
((70, 95), 49.321747170857762)
((70, 96), 53.660906048152391)
((70, 97), 54.127534746803633)
((70, 98), 52.03402516707213)
((70, 99), 50.736429316965335)
((71, 0), 47.999794992868495)
((71, 1), 49.193979832603468)
((71, 2), 47.21812650715276)
((71, 3), 47.478652212200004)
((71, 4), 49.837039209718768)
((71, 5), 50.112885757524722)
((71, 6), 50.651613424878825)
((71, 7), 49.713655720905479)
((71, 8), 51.962837796805744)
((71, 9), 52.32521758962033)
((71, 10), 47.818594240501291)
((71, 11), 53.448383090825516)
((71, 12), 48.760190836380445)
((71, 13), 47.189692257237724)
((71, 14), 48.991262484636877)
((71, 15), 49.828943999049429)
((71, 16), 53.362937725309337)
((71, 17), 50.336311367860219)
((71, 18), 49.665671840837824)
((71, 19), 54.141042822358457)
((71, 20), 54.335372883082485)
((71, 21), 48.381740447152048)
((71, 22), 50.094336437456974)
((71, 23), 50.801643556419577)
((71, 24), 49.600254648005148)
((71, 25), 44.003090592284437)
((71, 26), 49.950319484618298)
((71, 27), 49.287939418936034)
((71, 28), 53.058315408846724)
((71, 29), 48.391994337267136)
((71, 30), 47.140805177363937)
((71, 31), 48.495673404107144)
((71, 32), 53.071448296580385)
((71, 33), 49.554406933116553)
((71, 34), 49.581091927387703)
((71, 35), 50.012523107027199)
((71, 36), 51.383613574110441)
((71, 37), 47.534453265937266)
((71, 38), 49.147102527487213)
((71, 39), 51.110102854625396)
((71, 40), 50.015449494367914)
((71, 41), 51.148849031498571)
((71, 42), 49.236669631138199)
((71, 43), 49.965562513918364)
((71, 44), 49.852333935148074)
((71, 45), 50.88567511523695)
((71, 46), 47.904368540990902)
((71, 47), 48.048893892224768)
((71, 48), 47.548545467771817)
((71, 49), 48.141899207743108)
((71, 50), 47.553965172788303)
((71, 51), 46.533622869544402)
((71, 52), 49.601885852320137)
((71, 53), 49.442930412049861)
((71, 54), 47.493384137086508)
((71, 55), 50.162084869540763)
((71, 56), 49.659789410445853)
((71, 57), 45.659741232940398)
((71, 58), 50.853941585375708)
((71, 59), 50.515004721303534)
((71, 60), 50.681598677272653)
((71, 61), 49.302497581363106)
((71, 62), 49.501847792565094)
