((71, 63), 45.702002335706176)
((71, 64), 51.957275612825711)
((71, 65), 50.923027511445966)
((71, 66), 45.898923795678506)
((71, 67), 45.898008252648786)
((71, 68), 52.178048742574809)
((71, 69), 47.619272581424319)
((71, 70), 48.877603108874901)
((71, 71), 51.394249928057391)
((71, 72), 52.96559377870183)
((71, 73), 47.656899784192227)
((71, 74), 49.739632524524801)
((71, 75), 50.005462139308705)
((71, 76), 51.11996848550163)
((71, 77), 47.638068932329496)
((71, 78), 48.727500877246968)
((71, 79), 48.039254981483914)
((71, 80), 53.767027801248325)
((71, 81), 53.753489381906469)
((71, 82), 50.419126239266802)
((71, 83), 50.584638584914643)
((71, 84), 49.421787126193095)
((71, 85), 48.453713423701885)
((71, 86), 49.163559906096069)
((71, 87), 49.342078526256813)
((71, 88), 46.060736726581595)
((71, 89), 53.562632471660571)
((71, 90), 46.8324738530643)
((71, 91), 45.832666720257407)
((71, 92), 50.506974579123408)
((71, 93), 52.771333296571299)
((71, 94), 52.038478483084937)
((71, 95), 51.326714294819965)
((71, 96), 51.705732028675982)
((71, 97), 51.925270791922678)
((71, 98), 55.286948038250927)
((71, 99), 50.385388996969851)
((72, 0), 48.920308579587129)
((72, 1), 49.386178159560856)
((72, 2), 50.408910838253405)
((72, 3), 48.550361545140589)
((72, 4), 49.058814634191862)
((72, 5), 50.189339088711947)
((72, 6), 50.772886975732497)
((72, 7), 51.795978676802946)
((72, 8), 53.701695432901204)
((72, 9), 55.067846963086261)
((72, 10), 49.229345627823612)
((72, 11), 53.433256332357026)
((72, 12), 50.450543472686135)
((72, 13), 47.009958053944871)
((72, 14), 47.916594451716023)
((72, 15), 49.962435720350257)
((72, 16), 52.441844740646033)
((72, 17), 47.216279912311649)
((72, 18), 51.335972039581165)
((72, 19), 51.263966901842821)
((72, 20), 51.587084984375224)
((72, 21), 49.089112305997247)
((72, 22), 48.961518255316179)
((72, 23), 49.82350498520389)
((72, 24), 49.307430123050025)
((72, 25), 44.482112338825317)
((72, 26), 50.050816970134321)
((72, 27), 49.630035100561471)
((72, 28), 51.956919889904285)
((72, 29), 51.54509413092098)
((72, 30), 50.173899844279347)
((72, 31), 48.502432185531973)
((72, 32), 53.383450315779065)
((72, 33), 52.553239424453942)
((72, 34), 50.016836531727428)
((72, 35), 48.634639284918229)
((72, 36), 51.559938040534973)
((72, 37), 47.62125800349645)
((72, 38), 48.902433385243484)
((72, 39), 48.008763026815849)
((72, 40), 48.88104843469452)
((72, 41), 52.440457817158702)
((72, 42), 50.627825524969126)
((72, 43), 49.745501398608958)
((72, 44), 47.202455050986359)
((72, 45), 53.139589629785192)
((72, 46), 46.047558648963403)
((72, 47), 47.482511834724072)
((72, 48), 49.717378354921351)
((72, 49), 50.657311102800797)
((72, 50), 46.759427852886446)
((72, 51), 47.03667091857281)
((72, 52), 49.298145156353748)
((72, 53), 54.570327748179537)
((72, 54), 48.113551994640659)
((72, 55), 50.540278064735716)
((72, 56), 49.827868825829754)
((72, 57), 44.369623030560248)
((72, 58), 50.963196260851277)
((72, 59), 51.379534414193543)
((72, 60), 50.866983424621125)
((72, 61), 49.100351570290073)
((72, 62), 53.148906746806887)
((72, 63), 45.541048793763764)
((72, 64), 51.115716267413276)
((72, 65), 50.318791410525563)
((72, 66), 45.474605411400205)
((72, 67), 46.504908719408874)
((72, 68), 52.006188597109471)
((72, 69), 48.332863999617061)
((72, 70), 49.259257095992325)
((72, 71), 53.609057777286935)
((72, 72), 49.251203392501921)
((72, 73), 48.938410138816828)
((72, 74), 48.567372421540718)
((72, 75), 52.663333780047324)
((72, 76), 54.236825707534351)
((72, 77), 49.297123057443116)
((72, 78), 51.472243314266436)
((72, 79), 48.158440166265166)
((72, 80), 53.73950768308292)
((72, 81), 51.289463573802244)
((72, 82), 52.300430876489351)
((72, 83), 51.592150894005385)
((72, 84), 48.615940142124401)
((72, 85), 46.782622882023198)
((72, 86), 49.539548558555943)
((72, 87), 53.001567494310613)
((72, 88), 45.69169062294057)
((72, 89), 54.83369152560347)
((72, 90), 47.205036975850128)
((72, 91), 46.242269199124038)
((72, 92), 51.389019765078835)
((72, 93), 53.071747453241073)
((72, 94), 50.674757374338526)
((72, 95), 51.880593489587753)
((72, 96), 51.679535541729003)
((72, 97), 52.21508312327768)
((72, 98), 53.712320576532029)
((72, 99), 51.738976723861683)
((73, 0), 51.454810796165795)
((73, 1), 50.084515449393862)
((73, 2), 51.449272614851715)
((73, 3), 52.150866559566609)
((73, 4), 52.753453843763651)
((73, 5), 51.131347883673669)
((73, 6), 54.904725160145119)
((73, 7), 54.189465486689102)
((73, 8), 55.570834094487793)
((73, 9), 56.614494089193798)
((73, 10), 49.735043791931375)
((73, 11), 53.594866824359748)
((73, 12), 51.736966248763849)
((73, 13), 50.928677038786546)
((73, 14), 47.231266032141733)
((73, 15), 53.373108140209169)
((73, 16), 53.45439934311127)
((73, 17), 50.957605241132555)
((73, 18), 54.679455135661833)
((73, 19), 53.559262359001977)
((73, 20), 57.023133838026325)
((73, 21), 52.272505745096737)
((73, 22), 50.564533846559186)
((73, 23), 55.187542462915609)
((73, 24), 50.840281115382211)
((73, 25), 46.292637793627222)
((73, 26), 53.144457114785467)
((73, 27), 51.492014918231)
((73, 28), 53.150640482425658)
((73, 29), 50.731243352282455)
((73, 30), 49.638527293628485)
((73, 31), 51.876697386333362)
((73, 32), 54.391595142539515)
((73, 33), 52.48087331340291)
((73, 34), 49.63681363140941)
((73, 35), 52.558391238504271)
((73, 36), 52.793935036376908)
((73, 37), 50.902582150265388)
((73, 38), 51.786072720949377)
((73, 39), 49.795126881915678)
((73, 40), 50.61262405048619)
((73, 41), 51.982081440687175)
((73, 42), 48.866394219096634)
((73, 43), 48.452822027550496)
((73, 44), 50.358948349049321)
((73, 45), 53.573804747530758)
((73, 46), 46.466335819896635)
((73, 47), 51.304337191111614)
((73, 48), 50.739553040526744)
((73, 49), 49.772438585073047)
((73, 50), 48.258935221270633)
((73, 51), 49.817174353941695)
((73, 52), 50.886956728920204)
((73, 53), 53.898513345585684)
((73, 54), 47.703880390082332)
((73, 55), 48.664869647079314)
((73, 56), 53.125824453987917)
((73, 57), 46.89664249367074)
((73, 58), 53.77202214332678)
((73, 59), 51.960788103447072)
((73, 60), 53.235932241099945)
((73, 61), 50.217409214264904)
((73, 62), 50.961795148077059)
((73, 63), 49.114786591845615)
((73, 64), 52.363533439029524)
((73, 65), 51.706791497257903)
((73, 66), 50.413184656604386)
((73, 67), 48.240745416851574)
((73, 68), 54.74598424910355)
((73, 69), 51.869002381699858)
((73, 70), 52.562182052142219)
((73, 71), 54.649821014924797)
((73, 72), 52.22364087340398)
((73, 73), 51.69551822111714)
((73, 74), 49.509316141780424)
((73, 75), 52.371034712868109)
((73, 76), 53.055675148794606)
((73, 77), 48.802049039429548)
((73, 78), 50.550299582183357)
((73, 79), 51.524956825922928)
((73, 80), 55.766512590297459)
((73, 81), 53.665198671464992)
((73, 82), 51.129008995851912)
((73, 83), 51.626705345939783)
((73, 84), 48.292273895494404)
((73, 85), 47.588959249509102)
((73, 86), 49.732233041385442)
((73, 87), 54.232386932283617)
((73, 88), 48.205540715986643)
((73, 89), 55.602977329617175)
((73, 90), 53.368918817681212)
((73, 91), 47.907871893878152)
((73, 92), 55.15550937323178)
((73, 93), 54.024035852216372)
((73, 94), 53.096181797824968)
((73, 95), 52.911287690648891)
((73, 96), 53.487729454433953)
((73, 97), 56.140484603888666)
((73, 98), 54.658685878220822)
((73, 99), 52.436635055966562)
((74, 0), 50.578708979607001)
((74, 1), 50.130406513744347)
((74, 2), 49.963316984665489)
((74, 3), 51.319245066642253)
((74, 4), 49.933778807344311)
((74, 5), 50.600584140600105)
((74, 6), 53.936960640147134)
((74, 7), 51.868166019554124)
((74, 8), 55.716262380938332)
((74, 9), 55.87782254208652)
((74, 10), 50.869256625102295)
((74, 11), 57.23489305891934)
((74, 12), 52.476146698903754)
((74, 13), 48.04337449876121)
((74, 14), 49.827245301809995)
((74, 15), 52.803140868643879)
((74, 16), 51.012434324069062)
((74, 17), 49.330932649458148)
((74, 18), 54.388253748432319)
((74, 19), 54.768878511165184)
((74, 20), 55.226998261125146)
((74, 21), 49.048828840186474)
((74, 22), 51.470458119617369)
((74, 23), 49.867399423007598)
((74, 24), 48.680100147896958)
((74, 25), 46.064745628414954)
((74, 26), 51.699983481521585)
((74, 27), 51.398944212902158)
((74, 28), 52.750999932078244)
((74, 29), 51.573189859629309)
((74, 30), 50.872453673940669)
((74, 31), 48.918026951178604)
((74, 32), 54.112823484480799)
((74, 33), 53.723671981875157)
((74, 34), 53.893869686003086)
((74, 35), 51.183600038142565)
((74, 36), 52.283891064268857)
((74, 37), 48.481564705185932)
((74, 38), 51.234457506960652)
((74, 39), 51.755285832592513)
((74, 40), 48.60248203903889)
((74, 41), 53.135814811126849)
((74, 42), 50.360366397983434)
((74, 43), 51.455770202454779)
((74, 44), 51.450856659334185)
((74, 45), 54.263207705868503)
((74, 46), 47.921791011354308)
((74, 47), 49.434094760967454)
((74, 48), 49.93611301282936)
((74, 49), 50.570612359248003)
((74, 50), 48.086034312436396)
((74, 51), 48.854335832898471)
((74, 52), 51.341597006431599)
((74, 53), 54.485106529772267)
((74, 54), 49.147947154549655)
((74, 55), 52.68439011237912)
((74, 56), 51.370591634258062)
((74, 57), 48.20875258965475)
((74, 58), 50.50975442544604)
((74, 59), 53.50837161981238)
((74, 60), 53.227918481053351)
((74, 61), 49.108075085996816)
((74, 62), 53.83604638871536)
((74, 63), 47.221330031208254)
((74, 64), 52.396468174929048)
((74, 65), 52.797884949394373)
((74, 66), 49.743536073410283)
((74, 67), 49.105317141285823)
((74, 68), 51.3026203258744)
((74, 69), 51.96794218410291)
((74, 70), 50.565120119282334)
((74, 71), 53.841562128102765)
((74, 72), 53.200716395474316)
((74, 73), 50.390749479183)
((74, 74), 51.364870503593913)
((74, 75), 53.94910651903551)
((74, 76), 55.913472529105618)
((74, 77), 51.023059676032638)
((74, 78), 52.880183454074718)
((74, 79), 45.617436012935244)
((74, 80), 56.989742268815178)
((74, 81), 54.095675363326805)
((74, 82), 50.652459040601904)
((74, 83), 53.192347961984453)
((74, 84), 50.853703153581343)
((74, 85), 50.100407749319984)
((74, 86), 52.094271909104627)
((74, 87), 50.985139864222688)
((74, 88), 47.890580252194013)
((74, 89), 54.505445497913371)
((74, 90), 50.004851574416563)
((74, 91), 48.565738045059838)
((74, 92), 53.257331746420746)
((74, 93), 54.242707489242974)
((74, 94), 52.376496039841477)
((74, 95), 52.018373543656836)
((74, 96), 52.311140820814138)
((74, 97), 50.426253666951666)
((74, 98), 55.255430547117847)
((74, 99), 54.920265069325154)
((75, 0), 46.349306111354608)
((75, 1), 45.024906639530847)
((75, 2), 47.450404795039489)
((75, 3), 46.120668213435252)
((75, 4), 49.858966737659955)
((75, 5), 47.897402316175629)
((75, 6), 49.88443260666709)
((75, 7), 49.805904588125571)
((75, 8), 52.998009608283155)
((75, 9), 52.32745197941567)
((75, 10), 46.52518061822245)
((75, 11), 50.233144079149064)
((75, 12), 48.124523615029432)
((75, 13), 48.6618926748082)
((75, 14), 46.964230384528513)
((75, 15), 48.661793993002568)
((75, 16), 46.249207478505859)
((75, 17), 46.190403750338021)
((75, 18), 49.290939132891666)
((75, 19), 49.785776193067328)
((75, 20), 53.100023993293192)
((75, 21), 45.807275714851961)
((75, 22), 46.064187737237887)
((75, 23), 48.40681612684682)
((75, 24), 48.718079639323626)
((75, 25), 44.449731036876614)
((75, 26), 49.514643703247188)
((75, 27), 48.998821649086509)
((75, 28), 48.89841372694422)
((75, 29), 47.528824511971621)
((75, 30), 45.830421632870369)
((75, 31), 45.065266674658268)
((75, 32), 53.919827575702968)
((75, 33), 49.626097506422916)
((75, 34), 49.963594959238257)
((75, 35), 49.169090854493831)
((75, 36), 47.610498352352451)
((75, 37), 46.194365595227431)
((75, 38), 46.705830238189165)
((75, 39), 46.643628642560074)
((75, 40), 46.880487797930314)
((75, 41), 50.340744551028635)
((75, 42), 48.077422233119123)
((75, 43), 48.228242280700826)
((75, 44), 48.294397792126993)
((75, 45), 49.63628235763607)
((75, 46), 44.881673640267898)
((75, 47), 45.576775848374524)
((75, 48), 46.698386104888506)
((75, 49), 49.057011590178718)
((75, 50), 46.956264286114788)
((75, 51), 46.032282816390065)
((75, 52), 48.060871462039024)
((75, 53), 49.815496237560851)
((75, 54), 45.753796111203187)
((75, 55), 50.209591144996324)
((75, 56), 49.040195226843991)
((75, 57), 44.397835056939805)
((75, 58), 48.94733298023354)
((75, 59), 48.333870943147062)
((75, 60), 50.214911205981437)
((75, 61), 47.697330169799457)
((75, 62), 49.945668143376807)
((75, 63), 45.820104491946537)
((75, 64), 49.19084215585255)
((75, 65), 49.470358852040405)
((75, 66), 44.237138017663334)
((75, 67), 45.777568982187923)
((75, 68), 51.400829886094073)
((75, 69), 48.902417395687102)
((75, 70), 50.226551208594415)
((75, 71), 50.585092740133192)
((75, 72), 49.199707932791526)
((75, 73), 48.486600698846964)
((75, 74), 46.338694012952637)
((75, 75), 48.921742300701922)
((75, 76), 49.853852778257938)
((75, 77), 44.970866089634441)
((75, 78), 49.805108430767092)
((75, 79), 45.824634329242976)
((75, 80), 51.235645933158331)
((75, 81), 51.4641970244802)
((75, 82), 49.920208342222594)
((75, 83), 50.91314203618515)
((75, 84), 47.48246721029949)
((75, 85), 47.384987126365573)
((75, 86), 48.32116770933473)
((75, 87), 48.704125503091554)
((75, 88), 44.494068729669536)
((75, 89), 53.863710928116063)
((75, 90), 45.022321065406778)
((75, 91), 44.829875759944287)
((75, 92), 50.205360630472221)
((75, 93), 48.577230645496144)
((75, 94), 49.710858603311848)
((75, 95), 50.927313147893123)
((75, 96), 49.525853087619311)
((75, 97), 49.604392140398083)
((75, 98), 52.921935078296215)
((75, 99), 52.420347607620002)
((76, 0), 51.221291244412768)
((76, 1), 49.472905710343198)
((76, 2), 51.969214744746054)
((76, 3), 49.831320754525493)
((76, 4), 53.142409979796668)
((76, 5), 51.185296108279452)
((76, 6), 53.081429656443831)
((76, 7), 55.014973272143948)
((76, 8), 55.77625700861244)
((76, 9), 55.963306917746579)
((76, 10), 51.096710651857052)
((76, 11), 53.344202166191813)
((76, 12), 49.887470375205858)
((76, 13), 51.213419482445886)
((76, 14), 49.96366440924001)
((76, 15), 53.502583260094269)
((76, 16), 53.154966506233428)
((76, 17), 50.51545591883017)
((76, 18), 54.247607928117972)
((76, 19), 52.554592821821466)
((76, 20), 55.065880072960972)
((76, 21), 51.676700764323712)
((76, 22), 49.01132572669205)
((76, 23), 55.35710630824785)
((76, 24), 49.60183802371607)
((76, 25), 45.739495193519559)
((76, 26), 52.033976947579902)
((76, 27), 50.1743208696696)
((76, 28), 53.673958470022214)
((76, 29), 54.001941004896807)
((76, 30), 52.335273098436303)
((76, 31), 49.831746678853754)
((76, 32), 56.349728070649263)
((76, 33), 53.89334040789479)
((76, 34), 49.425668301669099)
((76, 35), 49.687545182547808)
((76, 36), 53.492946117452291)
((76, 37), 52.886869874903894)
((76, 38), 51.695880882028334)
((76, 39), 50.644850737111618)
((76, 40), 49.101415918003227)
((76, 41), 55.092078600029375)
((76, 42), 50.463746458509661)
((76, 43), 49.528120730959515)
((76, 44), 52.467799069166162)
((76, 45), 54.030511714120365)
((76, 46), 47.157015313077991)
((76, 47), 50.11801311976356)
((76, 48), 52.955690303173888)
((76, 49), 53.522438940109971)
((76, 50), 48.268289633434534)
((76, 51), 51.705522149628131)
((76, 52), 50.054347276257417)
((76, 53), 54.261417341568645)
((76, 54), 50.404138795803917)
((76, 55), 52.224987982106931)
((76, 56), 53.888367393671132)
((76, 57), 47.170668925120061)
((76, 58), 51.569708283794128)
((76, 59), 53.83112627016969)
((76, 60), 54.168137845296435)
((76, 61), 51.052723912344149)
((76, 62), 50.823406673767153)
((76, 63), 50.67585669238845)
((76, 64), 55.982735848480083)
((76, 65), 51.452338983045337)
((76, 66), 51.769171318352925)
((76, 67), 47.092308623014951)
((76, 68), 56.438829977749151)
((76, 69), 50.857014505517519)
((76, 70), 51.09265720389763)
((76, 71), 53.056232898420106)
((76, 72), 52.074167020435119)
((76, 73), 54.224533968649098)
((76, 74), 49.60026559703369)
((76, 75), 52.558654907275695)
((76, 76), 54.578273051770587)
((76, 77), 50.761804880554756)
((76, 78), 51.904229371442398)
((76, 79), 49.475623699106379)
((76, 80), 57.178197717777877)
((76, 81), 54.286867112089382)
((76, 82), 51.50596806994146)
((76, 83), 51.90197575355176)
((76, 84), 48.364206981138246)
((76, 85), 49.97424838632039)
((76, 86), 51.989357744391157)
((76, 87), 51.713988034692974)
((76, 88), 48.310865192506824)
((76, 89), 54.432167229523003)
((76, 90), 50.403353718253129)
((76, 91), 49.982054729956062)
((76, 92), 55.561690425956428)
((76, 93), 52.399755502926453)
((76, 94), 52.422822463338463)
((76, 95), 53.222513934870094)
((76, 96), 55.377209545572029)
((76, 97), 54.097800987189586)
((76, 98), 55.28734039845979)
((76, 99), 54.079309938961458)
((77, 0), 41.893772469394406)
((77, 1), 45.059015272431779)
((77, 2), 45.024613992572853)
((77, 3), 45.886368116935444)
((77, 4), 45.495604832792559)
((77, 5), 44.911728721017859)
((77, 6), 48.364773916482179)
((77, 7), 45.241981752309975)
((77, 8), 48.478489309002171)
((77, 9), 48.648434936894404)
((77, 10), 44.730113971078403)
((77, 11), 45.663117309595712)
((77, 12), 45.663228748230608)
((77, 13), 43.123034838343948)
((77, 14), 43.715730033408107)
((77, 15), 44.778403371902726)
((77, 16), 44.62160022941719)
((77, 17), 43.924429031818747)
((77, 18), 45.395170812727741)
((77, 19), 45.884296090502609)
((77, 20), 48.324262649519156)
((77, 21), 42.152326788931717)
((77, 22), 42.747515781065388)
((77, 23), 45.851819576468827)
((77, 24), 43.649457087241842)
((77, 25), 39.233347581186344)
((77, 26), 45.655160933588768)
((77, 27), 47.799815356405198)
((77, 28), 44.011297235312114)
((77, 29), 44.238975540969783)
((77, 30), 41.782441826921456)
((77, 31), 40.602688937262798)
((77, 32), 46.481078969062679)
((77, 33), 45.126489148492674)
((77, 34), 44.86849897591852)
((77, 35), 44.661375090831754)
((77, 36), 43.559528920196271)
((77, 37), 41.398496002311603)
((77, 38), 43.023700294586256)
((77, 39), 40.587957806949689)
((77, 40), 42.40659573730256)
((77, 41), 45.644186431228491)
((77, 42), 44.152086360540657)
((77, 43), 43.597866273926641)
((77, 44), 45.621078526015779)
((77, 45), 45.220406740349475)
((77, 46), 42.959675406358471)
((77, 47), 40.232580681152257)
((77, 48), 43.301109355646219)
((77, 49), 44.088394293031619)
((77, 50), 41.264915961649002)
((77, 51), 42.460633742109522)
((77, 52), 42.512835505064871)
((77, 53), 46.037297229663238)
((77, 54), 42.842234689717614)
((77, 55), 44.445886049953373)
((77, 56), 43.300309299965051)
((77, 57), 41.078014410877884)
((77, 58), 43.256179603515392)
((77, 59), 44.491171448820708)
((77, 60), 44.793720598281041)
((77, 61), 42.531163176692417)
((77, 62), 42.640984321180909)
((77, 63), 42.539951032850247)
((77, 64), 44.189388968537912)
((77, 65), 44.174747695730048)
((77, 66), 40.855333888011259)
((77, 67), 39.627677549707037)
((77, 68), 45.84641599083659)
((77, 69), 44.896894477859441)
((77, 70), 43.761905647022068)
((77, 71), 46.324866725251375)
((77, 72), 44.129479552512606)
((77, 73), 43.856586912988327)
((77, 74), 44.358544425486727)
((77, 75), 46.638414922182108)
((77, 76), 46.028044158002601)
((77, 77), 43.031947712163209)
((77, 78), 44.61585444101329)
((77, 79), 41.545574585127781)
((77, 80), 47.183871677710044)
((77, 81), 46.137603009510869)
((77, 82), 44.884596881366527)
((77, 83), 45.519813422765694)
((77, 84), 42.987584883206516)
((77, 85), 42.120601217869869)
((77, 86), 44.083504120861839)
((77, 87), 44.586462644717471)
((77, 88), 43.432277831871176)
((77, 89), 49.007176997598741)
((77, 90), 44.054412327837312)
((77, 91), 43.600628671039885)
((77, 92), 45.966289776136868)
((77, 93), 44.435103817065901)
((77, 94), 45.583631204133169)
((77, 95), 44.888938655556132)
((77, 96), 48.750617302330738)
((77, 97), 46.375805891552446)
((77, 98), 47.425777272277386)
((77, 99), 46.105118530602937)
((78, 0), 48.417986586639891)
((78, 1), 48.467295285133353)
((78, 2), 46.671125456142832)
((78, 3), 45.680294537107962)
((78, 4), 49.375646580509631)
((78, 5), 51.842724437929625)
((78, 6), 52.279364924490601)
((78, 7), 51.132938233488666)
((78, 8), 52.823271711334982)
((78, 9), 54.558828939003376)
((78, 10), 47.774134379672688)
((78, 11), 51.369429110051612)
((78, 12), 52.142835590069083)
((78, 13), 48.329641450838778)
((78, 14), 47.221886647578621)
((78, 15), 51.528851488581125)
((78, 16), 52.251664881304123)
((78, 17), 47.616154492406778)
((78, 18), 51.325209734971466)
((78, 19), 50.976841239183443)
((78, 20), 53.294178455792157)
((78, 21), 47.83812629986565)
((78, 22), 48.001509381043611)
((78, 23), 51.569602323020419)
((78, 24), 48.241785549079609)
((78, 25), 43.773828145647066)
((78, 26), 52.363549182897103)
((78, 27), 48.3441647182471)
((78, 28), 51.38981134588596)
((78, 29), 49.2291008026559)
((78, 30), 48.901023573289805)
((78, 31), 49.179034687041771)
((78, 32), 52.734881803429275)
((78, 33), 50.775772806142598)
((78, 34), 48.423399998106007)
((78, 35), 48.950710095036975)
((78, 36), 49.892234294298262)
((78, 37), 46.749912210553049)
((78, 38), 49.40023085939626)
((78, 39), 48.641363446632603)
((78, 40), 46.834175359428485)
((78, 41), 49.757723237744386)
((78, 42), 48.030853081013703)
((78, 43), 50.047326400280724)
((78, 44), 51.884228830091274)
((78, 45), 51.892297843454031)
((78, 46), 46.780168473758039)
((78, 47), 48.406069093827952)
((78, 48), 47.121387804766329)
((78, 49), 51.635119914480278)
((78, 50), 46.650030570849474)
((78, 51), 47.282928891143669)
((78, 52), 48.067621210866612)
((78, 53), 51.835902263590825)
((78, 54), 47.483322048304274)
((78, 55), 50.55398210369043)
((78, 56), 49.101588252951245)
((78, 57), 46.256373831921138)
((78, 58), 50.457449752343535)
((78, 59), 50.41858751931273)
((78, 60), 52.98843040229491)
((78, 61), 49.808143868960954)
((78, 62), 49.39285878980256)
((78, 63), 45.67918418637089)
((78, 64), 51.73556209986873)
((78, 65), 51.802580221199634)
((78, 66), 48.849639727537635)
((78, 67), 45.247975583363285)
((78, 68), 52.173237193550676)
((78, 69), 48.226881449579921)
((78, 70), 49.845539838925546)
((78, 71), 51.656822241754071)
((78, 72), 50.005555306028782)
((78, 73), 49.062851194330364)
((78, 74), 48.965833801168138)
((78, 75), 49.578875519409003)
((78, 76), 52.543193242903087)
((78, 77), 46.527809794070244)
((78, 78), 51.759697523059444)
((78, 79), 46.996942686811884)
((78, 80), 55.451775476172372)
((78, 81), 51.957685471851612)
((78, 82), 50.524617771922664)
((78, 83), 49.266611802441119)
((78, 84), 48.803999253255313)
((78, 85), 47.553220143941381)
((78, 86), 49.596501200477817)
((78, 87), 50.719495605988868)
((78, 88), 47.604331965132872)
((78, 89), 51.009808006113701)
((78, 90), 48.807600051441568)
((78, 91), 46.06873559342587)
((78, 92), 53.119736760719519)
((78, 93), 51.827449568355718)
((78, 94), 51.223253790915287)
((78, 95), 51.935023850985431)
((78, 96), 53.12893891503564)
((78, 97), 50.860602165378708)
((78, 98), 56.040520682023796)
((78, 99), 51.242619507027555)
((79, 0), 52.942451082134454)
((79, 1), 49.559654221641473)
((79, 2), 51.716390091595869)
((79, 3), 51.29073570943406)
((79, 4), 53.967019976070262)
((79, 5), 52.94742285252201)
((79, 6), 55.851529184541739)
((79, 7), 52.262244585898259)
((79, 8), 57.22706661005595)
((79, 9), 57.237233479680881)
((79, 10), 50.723240242340211)
((79, 11), 57.617338159735496)
((79, 12), 51.532880726076044)
((79, 13), 50.892509564521106)
((79, 14), 51.967231758070518)
((79, 15), 55.717125018745008)
((79, 16), 55.562548930420178)
((79, 17), 52.40739574183209)
((79, 18), 56.632889014031718)
((79, 19), 54.852494614995734)
((79, 20), 56.088280594301011)
((79, 21), 53.872515531755681)
((79, 22), 50.317032484162901)
((79, 23), 54.259856744921919)
((79, 24), 49.496089765697)
((79, 25), 49.539251538584196)
((79, 26), 54.213782396104335)
((79, 27), 52.307971822354489)
((79, 28), 56.948811707951712)
((79, 29), 55.136922824587593)
((79, 30), 51.175667948462731)
((79, 31), 53.300777970742828)
((79, 32), 56.539119819282192)
((79, 33), 54.55842252554767)
((79, 34), 51.730728525985235)
((79, 35), 52.878505073166906)
((79, 36), 53.118464994036202)
((79, 37), 50.532318963711596)
((79, 38), 50.318266845756476)
((79, 39), 52.785345309262141)
((79, 40), 51.701192408460749)
((79, 41), 54.733885176337992)
((79, 42), 52.446024583564167)
((79, 43), 52.930330805394156)
((79, 44), 53.268805618420473)
((79, 45), 54.745213980308549)
((79, 46), 46.869025427306397)
((79, 47), 50.105437340480471)
((79, 48), 52.470150315785915)
((79, 49), 54.491716847807965)
((79, 50), 49.327014175106854)
((79, 51), 49.996374352046359)
((79, 52), 55.137137639075277)
((79, 53), 53.391998539027682)
((79, 54), 51.335700249845615)
((79, 55), 52.509339245242998)
((79, 56), 52.362678280012169)
((79, 57), 49.868799914907086)
((79, 58), 55.659128478940275)
((79, 59), 55.709846550943404)
((79, 60), 55.052440608201607)
((79, 61), 50.607325668577474)
((79, 62), 52.649937101193657)
((79, 63), 50.638154979632702)
((79, 64), 55.694794267174771)
((79, 65), 53.959910293087432)
((79, 66), 51.126096454369119)
((79, 67), 48.25852902674513)
((79, 68), 57.166190962383823)
((79, 69), 53.406979809968405)
((79, 70), 52.323187052318744)
((79, 71), 56.856536809279717)
((79, 72), 55.535074618190812)
((79, 73), 52.966798860022664)
((79, 74), 51.535446625570913)
((79, 75), 53.642727973457411)
((79, 76), 56.106540719861201)
((79, 77), 51.810314511168741)
((79, 78), 52.842948660822984)
((79, 79), 50.986378573082121)
((79, 80), 58.373422930545914)
((79, 81), 56.152156289518814)
((79, 82), 53.758040908456472)
((79, 83), 53.957174742657841)
((79, 84), 50.283334490994051)
((79, 85), 48.113085140560258)
((79, 86), 51.877042840287544)
((79, 87), 53.381828124371772)
((79, 88), 49.502416727725759)
((79, 89), 55.455711694555802)
((79, 90), 51.618087316366633)
((79, 91), 50.007049150698037)
((79, 92), 55.272433293043449)
((79, 93), 55.170252715117691)
((79, 94), 55.148919504533865)
((79, 95), 53.714558514782446)
((79, 96), 58.3206090114939)
((79, 97), 56.522364992368843)
((79, 98), 56.371646719094215)
((79, 99), 56.40605076601576)
((80, 0), 44.216058332057486)
((80, 1), 44.366842753139593)
((80, 2), 41.814957943847403)
((80, 3), 41.052802824182869)
((80, 4), 45.672784127470592)
((80, 5), 47.140013422113782)
((80, 6), 46.332885223794705)
((80, 7), 45.324110208313783)
((80, 8), 48.009468478924632)
((80, 9), 48.376496985956962)
((80, 10), 43.975932824750714)
((80, 11), 49.011724949195852)
((80, 12), 44.824318795257206)
((80, 13), 42.44976542881038)
((80, 14), 44.050650263872541)
((80, 15), 46.150167133796636)
((80, 16), 45.550604584639892)
((80, 17), 43.242863101763902)
((80, 18), 45.967452477894554)
((80, 19), 47.827226762573595)
((80, 20), 45.551823891155905)
((80, 21), 44.26232107915272)
((80, 22), 44.580471549672701)
((80, 23), 45.132611016423823)
((80, 24), 42.205854078031258)
((80, 25), 40.434279258904546)
((80, 26), 47.281475876545514)
((80, 27), 44.241583256136693)
((80, 28), 46.38988342918033)
((80, 29), 45.296625584229439)
((80, 30), 42.766893555536441)
((80, 31), 44.589592166216846)
((80, 32), 48.673927134563385)
((80, 33), 46.113449915589271)
((80, 34), 44.582821477141991)
((80, 35), 44.228076755351424)
((80, 36), 43.566899701214844)
((80, 37), 43.727556436278959)
((80, 38), 43.91133116058095)
((80, 39), 43.973341825389248)
((80, 40), 41.469878559837063)
((80, 41), 47.235032414763722)
((80, 42), 45.177059143836047)
((80, 43), 44.683974093220016)
((80, 44), 43.870750583383696)
((80, 45), 44.969794462339749)
((80, 46), 43.285452603884373)
((80, 47), 41.87313289512781)
((80, 48), 43.024900567066531)
((80, 49), 45.515322236695305)
((80, 50), 41.081970797944521)
((80, 51), 43.154885819233584)
((80, 52), 45.611420934282393)
((80, 53), 47.71485690704845)
((80, 54), 42.294877696875545)
((80, 55), 45.596402807007848)
((80, 56), 44.834316061830336)
((80, 57), 40.574109940469398)
((80, 58), 44.629984786256486)
((80, 59), 45.70084405877941)
((80, 60), 46.206245720917131)
((80, 61), 41.923199960156239)
((80, 62), 42.798485850922354)
((80, 63), 40.484917214807872)
((80, 64), 45.585131432240303)
((80, 65), 46.192347919978587)
((80, 66), 43.26745618310116)
((80, 67), 38.725766672765893)
((80, 68), 47.824692615628557)
((80, 69), 42.835374387997398)
((80, 70), 43.737762943840693)
((80, 71), 46.308757791532258)
((80, 72), 45.006578494031203)
((80, 73), 45.032528938062342)
((80, 74), 43.128212781603594)
((80, 75), 45.341876233128787)
((80, 76), 46.425966048039399)
((80, 77), 41.737971463023044)
((80, 78), 45.147219163377144)
((80, 79), 41.196945708990157)
((80, 80), 47.269525058878259)
((80, 81), 46.450288787477227)
((80, 82), 45.512313876582191)
((80, 83), 46.716941409943935)
((80, 84), 43.204053170304917)
((80, 85), 42.857406321250849)
((80, 86), 41.49819949303037)
((80, 87), 44.012025340075738)
((80, 88), 41.457538135748841)
((80, 89), 46.172027714540974)
((80, 90), 43.660005856849423)
((80, 91), 40.950026839547149)
((80, 92), 46.036302775778822)
((80, 93), 45.803652081185291)
((80, 94), 44.167355384933714)
((80, 95), 46.884886394065113)
((80, 96), 45.87969916211587)
((80, 97), 45.797111898799713)
((80, 98), 48.084799823451128)
((80, 99), 45.543482997341201)
((81, 0), 51.4208885422441)
((81, 1), 50.95050647943404)
((81, 2), 51.803660495232705)
((81, 3), 53.760254566760381)
((81, 4), 55.370449612277511)
((81, 5), 54.110429633717608)
((81, 6), 53.638623132181486)
((81, 7), 54.911319746745079)
((81, 8), 56.885053648765371)
((81, 9), 57.138748967335275)
((81, 10), 52.436332675076812)
((81, 11), 57.00338853701161)
((81, 12), 53.170403599739799)
((81, 13), 50.748376765408466)
((81, 14), 52.143547223594481)
((81, 15), 54.840792159323172)
((81, 16), 54.337444038853775)
((81, 17), 53.169212678957415)
((81, 18), 54.449807037594262)
((81, 19), 53.908151367197249)
((81, 20), 57.256285273036191)
((81, 21), 54.664127099043128)
((81, 22), 55.257508593657079)
((81, 23), 53.071253986186974)
((81, 24), 53.226473785385352)
((81, 25), 46.984011334499598)
((81, 26), 56.969951447820051)
((81, 27), 54.406500356453492)
((81, 28), 52.51905604723548)
((81, 29), 53.335635098284826)
((81, 30), 54.50809169448322)
((81, 31), 51.351195914871056)
((81, 32), 58.645858691705072)
((81, 33), 57.713339971600895)
((81, 34), 53.609915366776875)
((81, 35), 52.59172000936033)
((81, 36), 53.976264181434118)
((81, 37), 50.71751288327205)
((81, 38), 52.433649408620653)
((81, 39), 52.591853777013199)
((81, 40), 49.899564595853285)
((81, 41), 54.63885911681745)
((81, 42), 52.229226840540065)
((81, 43), 52.591433551822703)
((81, 44), 53.319629087284881)
((81, 45), 54.992629476791869)
((81, 46), 49.001505834265942)
((81, 47), 52.052716809391463)
((81, 48), 52.32917722521065)
((81, 49), 51.470104824780492)
((81, 50), 51.585514053431204)
((81, 51), 50.9554920742994)
((81, 52), 51.298429264623103)
((81, 53), 54.79162369976121)
((81, 54), 49.19954816045724)
((81, 55), 55.867520051671306)
((81, 56), 53.866615699768339)
((81, 57), 48.034617667865305)
((81, 58), 55.017576448831811)
((81, 59), 53.110090995108919)
((81, 60), 53.598243283289918)
((81, 61), 52.28788077608079)
((81, 62), 54.575209642057956)
((81, 63), 49.630522172117189)
((81, 64), 53.170703741220265)
((81, 65), 52.478883763776665)
((81, 66), 51.120728008260528)
((81, 67), 48.423857299320979)
((81, 68), 56.36479792040528)
((81, 69), 53.359048094470381)
((81, 70), 51.201858518640975)
((81, 71), 54.509954549144368)
((81, 72), 52.732348628970257)
((81, 73), 53.94995876030606)
((81, 74), 53.435383455407347)
((81, 75), 54.538585439781706)
((81, 76), 53.947855630301326)
((81, 77), 52.070251889937119)
((81, 78), 53.02203030687393)
((81, 79), 52.607887430546434)
((81, 80), 56.465192175993934)
((81, 81), 57.020005696328923)
((81, 82), 53.763585571220261)
((81, 83), 53.604326924492995)
((81, 84), 52.722284232395182)
((81, 85), 52.007899959517047)
((81, 86), 52.820675154668017)
((81, 87), 52.983353460309374)
((81, 88), 48.703373917608324)
((81, 89), 56.078738425876246)
((81, 90), 51.73775021061175)
((81, 91), 49.546045467679782)
((81, 92), 54.88986486128595)
((81, 93), 55.741296652353697)
((81, 94), 56.212604456388313)
((81, 95), 54.648028909897093)
((81, 96), 54.992049725294841)
((81, 97), 54.794632812309828)
((81, 98), 56.899089744515393)
((81, 99), 54.430059575635852)
((82, 0), 50.638929689067574)
((82, 1), 50.774333405922405)
((82, 2), 50.40774931090963)
((82, 3), 53.750082976734049)
((82, 4), 55.549036437762616)
((82, 5), 54.123156847619093)
((82, 6), 57.525690834895059)
((82, 7), 56.210437318571834)
((82, 8), 56.04093846242035)
((82, 9), 55.446526844018365)
((82, 10), 53.24544037349883)
((82, 11), 54.918717747414448)
((82, 12), 53.836082583511384)
((82, 13), 51.634483821488416)
((82, 14), 51.288666362975064)
((82, 15), 52.597624274086087)
((82, 16), 51.408060222294083)
((82, 17), 50.979449947052657)
((82, 18), 55.914343236953812)
((82, 19), 54.361493740173941)
((82, 20), 57.534354404278318)
((82, 21), 50.143057060703555)
((82, 22), 52.10304511486212)
((82, 23), 56.216888556062152)
((82, 24), 51.796587487077723)
((82, 25), 46.778008493725167)
((82, 26), 56.254913606559043)
((82, 27), 55.709663441588795)
((82, 28), 54.393741458943438)
((82, 29), 50.173689639555121)
((82, 30), 51.960010688907047)
((82, 31), 51.927141618633968)
((82, 32), 55.371905792561009)
((82, 33), 54.753536890604565)
((82, 34), 53.917350323147176)
((82, 35), 51.428399564777749)
((82, 36), 51.803627976809992)
((82, 37), 51.009474090742366)
((82, 38), 52.062467586765607)
((82, 39), 51.577767066084959)
((82, 40), 50.311035809110415)
((82, 41), 55.689092187111321)
((82, 42), 55.10037755360738)
((82, 43), 51.763758122561654)
((82, 44), 52.844803515312094)
((82, 45), 54.984368951355123)
((82, 46), 49.632780940347843)
((82, 47), 49.795355053471823)
((82, 48), 52.215359537286368)
((82, 49), 51.307176712050683)
((82, 50), 49.790751520552149)
((82, 51), 50.378502357584409)
((82, 52), 52.893614185407145)
((82, 53), 53.999815310644649)
((82, 54), 46.899796988235963)
((82, 55), 54.429100477206603)
((82, 56), 51.949570562422089)
((82, 57), 48.253902473606715)
((82, 58), 52.379285836337097)
((82, 59), 55.466653047597291)
((82, 60), 53.822347478204932)
((82, 61), 50.774092409370468)
((82, 62), 50.983238585499983)
((82, 63), 47.904271611658174)
((82, 64), 54.53015307698886)
((82, 65), 53.327194369640928)
((82, 66), 51.340765109239655)
((82, 67), 48.615682709121671)
((82, 68), 55.919926806903213)
((82, 69), 52.365395913987939)
((82, 70), 50.294855989543578)
((82, 71), 55.238091969368156)
((82, 72), 54.171474371518698)
((82, 73), 52.880876442220753)
((82, 74), 50.907263690317357)
((82, 75), 51.890134216306095)
((82, 76), 54.307127036919965)
((82, 77), 49.637041848223383)
((82, 78), 51.988771423306822)
((82, 79), 49.883316599264553)
((82, 80), 56.943461639770803)
((82, 81), 56.759059277802656)
((82, 82), 53.66889249943965)
((82, 83), 51.993168807765606)
((82, 84), 50.691174151824697)
((82, 85), 50.663088573857706)
((82, 86), 52.211808414101341)
((82, 87), 52.115625527916876)
((82, 88), 48.698742735761982)
((82, 89), 55.996133192287076)
((82, 90), 53.18666427519846)
((82, 91), 47.507071146428565)
((82, 92), 55.36262250309646)
((82, 93), 53.598785743087895)
((82, 94), 54.039275398515748)
((82, 95), 52.221724886788735)
((82, 96), 55.058703300359426)
((82, 97), 54.898911535155719)
((82, 98), 55.779456029942864)
((82, 99), 54.908821981481367)
((83, 0), 52.516350556077754)
((83, 1), 50.454601111376221)
((83, 2), 49.569707633697369)
((83, 3), 50.470535831117374)
((83, 4), 51.29577696352527)
((83, 5), 49.959006096874226)
((83, 6), 53.373233202821709)
((83, 7), 52.78012916711485)
((83, 8), 53.132447772387636)
((83, 9), 57.171207704776613)
((83, 10), 50.945869007294064)
((83, 11), 52.712009372171913)
((83, 12), 51.810026232087409)
((83, 13), 49.845982702303871)
((83, 14), 49.503948419979913)
((83, 15), 55.366384423138399)
((83, 16), 52.962227162235834)
((83, 17), 51.594600344374491)
((83, 18), 53.978114206172137)
((83, 19), 53.784367414260203)
((83, 20), 54.311979157005013)
((83, 21), 51.077799981392673)
((83, 22), 49.012561558987073)
((83, 23), 51.923515994691044)
((83, 24), 51.457221080611419)
((83, 25), 45.786761747844508)
((83, 26), 52.79403361827211)
((83, 27), 52.591560069166007)
((83, 28), 53.812519862595835)
((83, 29), 49.440176161683326)
((83, 30), 50.81658035626139)
((83, 31), 50.900476548202178)
((83, 32), 57.023244420817825)
((83, 33), 52.844754114411103)
((83, 34), 52.836463144689503)
((83, 35), 51.865350505757036)
((83, 36), 51.419394361028381)
((83, 37), 48.985766383196548)
((83, 38), 48.140732987681531)
((83, 39), 53.27415745391319)
((83, 40), 48.941428407446793)
((83, 41), 52.938021698620531)
((83, 42), 50.285887500769505)
((83, 43), 51.353775175339024)
((83, 44), 52.531431121467278)
((83, 45), 53.463082246545824)
((83, 46), 47.57533293780989)
((83, 47), 48.823449627349625)
((83, 48), 47.70723329122697)
((83, 49), 50.012742114341464)
((83, 50), 50.708273209662416)
((83, 51), 48.20551228317165)
((83, 52), 49.43398440415335)
((83, 53), 53.948188287564548)
((83, 54), 48.199150928062835)
((83, 55), 50.554099709674922)
((83, 56), 50.878245984619802)
((83, 57), 48.863923619094322)
((83, 58), 53.896929092919208)
((83, 59), 51.852657072309299)
((83, 60), 54.552043006418884)
((83, 61), 49.633054281154635)
((83, 62), 52.310306556776823)
((83, 63), 48.264751142099342)
((83, 64), 52.498011301319465)
((83, 65), 51.742909403657251)
((83, 66), 49.903883480193571)
((83, 67), 46.696761064091341)
((83, 68), 53.533935473507697)
((83, 69), 53.422399117410365)
((83, 70), 49.587113710214105)
((83, 71), 53.223977369270699)
((83, 72), 51.303425628910432)
((83, 73), 52.041372483428589)
((83, 74), 50.218452525123723)
((83, 75), 53.242948945392534)
((83, 76), 54.520152065220358)
((83, 77), 48.722765897353881)
((83, 78), 51.472421462139785)
((83, 79), 49.958755888457048)
((83, 80), 55.467153519331859)
((83, 81), 53.018089009971888)
((83, 82), 51.999446493428742)
((83, 83), 53.017243286727293)
((83, 84), 48.181676857938804)
((83, 85), 49.089129092230003)
((83, 86), 52.711588920797219)
((83, 87), 51.949831123422754)
((83, 88), 47.441457747448752)
((83, 89), 54.974304656412102)
((83, 90), 50.220943057565279)
((83, 91), 47.761718454507147)
((83, 92), 53.755600484801469)
((83, 93), 52.669614158594932)
((83, 94), 53.751606799497807)
((83, 95), 50.312141614548672)
((83, 96), 52.685927146935384)
((83, 97), 54.057215124289556)
((83, 98), 54.255000539460937)
((83, 99), 54.716175274960264)
((84, 0), 49.525966814237265)
((84, 1), 46.9631596601008)
((84, 2), 46.461041336502703)
((84, 3), 48.212870908559871)
((84, 4), 49.782644045166506)
((84, 5), 47.962112618772238)
((84, 6), 50.499245392742971)
((84, 7), 49.960159277157132)
((84, 8), 53.502849622174196)
((84, 9), 52.037540603703533)
((84, 10), 49.058088372911598)
((84, 11), 50.160256651602673)
((84, 12), 48.50890784735131)
((84, 13), 43.56181675144741)
((84, 14), 45.971657908319358)
((84, 15), 50.39713721454487)
((84, 16), 48.525163564953139)
((84, 17), 47.836530134112259)
((84, 18), 50.971894592597039)
((84, 19), 50.01749991097364)
((84, 20), 52.485683595822849)
((84, 21), 46.383267849124302)
((84, 22), 49.333870037962981)
((84, 23), 49.104724862465297)
((84, 24), 49.739639779358214)
((84, 25), 43.311033937527299)
((84, 26), 48.511458319854583)
((84, 27), 48.231466584839872)
((84, 28), 49.232845855531728)
((84, 29), 47.184066304954243)
((84, 30), 49.049515662114189)
((84, 31), 48.643053247241482)
((84, 32), 53.129388606089634)
((84, 33), 50.008294990832752)
((84, 34), 51.251981825989034)
((84, 35), 48.528917492160808)
((84, 36), 45.939032487199036)
((84, 37), 45.964083570595577)
((84, 38), 46.967140128367603)
((84, 39), 47.188232932006763)
((84, 40), 45.631393339560219)
((84, 41), 50.959140690726073)
((84, 42), 47.808518973187674)
((84, 43), 47.489230057986838)
((84, 44), 46.779127288292287)
((84, 45), 49.897447602939387)
((84, 46), 44.763034622486316)
((84, 47), 46.476224436547867)
((84, 48), 47.601273374507244)
((84, 49), 48.818932476488598)
((84, 50), 46.716209261320387)
((84, 51), 47.5172665800266)
((84, 52), 46.958762406473035)
((84, 53), 51.254271827784493)
((84, 54), 46.885047315320094)
((84, 55), 49.68767654052342)
((84, 56), 49.157666263771489)
((84, 57), 47.544412222818991)
((84, 58), 50.993941628445775)
((84, 59), 49.532682738779251)
((84, 60), 49.753288170918935)
((84, 61), 48.158039054716568)
((84, 62), 48.92598379046386)
((84, 63), 45.8735005738545)
((84, 64), 52.536334422251933)
((84, 65), 48.277166847105477)
((84, 66), 44.682045868011897)
((84, 67), 44.634590465515515)
((84, 68), 50.896603810018469)
((84, 69), 47.715934855801535)
((84, 70), 48.337168614146528)
((84, 71), 52.890929545679839)
((84, 72), 49.289135872224193)
((84, 73), 48.078078635201081)
((84, 74), 45.635145585550077)
((84, 75), 48.424873134616384)
((84, 76), 49.861896017024783)
((84, 77), 46.944896560493305)
((84, 78), 50.338449657880183)
((84, 79), 45.969736540031874)
((84, 80), 53.837542704285518)
((84, 81), 52.676048648342693)
((84, 82), 49.855393138763773)
((84, 83), 48.64671806933157)
((84, 84), 46.855063565690678)
((84, 85), 46.088593334518976)
((84, 86), 47.9237970621964)
((84, 87), 49.799037814330312)
((84, 88), 43.634932234520576)
((84, 89), 50.798084154867013)
((84, 90), 47.76400093882976)
((84, 91), 45.457178454353084)
((84, 92), 50.337452643015062)
((84, 93), 49.180454542011958)
((84, 94), 50.048124586423583)
((84, 95), 51.208500292536243)
((84, 96), 51.403352786437203)
((84, 97), 50.644818558031474)
((84, 98), 52.644009224266171)
((84, 99), 50.591225258447949)
((85, 0), 47.242444227993609)
((85, 1), 49.456972346347072)
((85, 2), 47.573246095859318)
((85, 3), 48.999103532395424)
((85, 4), 48.623474520590463)
((85, 5), 48.24980298666383)
((85, 6), 51.110498485410666)
((85, 7), 51.456896913745624)
((85, 8), 53.755026028769443)
((85, 9), 51.406916564083907)
((85, 10), 47.689136292137057)
((85, 11), 51.013107839598774)
((85, 12), 50.114599953651322)
((85, 13), 47.034616750712516)
((85, 14), 46.279207229422283)
((85, 15), 48.174911635734048)
((85, 16), 48.844184194753552)
((85, 17), 49.225310984326683)
((85, 18), 49.275007745905768)
((85, 19), 50.021409106431946)
((85, 20), 53.888515594770894)
((85, 21), 47.725620867505768)
((85, 22), 49.148554502103714)
((85, 23), 50.341902013638432)
((85, 24), 48.724192491665029)
((85, 25), 45.461762550700996)
((85, 26), 50.781203964505153)
((85, 27), 49.231717131839559)
((85, 28), 51.238673957585576)
((85, 29), 48.476806657042921)
((85, 30), 49.125946425839125)
((85, 31), 47.555279933302572)
((85, 32), 52.167887742529089)
((85, 33), 48.48427922755468)
((85, 34), 50.065293094809604)
((85, 35), 47.887863357963909)
((85, 36), 50.490722754233325)
((85, 37), 46.328439612716217)
((85, 38), 48.790343847026719)
((85, 39), 47.552293097013028)
((85, 40), 48.98310286639817)
((85, 41), 51.362349882264112)
((85, 42), 48.301512971096905)
((85, 43), 48.982990976594166)
((85, 44), 49.057819500236285)
((85, 45), 49.665495678715601)
((85, 46), 46.369267066199114)
((85, 47), 48.214276922267921)
((85, 48), 49.208210143130572)
((85, 49), 48.955857529178147)
((85, 50), 46.842207136208842)
((85, 51), 45.710714515515228)
((85, 52), 47.7213600510959)
((85, 53), 48.321632621558521)
((85, 54), 49.190056570554226)
((85, 55), 49.918676489363378)
((85, 56), 48.946965003763339)
((85, 57), 44.842516170961062)
((85, 58), 49.278969676811805)
((85, 59), 49.360510077134606)
((85, 60), 51.863584978689175)
((85, 61), 46.797263400812895)
((85, 62), 48.50544288605964)
((85, 63), 45.46423633887234)
((85, 64), 51.166747870238481)
((85, 65), 48.95371734880932)
((85, 66), 46.495860077085496)
((85, 67), 46.219980449751226)
((85, 68), 51.841793835442651)
((85, 69), 49.577112854089833)
((85, 70), 48.885031284065533)
((85, 71), 52.116458410795744)
((85, 72), 50.683782569885146)
((85, 73), 49.487766812768811)
((85, 74), 49.089524517142848)
((85, 75), 50.160413929520175)
((85, 76), 50.595765667290117)
((85, 77), 46.641373688217016)
((85, 78), 48.661479679625003)
((85, 79), 46.318616293825343)
((85, 80), 53.553329611767737)
((85, 81), 50.76157681818988)
((85, 82), 50.728752551778278)
((85, 83), 49.040074988003546)
((85, 84), 47.923857910367637)
((85, 85), 46.635235713298236)
((85, 86), 48.39411606573244)
((85, 87), 49.998363368815745)
((85, 88), 47.271679128534053)
((85, 89), 52.040684069602605)
((85, 90), 47.065684186980377)
((85, 91), 46.032824610216323)
((85, 92), 50.818068764521321)
((85, 93), 51.466707570113471)
((85, 94), 52.133197549032445)
((85, 95), 50.07877294475945)
((85, 96), 51.355761250813259)
((85, 97), 50.771006437844989)
((85, 98), 52.143052498481254)
((85, 99), 52.242441623613956)
((86, 0), 48.482658364016885)
((86, 1), 49.941258055245612)
((86, 2), 49.518926176944525)
((86, 3), 51.549463740430255)
((86, 4), 50.943238870357106)
((86, 5), 50.171760768405186)
((86, 6), 53.390786717570151)
((86, 7), 52.993904553963532)
((86, 8), 53.736746842267408)
((86, 9), 55.2446147497552)
((86, 10), 51.714639974135935)
((86, 11), 51.233533360140299)
((86, 12), 50.917418322510187)
((86, 13), 47.673169559325771)
((86, 14), 47.836426342650839)
((86, 15), 50.92566313536507)
((86, 16), 50.919335496815677)
((86, 17), 48.058035690877816)
((86, 18), 52.85694773258038)
((86, 19), 52.521615374762241)
((86, 20), 55.583668773582119)
((86, 21), 48.640036542547548)
((86, 22), 49.578254140191746)
((86, 23), 51.424222139349794)
((86, 24), 51.406650042761513)
((86, 25), 45.869024630243544)
((86, 26), 51.234751195653644)
((86, 27), 49.897723340271554)
((86, 28), 51.6276732341992)
((86, 29), 49.744571061052199)
((86, 30), 50.10550395072358)
((86, 31), 51.511894378636889)
((86, 32), 55.104685669262196)
((86, 33), 51.106308046775325)
((86, 34), 50.756576302879822)
((86, 35), 49.271139002644972)
((86, 36), 48.826071309341081)
((86, 37), 48.024681372201584)
((86, 38), 50.10337685266299)
((86, 39), 49.270523259692659)
((86, 40), 46.729137195467189)
((86, 41), 52.227972998734259)
((86, 42), 48.996500251106887)
((86, 43), 48.921456396292214)
((86, 44), 50.029629984582087)
((86, 45), 51.858500035535108)
((86, 46), 45.510046322925803)
((86, 47), 48.723305940342968)
((86, 48), 48.018273149534522)
((86, 49), 51.235993807837446)
((86, 50), 47.697228624730393)
((86, 51), 48.344193299740596)
((86, 52), 49.529693615313249)
((86, 53), 53.270562200708731)
((86, 54), 50.139448595630007)
((86, 55), 51.175089647998632)
((86, 56), 50.056184887671506)
((86, 57), 46.136580092416622)
((86, 58), 50.194219811955648)
((86, 59), 50.564813780277817)
((86, 60), 51.823071290801664)
((86, 61), 47.823374533229838)
((86, 62), 49.321483076396092)
((86, 63), 48.334264722667669)
((86, 64), 52.441055238986166)
((86, 65), 50.153724539113554)
((86, 66), 47.356079981732904)
((86, 67), 44.525391499638282)
((86, 68), 52.185982849023866)
((86, 69), 49.013152249791709)
((86, 70), 49.6270775789041)
((86, 71), 53.029347468995702)
((86, 72), 48.488940755102519)
((86, 73), 52.839856879348019)
((86, 74), 48.089914772159077)
((86, 75), 51.067284871882705)
((86, 76), 54.550914630361056)
((86, 77), 47.301519040023145)
((86, 78), 50.127249553276059)
((86, 79), 48.685483406495294)
((86, 80), 53.360195635068877)
((86, 81), 52.978608978707911)
((86, 82), 53.259168542673635)
((86, 83), 51.211157060759113)
((86, 84), 48.391862240935254)
((86, 85), 43.891997434048534)
((86, 86), 49.67839132011801)
((86, 87), 51.044041401003028)
((86, 88), 49.329620184456502)
((86, 89), 53.996248573781074)
((86, 90), 50.713164548641359)
((86, 91), 44.912638277489982)
((86, 92), 52.773080096384447)
((86, 93), 50.276247949191934)
((86, 94), 52.000300927464657)
((86, 95), 53.935552622158681)
((86, 96), 54.182130421501029)
((86, 97), 52.07650486757781)
((86, 98), 52.41773009760869)
((86, 99), 54.178908476630141)
((87, 0), 50.451864483692923)
((87, 1), 49.579776593607711)
((87, 2), 50.045826523621443)
((87, 3), 52.789338599478569)
((87, 4), 52.41241791159662)
((87, 5), 52.625962333842381)
((87, 6), 53.206142937259507)
((87, 7), 52.358051831254905)
((87, 8), 54.00525238738328)
((87, 9), 52.76358040128008)
((87, 10), 52.136550762355142)
((87, 11), 54.933592372850455)
((87, 12), 52.829108567154421)
((87, 13), 49.785023638207491)
((87, 14), 51.548468140426223)
((87, 15), 51.57019769883884)
((87, 16), 54.375103671850141)
((87, 17), 51.001879516628264)
((87, 18), 52.192417455512143)
((87, 19), 54.172956681497737)
((87, 20), 56.101548526615495)
((87, 21), 48.428540239965038)
((87, 22), 50.316528597347741)
((87, 23), 54.077235762178113)
((87, 24), 48.424272488440067)
((87, 25), 47.040944954699498)
((87, 26), 54.462430478768674)
((87, 27), 53.565373659057471)
((87, 28), 53.870570169546767)
((87, 29), 51.905867888135745)
((87, 30), 49.530856096577175)
((87, 31), 50.397354414843704)
((87, 32), 56.10198790374249)
((87, 33), 52.344368772196596)
((87, 34), 51.67256888832096)
((87, 35), 51.520920864791194)
((87, 36), 51.15506984381787)
((87, 37), 50.678082175324143)
((87, 38), 52.763401677117365)
((87, 39), 51.37629814906667)
((87, 40), 50.461597411077648)
((87, 41), 52.823422230004759)
((87, 42), 49.611968549147612)
((87, 43), 53.169878188197742)
((87, 44), 51.582115241042331)
((87, 45), 53.212824161775167)
((87, 46), 48.683077251889095)
((87, 47), 50.418782016271649)
((87, 48), 51.760550146523613)
((87, 49), 51.837904598384775)
((87, 50), 48.054618658970973)
((87, 51), 51.021821990378434)
((87, 52), 54.401121348135675)
((87, 53), 52.294348779982627)
((87, 54), 45.792694133848102)
((87, 55), 51.895109721646051)
((87, 56), 51.506747499548212)
((87, 57), 48.281817253755833)
((87, 58), 52.618006899372887)
((87, 59), 53.101299776779854)
((87, 60), 52.268005576135593)
((87, 61), 50.469476282527737)
((87, 62), 53.43976987987682)
((87, 63), 48.541700273367532)
((87, 64), 51.853263386600091)
((87, 65), 52.210509865555949)
((87, 66), 49.776248530909598)
((87, 67), 47.723166573198768)
((87, 68), 52.21743559741374)
((87, 69), 49.637265489909012)
((87, 70), 50.601308621726211)
((87, 71), 51.861180028564135)
((87, 72), 50.612648806711391)
((87, 73), 54.267038960558246)
((87, 74), 49.900921926698807)
((87, 75), 51.723439453362296)
((87, 76), 52.909361380492911)
((87, 77), 47.197093864868677)
((87, 78), 54.323678112275346)
((87, 79), 48.610151781841161)
((87, 80), 57.049647542148897)
((87, 81), 55.952243156510626)
((87, 82), 52.918176624878868)
((87, 83), 52.1480731297125)
((87, 84), 50.876070746109463)
((87, 85), 50.849958318047953)
((87, 86), 49.849516367472404)
((87, 87), 51.251034953168116)
((87, 88), 47.950261464380617)
((87, 89), 56.096316223731364)
((87, 90), 50.06676413707963)
((87, 91), 49.504859515310443)
((87, 92), 52.953193787281023)
((87, 93), 52.354034243130364)
((87, 94), 55.015461637474068)
((87, 95), 52.060294888225492)
((87, 96), 53.834633095550714)
((87, 97), 55.373567047994662)
((87, 98), 56.173625167197372)
((87, 99), 52.320249414750521)
((88, 0), 47.210592813058383)
((88, 1), 46.399598711100566)
((88, 2), 45.790443039159157)
((88, 3), 47.913469751852972)
((88, 4), 48.315690230770777)
((88, 5), 47.028099805979494)
((88, 6), 48.738328648613894)
((88, 7), 47.896434325472541)
((88, 8), 51.285629139435088)
((88, 9), 50.459808212560191)
((88, 10), 46.738626208060012)
((88, 11), 48.689841532450828)
((88, 12), 47.177241527899007)
((88, 13), 44.598531658150904)
((88, 14), 43.914307688365369)
((88, 15), 50.089925507373991)
((88, 16), 48.386668316076303)
((88, 17), 49.053730345838126)
((88, 18), 50.135676768746748)
((88, 19), 48.290868163694725)
((88, 20), 51.919759515721552)
((88, 21), 47.167933104898296)
((88, 22), 47.191267352248161)
((88, 23), 50.794121852692015)
((88, 24), 47.977362051389832)
((88, 25), 42.149534585170642)
((88, 26), 49.217281285982942)
((88, 27), 50.08249763819753)
((88, 28), 46.628265589673902)
((88, 29), 47.22850666272484)
((88, 30), 47.613993327535397)
((88, 31), 47.737057641988905)
((88, 32), 50.599415711932593)
((88, 33), 47.209614680622643)
((88, 34), 47.492911338432798)
((88, 35), 46.360609161118504)
((88, 36), 46.027390586572778)
((88, 37), 45.403791924712991)
((88, 38), 44.971623157181483)
((88, 39), 46.464095094632043)
((88, 40), 46.680714433738601)
((88, 41), 50.85954263663978)
((88, 42), 47.571372157145575)
((88, 43), 47.626940056633707)
((88, 44), 46.668838196369236)
((88, 45), 46.870326033057367)
((88, 46), 42.21528496429351)
((88, 47), 45.064420752254307)
((88, 48), 45.852277179724325)
((88, 49), 47.870777039139277)
((88, 50), 45.443434456572106)
((88, 51), 45.782388541107608)
((88, 52), 45.960742279563476)
((88, 53), 49.051979263581345)
((88, 54), 44.951457088297062)
((88, 55), 47.289375113134795)
((88, 56), 46.624824171667107)
((88, 57), 44.469742399163344)
((88, 58), 48.43568848728372)
((88, 59), 48.338381982388022)
((88, 60), 49.101257335907732)
((88, 61), 45.686323738877846)
((88, 62), 48.053045336331863)
((88, 63), 44.804693745243952)
((88, 64), 48.862213148242134)
((88, 65), 47.616765779329953)
((88, 66), 46.523315703115266)
((88, 67), 45.987840244530169)
((88, 68), 52.0887609972416)
((88, 69), 48.2394470191255)
((88, 70), 45.478966804752218)
((88, 71), 47.944523346800928)
((88, 72), 46.068877651448673)
((88, 73), 47.694571450328297)
((88, 74), 45.088117557409845)
((88, 75), 45.993032974759757)
((88, 76), 49.930213816924564)
((88, 77), 46.673305749515251)
((88, 78), 49.209046891770932)
((88, 79), 46.219637532521617)
((88, 80), 50.791098286166068)
((88, 81), 50.455437983799229)
((88, 82), 48.572626871602807)
((88, 83), 47.256813572211676)
((88, 84), 45.502489723923901)
((88, 85), 46.242100924563296)
((88, 86), 46.788979434940984)
((88, 87), 46.900938857919819)
((88, 88), 44.057571778145558)
((88, 89), 51.151701272747452)
((88, 90), 46.791414018651835)
((88, 91), 43.273937678380278)
((88, 92), 50.702864243391375)
((88, 93), 48.865009659552143)
((88, 94), 49.824077483407294)
((88, 95), 47.608156097060828)
((88, 96), 50.29586225323353)
((88, 97), 49.195340804458674)
((88, 98), 51.800577202569592)
((88, 99), 49.751914405167767)
((89, 0), 48.68177908671246)
((89, 1), 47.767548971126033)
((89, 2), 50.895673305326248)
((89, 3), 50.662949612354609)
((89, 4), 51.975374643447012)
((89, 5), 50.12820444260857)
((89, 6), 51.032178814733626)
((89, 7), 51.013519708033066)
((89, 8), 51.127626537642548)
((89, 9), 55.651265537705854)
((89, 10), 47.480363025395405)
((89, 11), 53.581414920721159)
((89, 12), 49.543767937418593)
((89, 13), 48.272481856254231)
((89, 14), 48.302354759559805)
((89, 15), 51.501145733384092)
((89, 16), 51.589658940487659)
((89, 17), 48.129211576218687)
((89, 18), 52.177668984159311)
((89, 19), 53.288088609253961)
((89, 20), 54.939626016771086)
((89, 21), 49.716775873941998)
((89, 22), 50.525187206245732)
((89, 23), 50.621652752347799)
((89, 24), 48.105253201905633)
((89, 25), 45.362989651665814)
((89, 26), 52.928804464571066)
((89, 27), 48.151804405973493)
((89, 28), 51.393319941850535)
((89, 29), 49.27403866732859)
((89, 30), 48.900630739539928)
((89, 31), 49.422945946051499)
((89, 32), 52.977067329920722)
((89, 33), 54.297194743913614)
((89, 34), 52.012727816510179)
((89, 35), 52.370769167044564)
((89, 36), 49.526039140443274)
((89, 37), 49.490184164953305)
((89, 38), 49.274708934862772)
((89, 39), 49.514831620169062)
((89, 40), 48.525604630698972)
((89, 41), 53.555920436792157)
((89, 42), 48.151667704375875)
((89, 43), 51.327179579024026)
((89, 44), 50.318394287256282)
((89, 45), 55.497282704973259)
((89, 46), 47.56801465602782)
((89, 47), 47.219828599991473)
((89, 48), 50.23809835312948)
((89, 49), 48.862697409955693)
((89, 50), 47.041515461936669)
((89, 51), 49.060405789038512)
((89, 52), 51.856037152652945)
((89, 53), 52.697428128161476)
((89, 54), 47.08562335290177)
((89, 55), 51.662233763648992)
((89, 56), 50.69976732229847)
((89, 57), 46.652653220877887)
((89, 58), 52.41017005823764)
((89, 59), 52.211947658433161)
((89, 60), 52.207202038794286)
((89, 61), 48.52691106309841)
((89, 62), 50.119486550004467)
((89, 63), 45.590349483938809)
((89, 64), 51.238352522365844)
((89, 65), 51.994003185265079)
((89, 66), 48.161427656536389)
((89, 67), 48.19041376352223)
((89, 68), 52.361871808827374)
((89, 69), 49.231372447987198)
((89, 70), 49.706851457238749)
((89, 71), 52.210709232632901)
((89, 72), 48.693195181209816)
((89, 73), 51.262574567362606)
((89, 74), 50.236416407886196)
((89, 75), 51.448642802060661)
((89, 76), 54.225196395101221)
((89, 77), 48.391431420738186)
((89, 78), 53.587275337231475)
((89, 79), 46.034318782230493)
((89, 80), 53.647222390864357)
((89, 81), 53.06767172309403)
((89, 82), 50.917659095412318)
((89, 83), 50.761702027741094)
((89, 84), 47.642401863821561)
((89, 85), 48.898136586503313)
((89, 86), 49.311778846007321)
((89, 87), 50.041360198476312)
((89, 88), 48.258319726938375)
((89, 89), 53.85743858079266)
((89, 90), 48.519640813625173)
((89, 91), 47.123029875264848)
((89, 92), 53.127903667462945)
((89, 93), 52.960754809412791)
((89, 94), 52.435472370317015)
((89, 95), 51.94851092027924)
((89, 96), 51.724166139960602)
((89, 97), 54.192816230076119)
((89, 98), 54.508930533730776)
((89, 99), 51.617358679164852)
((90, 0), 48.129065949439656)
((90, 1), 47.738290277477041)
((90, 2), 48.730755254037945)
((90, 3), 49.622697911081374)
((90, 4), 48.097222241006619)
((90, 5), 46.361814306381319)
((90, 6), 49.906660004929492)
((90, 7), 49.406965894532298)
((90, 8), 52.894889285365068)
((90, 9), 54.716362540539812)
((90, 10), 45.052798559325971)
((90, 11), 50.456355538579146)
((90, 12), 48.676438379666656)
((90, 13), 47.293651872127604)
((90, 14), 48.298755094839308)
((90, 15), 50.593071041448006)
((90, 16), 49.525441067814157)
((90, 17), 46.725751362410236)
((90, 18), 52.290224618067761)
((90, 19), 49.162094485151748)
((90, 20), 54.208238397837661)
((90, 21), 45.651110630494095)
((90, 22), 48.447111633064978)
((90, 23), 50.151202846281379)
((90, 24), 48.260244338442547)
((90, 25), 45.068814320949869)
((90, 26), 50.661699447107097)
((90, 27), 46.454580330687463)
((90, 28), 48.150894488853567)
((90, 29), 49.480744975049241)
((90, 30), 46.612910064920911)
((90, 31), 46.575735589232309)
((90, 32), 52.347802970015962)
((90, 33), 49.578309663161363)
((90, 34), 49.924617555754608)
((90, 35), 49.865839910690951)
((90, 36), 49.103814839270896)
((90, 37), 47.077160515466488)
((90, 38), 49.507170953312745)
((90, 39), 49.882152059659674)
((90, 40), 45.921331143638291)
((90, 41), 49.173748709393934)
((90, 42), 49.265131853929724)
((90, 43), 47.364012073175644)
((90, 44), 50.333507264998076)
((90, 45), 50.255441201677478)
((90, 46), 46.217325614140691)
((90, 47), 47.299131984319573)
((90, 48), 48.824256702116514)
((90, 49), 47.131406948707806)
((90, 50), 45.997830417599225)
((90, 51), 49.068681205780962)
((90, 52), 48.485379185434127)
((90, 53), 50.79304584375565)
((90, 54), 44.46812819747862)
((90, 55), 49.637034429549743)
((90, 56), 50.447276236971426)
((90, 57), 43.588613838186411)
((90, 58), 49.549651666161424)
((90, 59), 51.781049432950589)
((90, 60), 51.461379153177063)
((90, 61), 47.499243631237007)
((90, 62), 47.704978474247781)
((90, 63), 44.60254556983088)
((90, 64), 49.818498694423297)
((90, 65), 50.383291987092406)
((90, 66), 45.429535848968484)
((90, 67), 47.219765362961461)
((90, 68), 51.232100782880281)
((90, 69), 50.448572133481129)
((90, 70), 49.630093451389129)
((90, 71), 49.833719129466537)
((90, 72), 49.395896076729301)
((90, 73), 49.646365848916574)
((90, 74), 46.758780507460017)
((90, 75), 50.359187220695013)
((90, 76), 49.187322772158382)
((90, 77), 46.510966978534967)
((90, 78), 50.143904301527762)
((90, 79), 46.182618999711053)
((90, 80), 55.032902246160056)
((90, 81), 51.064688584884763)
((90, 82), 49.224810014774448)
((90, 83), 50.290022955837074)
((90, 84), 50.708914940557406)
((90, 85), 46.818556181679249)
((90, 86), 47.570320637633586)
((90, 87), 48.091124268418355)
((90, 88), 45.153163209312567)
((90, 89), 51.961395231660951)
((90, 90), 47.221653871832196)
((90, 91), 45.457849754014504)
((90, 92), 50.474217466125992)
((90, 93), 51.763117581519353)
((90, 94), 50.803061725576086)
((90, 95), 48.723181149616423)
((90, 96), 50.830423682883513)
((90, 97), 53.626430147878196)
((90, 98), 54.537725891839273)
((90, 99), 49.545148221862604)
((91, 0), 46.887078661990806)
((91, 1), 43.624610476306302)
((91, 2), 47.818503920258834)
((91, 3), 48.080992528645524)
((91, 4), 48.180962495727634)
((91, 5), 48.446077683102821)
((91, 6), 49.218459682349938)
((91, 7), 47.387031431650641)
((91, 8), 49.835094206990156)
((91, 9), 50.192626861642069)
((91, 10), 46.187943654584352)
((91, 11), 50.483617080841725)
((91, 12), 48.142852519032147)
((91, 13), 43.041216572059206)
((91, 14), 45.927711297730525)
((91, 15), 50.932684530444284)
((91, 16), 47.220160713754758)
((91, 17), 45.961796969169228)
((91, 18), 49.35167376535415)
((91, 19), 49.02419944210979)
((91, 20), 51.852902262988437)
((91, 21), 47.663664504887301)
((91, 22), 45.411942691285191)
((91, 23), 48.072719011461231)
((91, 24), 45.821193729425232)
((91, 25), 42.684518573678041)
((91, 26), 49.238694950031935)
((91, 27), 47.902219761280847)
((91, 28), 48.732526067154097)
((91, 29), 49.223977142504275)
((91, 30), 46.764055060756974)
((91, 31), 46.57733842557559)
((91, 32), 51.074047250185217)
((91, 33), 51.216267319521101)
((91, 34), 48.928332163746013)
((91, 35), 45.708953135049995)
((91, 36), 46.375439288574142)
((91, 37), 46.002338660146179)
((91, 38), 46.62864482855759)
((91, 39), 47.465521328323817)
((91, 40), 44.975031090572656)
((91, 41), 48.852633789512481)
((91, 42), 47.653508581229488)
((91, 43), 46.965572576523705)
((91, 44), 46.644149159231766)
((91, 45), 49.269076114102489)
((91, 46), 44.553058916032541)
((91, 47), 44.575713309004378)
((91, 48), 47.865251061135325)
((91, 49), 48.757476250510855)
((91, 50), 46.154170929905348)
((91, 51), 46.165213388952147)
((91, 52), 47.328264903910267)
((91, 53), 51.49146131932617)
((91, 54), 44.012331120967261)
((91, 55), 47.410708183626198)
((91, 56), 49.233730554096013)
((91, 57), 45.606979625246197)
((91, 58), 52.125501014974162)
((91, 59), 49.772648760713111)
((91, 60), 49.877079583880416)
((91, 61), 46.620085730592379)
((91, 62), 47.975502675627752)
((91, 63), 44.616612121838024)
((91, 64), 48.627882809772089)
((91, 65), 47.931039741703813)
((91, 66), 45.051265500814708)
((91, 67), 42.008664807662576)
((91, 68), 48.54812240008598)
((91, 69), 46.802597739678788)
((91, 70), 44.947311808158965)
((91, 71), 50.361111096459261)
((91, 72), 47.156249998255248)
((91, 73), 48.201816508024557)
((91, 74), 46.029266987053518)
((91, 75), 48.355094973213617)
((91, 76), 47.404949857194858)
((91, 77), 47.990674620258801)
((91, 78), 49.400667832656595)
((91, 79), 44.374018793334898)
((91, 80), 53.868223208163428)
((91, 81), 47.229067666870407)
((91, 82), 49.577665838300931)
((91, 83), 51.700716770471544)
((91, 84), 43.644627212240415)
((91, 85), 45.188904000761099)
((91, 86), 46.272441352873301)
((91, 87), 46.936321222219036)
((91, 88), 41.945857309289515)
((91, 89), 51.909163260917964)
((91, 90), 44.346590273241219)
((91, 91), 44.715108348838356)
((91, 92), 49.576949955139902)
((91, 93), 48.460794450288255)
((91, 94), 48.755196323532324)
((91, 95), 46.672204421741426)
((91, 96), 47.785206563189966)
((91, 97), 49.133327828035206)
((91, 98), 50.647148665164352)
((91, 99), 47.485121807148843)
((92, 0), 53.176345842204803)
((92, 1), 50.994471098432037)
((92, 2), 49.715751039336901)
((92, 3), 51.272896215962419)
((92, 4), 48.825923803256927)
((92, 5), 52.567482435854437)
((92, 6), 54.908751940322425)
((92, 7), 53.372355564539745)
((92, 8), 57.62551333014467)
((92, 9), 56.639945892708226)
((92, 10), 51.129345825219417)
((92, 11), 54.784711480312062)
((92, 12), 52.59498411516654)
((92, 13), 50.90605554296156)
((92, 14), 51.62346623228045)
((92, 15), 51.783794181294638)
((92, 16), 52.487389731790699)
((92, 17), 50.324618064333265)
((92, 18), 53.932041374958445)
((92, 19), 53.274793118661911)
((92, 20), 56.17424220104364)
((92, 21), 49.653882660791353)
((92, 22), 50.077855462034464)
((92, 23), 55.323710371043731)
((92, 24), 50.013591617158518)
((92, 25), 47.550886672831957)
((92, 26), 52.83853872668)
((92, 27), 53.233272576913734)
((92, 28), 54.646720501516349)
((92, 29), 53.526218286767033)
((92, 30), 49.59463117043201)
((92, 31), 50.641674100976211)
((92, 32), 56.937984275312658)
((92, 33), 50.134029412450104)
((92, 34), 52.937179130199056)
((92, 35), 53.21843187019617)
((92, 36), 53.12991633786632)
((92, 37), 48.191687407102556)
((92, 38), 51.820426241617099)
((92, 39), 49.751166005319504)
((92, 40), 50.041560411694036)
((92, 41), 54.509664187168326)
((92, 42), 51.57147877733982)
((92, 43), 51.282204501405502)
((92, 44), 52.956122869769942)
((92, 45), 53.022442430294959)
((92, 46), 51.485468274874115)
((92, 47), 48.527981524358054)
((92, 48), 51.750871820672621)
((92, 49), 48.343893929322746)
((92, 50), 47.591558749334993)
((92, 51), 49.665290913847372)
((92, 52), 50.708340213565194)
((92, 53), 54.239033365838125)
((92, 54), 47.265155740906536)
((92, 55), 51.434478875616875)
((92, 56), 50.970656717661882)
((92, 57), 48.163124538248141)
((92, 58), 52.932304270625103)
((92, 59), 52.677402355390278)
((92, 60), 51.400913122103631)
((92, 61), 49.736180448137894)
((92, 62), 51.971746253615045)
((92, 63), 51.421489744037956)
((92, 64), 52.194695203870253)
((92, 65), 52.097451514777902)
((92, 66), 50.043677335203441)
((92, 67), 47.500674555688747)
((92, 68), 52.611038722711655)
((92, 69), 52.315800156249885)
((92, 70), 53.293744395854169)
((92, 71), 53.403358660326475)
((92, 72), 53.143012222117974)
((92, 73), 52.841352178815029)
((92, 74), 50.387948098458736)
((92, 75), 55.339457063538418)
((92, 76), 53.918621118307485)
((92, 77), 48.780693573432544)
((92, 78), 54.245945853805026)
((92, 79), 50.517383716562861)
((92, 80), 54.701850862881535)
((92, 81), 54.956086152370787)
((92, 82), 52.961648972842809)
((92, 83), 52.866296418090414)
((92, 84), 50.428230298072016)
((92, 85), 50.587634322881968)
((92, 86), 50.308744126334489)
((92, 87), 53.439539676919537)
((92, 88), 48.664418977174471)
((92, 89), 53.147137160880106)
((92, 90), 51.523560723036596)
((92, 91), 48.464800597162295)
((92, 92), 53.203009794083542)
((92, 93), 54.093364307094461)
((92, 94), 53.650705275525446)
((92, 95), 52.875372710234188)
((92, 96), 55.171204841242087)
((92, 97), 55.189566282686158)
((92, 98), 57.57765273500091)
((92, 99), 54.835266369823074)
((93, 0), 52.466876727861923)
((93, 1), 52.385545704303148)
((93, 2), 52.422499484447542)
((93, 3), 52.441947787054985)
((93, 4), 53.116223293164289)
((93, 5), 53.97519998295121)
((93, 6), 57.234841198351617)
((93, 7), 54.432535877197367)
((93, 8), 57.263331933420119)
((93, 9), 59.691438141489229)
((93, 10), 52.002137828297606)
((93, 11), 57.421307447982599)
((93, 12), 54.744643450893861)
((93, 13), 51.446336440694914)
((93, 14), 50.683767351545967)
((93, 15), 55.76341091176495)
((93, 16), 55.213005578056553)
((93, 17), 51.30014018250624)
((93, 18), 55.270073147447476)
((93, 19), 54.067927565106721)
((93, 20), 58.431239080431439)
((93, 21), 52.653282208916835)
((93, 22), 51.953068889170723)
((93, 23), 53.966778026433225)
((93, 24), 51.969746651549357)
((93, 25), 46.806631558625654)
((93, 26), 55.355459423841168)
((93, 27), 55.934157383732824)
((93, 28), 53.243115382075544)
((93, 29), 53.813545265770763)
((93, 30), 51.934619672179565)
((93, 31), 52.599699511666444)
((93, 32), 58.628982225759202)
((93, 33), 54.525270052778367)
((93, 34), 54.921487307862179)
((93, 35), 52.594215727551052)
((93, 36), 53.430866597285728)
((93, 37), 51.65034970188259)
((93, 38), 53.462805472547487)
((93, 39), 51.002434711615734)
((93, 40), 50.331129766761777)
((93, 41), 56.628527157509836)
((93, 42), 52.234557025972961)
((93, 43), 54.948282367260276)
((93, 44), 54.713308100111036)
((93, 45), 56.472014724001497)
((93, 46), 52.429659164935515)
((93, 47), 49.762273075981945)
((93, 48), 51.805209223698185)
((93, 49), 50.886112523185673)
((93, 50), 51.474952093517942)
((93, 51), 51.663319248862166)
((93, 52), 52.062407787710995)
((93, 53), 56.861801513294239)
((93, 54), 51.586526154067613)
((93, 55), 54.509914627771792)
((93, 56), 51.370329388187713)
((93, 57), 48.62012782464042)
((93, 58), 55.470546981347923)
((93, 59), 52.010905995864562)
((93, 60), 55.279821217106964)
((93, 61), 50.631424401443162)
((93, 62), 54.331692098510217)
((93, 63), 51.220989531346419)
((93, 64), 54.208467247616198)
((93, 65), 52.677534985203394)
((93, 66), 51.047556998762516)
((93, 67), 48.712412193777425)
((93, 68), 54.547695961459382)
((93, 69), 55.397198473330562)
((93, 70), 53.175567849229253)
((93, 71), 55.659179087047399)
((93, 72), 53.355894526767415)
((93, 73), 51.938218640183123)
((93, 74), 52.70394301604663)
((93, 75), 54.713654031901768)
((93, 76), 55.428607600022318)
((93, 77), 52.332501351013164)
((93, 78), 55.403418708522992)
((93, 79), 51.398537589668564)
((93, 80), 57.80216539023634)
((93, 81), 56.349660464196283)
((93, 82), 54.485298168086899)
((93, 83), 55.454143925640409)
((93, 84), 54.140320588076563)
((93, 85), 55.184787093328787)
((93, 86), 54.973242357046601)
((93, 87), 54.353358441476445)
((93, 88), 51.09551841264971)
((93, 89), 55.705471385234603)
((93, 90), 51.842727830367295)
((93, 91), 49.117003684850815)
((93, 92), 56.580500523330556)
((93, 93), 56.679975076359661)
((93, 94), 52.549557898655507)
((93, 95), 52.462924101367911)
((93, 96), 54.8033795023319)
((93, 97), 55.008770179540832)
((93, 98), 58.991624649454764)
((93, 99), 55.345564687987569)
((94, 0), 51.742920155881905)
((94, 1), 53.408168737826955)
((94, 2), 50.387488902570496)
((94, 3), 51.327234944998956)
((94, 4), 54.516909078962669)
((94, 5), 52.962063105160524)
((94, 6), 55.943967037613952)
((94, 7), 55.18144581408238)
((94, 8), 56.776980663645119)
((94, 9), 59.132264820034756)
((94, 10), 50.88691378464803)
((94, 11), 57.10924124416141)
((94, 12), 54.584749497313013)
((94, 13), 50.936160362992176)
((94, 14), 51.876600130159801)
((94, 15), 53.625568985987286)
((94, 16), 53.911719186948488)
((94, 17), 52.160348172503362)
((94, 18), 55.818745264902901)
((94, 19), 55.239150846579435)
((94, 20), 56.278059381797071)
((94, 21), 51.015148562081563)
((94, 22), 53.22124992855084)
((94, 23), 53.868331197532264)
((94, 24), 50.915038009241556)
((94, 25), 48.98204188187372)
((94, 26), 55.598071242872052)
((94, 27), 53.558224935769054)
((94, 28), 57.102423631724022)
((94, 29), 52.155642407007726)
((94, 30), 50.361296572611039)
((94, 31), 54.241956473372753)
((94, 32), 55.957975089553713)
((94, 33), 54.278947181554202)
((94, 34), 53.439084138311429)
((94, 35), 53.955607342979427)
((94, 36), 54.166763080254981)
((94, 37), 51.023551555474178)
((94, 38), 55.34636528106001)
((94, 39), 53.012048055080513)
((94, 40), 51.207453629777888)
((94, 41), 57.897560429172614)
((94, 42), 50.794823010340387)
((94, 43), 54.785977793854954)
((94, 44), 54.370080256216959)
((94, 45), 55.990349898406926)
((94, 46), 50.817663808628765)
((94, 47), 50.422037207712151)
((94, 48), 53.640564364412974)
((94, 49), 51.642209458860229)
((94, 50), 52.701110267167351)
((94, 51), 50.799865382243624)
((94, 52), 52.703103028321323)
((94, 53), 57.234111200704568)
((94, 54), 51.75094408792512)
((94, 55), 55.087735817621947)
((94, 56), 54.228246672784152)
((94, 57), 44.82573304668103)
((94, 58), 54.896834789648423)
((94, 59), 52.214770485243008)
((94, 60), 53.914673216077482)
((94, 61), 52.253569678532102)
((94, 62), 53.432509814951118)
((94, 63), 51.098495241076833)
((94, 64), 55.777891334480799)
((94, 65), 56.306249074520743)
((94, 66), 50.387238319526951)
((94, 67), 49.623359086769298)
((94, 68), 55.515581151641832)
((94, 69), 51.542559471882498)
((94, 70), 53.790552401753054)
((94, 71), 54.198752983289708)
((94, 72), 57.286287753548038)
((94, 73), 54.389603202236117)
((94, 74), 53.50107917115109)
((94, 75), 53.446101849378366)
((94, 76), 57.219411995431756)
((94, 77), 50.706906553942744)
((94, 78), 54.345915119758246)
((94, 79), 51.745045993992804)
((94, 80), 56.387714435600927)
((94, 81), 56.845042484702063)
((94, 82), 52.914001353417696)
((94, 83), 56.567324484638412)
((94, 84), 52.80553615188748)
((94, 85), 50.438603737850656)
((94, 86), 52.1433139649194)
((94, 87), 53.155192202156329)
((94, 88), 48.958248536190951)
((94, 89), 56.703846246311308)
((94, 90), 52.121682906456108)
((94, 91), 49.564289231465217)
((94, 92), 54.329574220742636)
((94, 93), 56.043583953263521)
((94, 94), 57.034370236298216)
((94, 95), 55.497252810587561)
((94, 96), 55.442591459127826)
((94, 97), 56.784616800325765)
((94, 98), 57.477331430682028)
((94, 99), 53.639343041958483)
((95, 0), 50.787681364702792)
((95, 1), 53.173527834793013)
((95, 2), 52.301005685953314)
((95, 3), 52.349509878327041)
((95, 4), 50.805240182274758)
((95, 5), 53.959153638520604)
((95, 6), 54.670350229000043)
((95, 7), 51.787057835594389)
((95, 8), 55.865607870467549)
((95, 9), 55.349053319424897)
((95, 10), 52.539038199549097)
((95, 11), 54.708291417190658)
((95, 12), 53.550235263070299)
((95, 13), 50.428287743764784)
((95, 14), 51.683510546013871)
((95, 15), 53.054332900985813)
((95, 16), 54.842575083291386)
((95, 17), 51.780854617292135)
((95, 18), 52.547801039256015)
((95, 19), 52.926772077059653)
((95, 20), 57.799016580402679)
((95, 21), 50.174789609542252)
((95, 22), 51.573050277625342)
((95, 23), 52.600927292795532)
((95, 24), 53.691727614362023)
((95, 25), 47.200142494164083)
((95, 26), 51.952051998724087)
((95, 27), 52.529862066748848)
((95, 28), 52.529773865758145)
((95, 29), 52.106139554568273)
((95, 30), 51.546525244749887)
((95, 31), 50.780032391720944)
((95, 32), 56.030887534314445)
((95, 33), 54.107411409554409)
((95, 34), 50.892245760461947)
((95, 35), 54.292863179527174)
((95, 36), 51.538018650989663)
((95, 37), 49.71264794646919)
((95, 38), 50.953638663296651)
((95, 39), 49.697223420331127)
((95, 40), 49.679788068903846)
((95, 41), 54.780542747673934)
((95, 42), 50.589545989874324)
((95, 43), 52.579432994860468)
((95, 44), 52.71062792971933)
((95, 45), 52.992913928678888)
((95, 46), 49.202762288306161)
((95, 47), 51.436143569290309)
((95, 48), 49.672082851971524)
((95, 49), 52.709268935786532)
((95, 50), 51.665917144901158)
((95, 51), 50.999418159494304)
((95, 52), 52.921436877834431)
((95, 53), 54.601206050755252)
((95, 54), 50.86054362731457)
((95, 55), 51.703108364211005)
((95, 56), 53.504720515354187)
((95, 57), 46.800306287946427)
((95, 58), 53.885360058849372)
((95, 59), 52.646672653230638)
((95, 60), 53.747269296943038)
((95, 61), 50.803662124673913)
((95, 62), 52.844791569053982)
((95, 63), 49.240286704653002)
((95, 64), 51.872303577040434)
((95, 65), 52.509218849786635)
((95, 66), 50.287480863666644)
((95, 67), 45.042942434720743)
((95, 68), 53.225650639157372)
((95, 69), 52.433009443723108)
((95, 70), 49.421515433425938)
((95, 71), 53.78326034382065)
((95, 72), 52.584854328618462)
((95, 73), 53.963559992231112)
((95, 74), 52.021469720462107)
((95, 75), 51.307560600739812)
((95, 76), 55.256883503976169)
((95, 77), 50.299847815258559)
((95, 78), 52.768067080608816)
((95, 79), 50.518238654794864)
((95, 80), 54.964705268231597)
((95, 81), 54.748028590115496)
((95, 82), 52.35039771077178)
((95, 83), 52.357034561368593)
((95, 84), 52.199954413840679)
((95, 85), 50.636660484673158)
((95, 86), 51.288165406974784)
((95, 87), 53.8150137718537)
((95, 88), 49.130844239584668)
((95, 89), 55.771543206875194)
((95, 90), 52.068311176779176)
((95, 91), 48.110796824891239)
((95, 92), 53.642470284145787)
((95, 93), 53.257974231704345)
((95, 94), 55.821046714599461)
((95, 95), 53.480383915462312)
((95, 96), 55.615070713976479)
((95, 97), 53.663960842580757)
((95, 98), 57.496937880473432)
((95, 99), 53.3832431444444)
((96, 0), 48.456405215491365)
((96, 1), 47.970909347955626)
((96, 2), 52.454815511164512)
((96, 3), 48.335226038889793)
((96, 4), 49.092176042473625)
((96, 5), 51.303406153234704)
((96, 6), 50.944434486808611)
((96, 7), 48.252473698565026)
((96, 8), 53.524125723943456)
((96, 9), 54.723301316094421)
((96, 10), 47.905230962639955)
((96, 11), 50.75744923428946)
((96, 12), 50.415186014510923)
((96, 13), 48.520131072976895)
((96, 14), 50.454781658792783)
((96, 15), 51.444177022701624)
((96, 16), 48.712716905250019)
((96, 17), 48.972109668998883)
((96, 18), 52.365885814635931)
((96, 19), 51.505970154120909)
((96, 20), 54.25305448412854)
((96, 21), 49.074815852411078)
((96, 22), 49.667610230544412)
((96, 23), 51.342678455359369)
((96, 24), 48.357354252673275)
((96, 25), 44.844630957512621)
((96, 26), 53.999053379142126)
((96, 27), 49.037839598469752)
((96, 28), 51.4740869429572)
((96, 29), 50.318709193321361)
((96, 30), 49.105599898355891)
((96, 31), 49.253586736494171)
((96, 32), 53.917723852025468)
((96, 33), 51.26239577929816)
((96, 34), 50.378602746703976)
((96, 35), 51.673864887692964)
((96, 36), 51.329241476021451)
((96, 37), 48.665679396055914)
((96, 38), 49.026391138538742)
((96, 39), 46.612049146305139)
((96, 40), 48.735505248861024)
((96, 41), 50.932914122990709)
((96, 42), 48.519539188998976)
((96, 43), 47.674700591648957)
((96, 44), 49.70031750815869)
((96, 45), 50.09280371173238)
((96, 46), 49.412250542508914)
((96, 47), 46.83214584402873)
((96, 48), 49.337786015165875)
((96, 49), 48.696350127596716)
((96, 50), 48.425554918988254)
((96, 51), 47.339427740802677)
((96, 52), 50.31474656350364)
((96, 53), 51.343872609126443)
((96, 54), 48.75243492874425)
((96, 55), 51.743185492009189)
((96, 56), 51.107524859876477)
((96, 57), 43.385288542344554)
((96, 58), 51.803483078164803)
((96, 59), 52.276459118253172)
((96, 60), 51.449896348810675)
((96, 61), 48.369871148835188)
((96, 62), 50.227397299305181)
((96, 63), 46.994123312574729)
((96, 64), 50.965221703904163)
((96, 65), 50.757985032381455)
((96, 66), 48.865926720316679)
((96, 67), 46.566372477059986)
((96, 68), 52.822995193965625)
((96, 69), 47.328034454916335)
((96, 70), 50.89932929103594)
((96, 71), 54.721395896667559)
((96, 72), 52.460822984946837)
((96, 73), 50.960140454389318)
((96, 74), 49.057814582999647)
((96, 75), 50.694214838817757)
((96, 76), 51.50068463914274)
((96, 77), 47.595659048217058)
((96, 78), 50.900251599486765)
((96, 79), 45.82793449764452)
((96, 80), 51.868602328963576)
((96, 81), 52.806615786187088)
((96, 82), 50.294794232514519)
((96, 83), 51.63932786210647)
((96, 84), 48.179616684145842)
((96, 85), 47.565095732049038)
((96, 86), 46.139342430201403)
((96, 87), 50.536824545468015)
((96, 88), 47.418796596992223)
((96, 89), 52.962467878376529)
((96, 90), 49.832728936092195)
((96, 91), 46.114552868144145)
((96, 92), 52.636615267513321)
((96, 93), 51.448488252198359)
((96, 94), 50.346005132982313)
((96, 95), 52.649537910571055)
((96, 96), 52.155390985568999)
((96, 97), 51.420321012438329)
((96, 98), 55.322009747613357)
((96, 99), 53.087906727682324)
((97, 0), 51.350797428491603)
((97, 1), 51.202339595658657)
((97, 2), 50.484033746075305)
((97, 3), 53.800399511702736)
((97, 4), 53.215673417313781)
((97, 5), 52.573126800620436)
((97, 6), 55.261711939634523)
((97, 7), 53.421375353263677)
((97, 8), 55.911088531199923)
((97, 9), 57.546198194434368)
((97, 10), 51.659723943957907)
((97, 11), 56.409534424924971)
((97, 12), 52.954622760385746)
((97, 13), 50.989666904257646)
((97, 14), 50.127691290448631)
((97, 15), 55.047774117581127)
((97, 16), 52.575978045260811)
((97, 17), 49.239965820753795)
((97, 18), 53.992292786795552)
((97, 19), 55.367221230975957)
((97, 20), 53.483378056815503)
((97, 21), 51.278492907298272)
((97, 22), 52.166969913893496)
((97, 23), 53.018249171934684)
((97, 24), 50.184703663191513)
((97, 25), 48.299817652921206)
((97, 26), 55.560148245274377)
((97, 27), 53.855425487055811)
((97, 28), 55.137609548545313)
((97, 29), 51.141828703548519)
((97, 30), 50.63355945308048)
((97, 31), 51.286069004852862)
((97, 32), 53.993642995711824)
((97, 33), 55.763686920461552)
((97, 34), 53.063245204552395)
((97, 35), 51.914294411950806)
((97, 36), 54.249637554256282)
((97, 37), 50.830441561605461)
((97, 38), 50.449295810857834)
((97, 39), 53.098041123530841)
((97, 40), 50.525789567008999)
((97, 41), 55.151912830102617)
((97, 42), 51.441174617947425)
((97, 43), 49.957818638859891)
((97, 44), 53.1889763573434)
((97, 45), 57.034156100125543)
((97, 46), 48.193739697277152)
((97, 47), 50.029119916279434)
((97, 48), 52.497623779209675)
((97, 49), 52.19042489886948)
((97, 50), 49.876092302269448)
((97, 51), 50.182564993397847)
((97, 52), 51.37514094071021)
((97, 53), 57.159565033170225)
((97, 54), 47.914410338198685)
((97, 55), 54.285654405062466)
((97, 56), 53.137678186327172)
((97, 57), 48.293291345148297)
((97, 58), 53.092844161653986)
((97, 59), 50.537625798913673)
((97, 60), 54.850099753844198)
((97, 61), 50.477095984562716)
((97, 62), 52.143070999406675)
((97, 63), 49.61954526447613)
((97, 64), 55.027702035883948)
((97, 65), 52.245784143586391)
((97, 66), 52.161670433759497)
((97, 67), 50.053370739942267)
((97, 68), 54.140613824680059)
((97, 69), 52.55740564848341)
((97, 70), 49.864974249510311)
((97, 71), 56.737226725191405)
((97, 72), 52.285284005738696)
((97, 73), 53.746446262268023)
((97, 74), 51.321763055128443)
((97, 75), 55.515051897096498)
((97, 76), 55.952108862024083)
((97, 77), 50.160041965256596)
((97, 78), 51.818572954128314)
((97, 79), 48.531070165019649)
((97, 80), 56.070813834877988)
((97, 81), 54.50824894036235)
((97, 82), 50.486833796375713)
((97, 83), 51.884033616150106)
((97, 84), 49.620733520118392)
((97, 85), 48.708955794225147)
((97, 86), 50.81016792363679)
((97, 87), 52.243463596834275)
((97, 88), 49.462847398554572)
((97, 89), 55.864577126515464)
((97, 90), 52.88538013398631)
((97, 91), 49.486114809413024)
((97, 92), 53.803324551536576)
((97, 93), 53.841949733241222)
((97, 94), 54.185332874920874)
((97, 95), 52.722909937788401)
((97, 96), 53.356603836619186)
((97, 97), 55.064187818813053)
((97, 98), 55.195426034991172)
((97, 99), 56.904764298682323)
((98, 0), 44.800374020650857)
((98, 1), 46.071352461234284)
((98, 2), 43.908350194612254)
((98, 3), 45.883786244279044)
((98, 4), 48.198372160927832)
((98, 5), 46.289285691642981)
((98, 6), 48.819566377327206)
((98, 7), 47.128447412576108)
((98, 8), 47.290580430218043)
((98, 9), 48.114185548078638)
((98, 10), 45.760431834361526)
((98, 11), 49.291143648422569)
((98, 12), 44.756303490868532)
((98, 13), 43.741448269644962)
((98, 14), 43.548875701114149)
((98, 15), 48.153724563331991)
((98, 16), 47.43809122000026)
((98, 17), 45.303400892054448)
((98, 18), 49.062236811310484)
((98, 19), 46.423264567038274)
((98, 20), 49.88090591920681)
((98, 21), 45.621631507803173)
((98, 22), 43.236398907533903)
((98, 23), 48.481519389311316)
((98, 24), 46.812192312703964)
((98, 25), 40.326073299054073)
((98, 26), 49.633748509111854)
((98, 27), 47.211295145953649)
((98, 28), 46.977216983162293)
((98, 29), 44.908876984891876)
((98, 30), 42.968265888382604)
((98, 31), 45.262008836426745)
((98, 32), 49.667470273360863)
((98, 33), 45.932227197775497)
((98, 34), 46.013843214220998)
((98, 35), 46.615933219423241)
((98, 36), 43.554638232760261)
((98, 37), 41.677291575677103)
((98, 38), 43.992273875095464)
((98, 39), 47.303013891018153)
((98, 40), 43.239836396320356)
((98, 41), 45.581628569374132)
((98, 42), 43.109958756383705)
((98, 43), 47.882352999871131)
((98, 44), 44.139395762596578)
((98, 45), 47.322231628725916)
((98, 46), 41.278195413793455)
((98, 47), 44.357826457585446)
((98, 48), 43.240991945639912)
((98, 49), 45.947846421112615)
((98, 50), 43.882678007967606)
((98, 51), 43.126079344155173)
((98, 52), 43.840428106662308)
((98, 53), 48.111190796746598)
((98, 54), 42.426783581855204)
((98, 55), 45.425664922537706)
((98, 56), 45.171203442596529)
((98, 57), 42.229376006886469)
((98, 58), 48.324282073083765)
((98, 59), 47.155951437410522)
((98, 60), 49.214278764868673)
((98, 61), 41.804133976062246)
((98, 62), 47.247010150779225)
((98, 63), 42.916417780813454)
((98, 64), 45.555024421544303)
((98, 65), 46.476232273837567)
((98, 66), 44.60836934356881)
((98, 67), 40.429922281757264)
((98, 68), 46.480302625817998)
((98, 69), 44.568626165384337)
((98, 70), 43.76416097380006)
((98, 71), 47.205675874013664)
((98, 72), 45.208194612222655)
((98, 73), 45.591998724301213)
((98, 74), 44.812253156227783)
((98, 75), 45.249945133160523)
((98, 76), 47.034043264765359)
((98, 77), 43.310224086248141)
((98, 78), 46.802606259648968)
((98, 79), 45.683454365990656)
((98, 80), 47.178680682427405)
((98, 81), 46.393768842807063)
((98, 82), 45.887945644276854)
((98, 83), 46.448993897190576)
((98, 84), 43.220761367449512)
((98, 85), 42.326156173304824)
((98, 86), 45.613367226970482)
((98, 87), 45.115965171246529)
((98, 88), 42.105536839888799)
((98, 89), 49.018517262551853)
((98, 90), 44.032456754985844)
((98, 91), 42.386446110161096)
((98, 92), 47.747688968029102)
((98, 93), 44.141996762607356)
((98, 94), 45.306163466549307)
((98, 95), 45.791060741571634)
((98, 96), 45.684565615308905)
((98, 97), 49.215553750354701)
((98, 98), 48.230616343425751)
((98, 99), 47.89980551918363)
((99, 0), 46.116868117539482)
((99, 1), 46.882869131167425)
((99, 2), 47.419328866383765)
((99, 3), 47.518091015485282)
((99, 4), 49.055650513470979)
((99, 5), 50.259978657512818)
((99, 6), 51.248043069187659)
((99, 7), 49.958871278640508)
((99, 8), 53.523654303625591)
((99, 9), 52.005101307598643)
((99, 10), 47.714668951068276)
((99, 11), 52.893728442949524)
((99, 12), 50.168484951379909)
((99, 13), 49.288810646987862)
((99, 14), 49.1714547954954)
((99, 15), 47.349379364072263)
((99, 16), 48.489823433259261)
((99, 17), 46.562322764881657)
((99, 18), 50.654282216845729)
((99, 19), 49.947597925972559)
((99, 20), 52.464351777589769)
((99, 21), 47.359087034571345)
((99, 22), 47.023125601602004)
((99, 23), 50.218867027195536)
((99, 24), 49.01222378398252)
((99, 25), 44.676984691547446)
((99, 26), 52.896441611352245)
((99, 27), 50.97616431914885)
((99, 28), 51.013265438113351)
((99, 29), 49.52931533895422)
((99, 30), 48.741036898880196)
((99, 31), 48.200036421117062)
((99, 32), 54.285279915565809)
((99, 33), 48.908382372514261)
((99, 34), 49.155928745959628)
((99, 35), 51.020653293984459)
((99, 36), 51.630421764503474)
((99, 37), 45.930048771392805)
((99, 38), 50.479514500658539)
((99, 39), 47.933661719515527)
((99, 40), 45.748675406728331)
((99, 41), 51.016562118701117)
((99, 42), 47.768699217143961)
((99, 43), 49.414685603345504)
((99, 44), 50.03976627293099)
((99, 45), 53.22442389983614)
((99, 46), 46.64354256659707)
((99, 47), 46.40748456663858)
((99, 48), 48.162162181302918)
((99, 49), 48.274502964696964)
((99, 50), 48.482649051458381)
((99, 51), 45.694096620403933)
((99, 52), 47.588378703497781)
((99, 53), 49.755627216821019)
((99, 54), 46.59048083011394)
((99, 55), 50.701805230361458)
((99, 56), 49.148410324647159)
((99, 57), 45.270111852796305)
((99, 58), 50.723099364601374)
((99, 59), 49.860823815244018)
((99, 60), 48.861954692804964)
((99, 61), 47.803360256434573)
((99, 62), 51.430287946039222)
((99, 63), 48.116384418231142)
((99, 64), 50.563619813416096)
((99, 65), 48.330177849355493)
((99, 66), 49.827581815181347)
((99, 67), 46.624137951114292)
((99, 68), 51.33089278875407)
((99, 69), 49.960276280616945)
((99, 70), 50.543168855891977)
((99, 71), 52.621082007295065)
((99, 72), 51.664273069699377)
((99, 73), 48.319472462245635)
((99, 74), 48.543305892511157)
((99, 75), 51.280030769190788)
((99, 76), 49.887197653456269)
((99, 77), 46.90425463068906)
((99, 78), 50.108867302345615)
((99, 79), 47.63469210550457)
((99, 80), 51.250086605443734)
((99, 81), 51.137468145708731)
((99, 82), 49.404110770070716)
((99, 83), 50.410108949891018)
((99, 84), 48.107471417260498)
((99, 85), 47.230628161948275)
((99, 86), 49.740454988235172)
((99, 87), 49.278081744327984)
((99, 88), 46.418240219898671)
((99, 89), 52.685954117839927)
((99, 90), 49.434379268190341)
((99, 91), 44.775076825190055)
((99, 92), 51.260005461571225)
((99, 93), 50.330504143842937)
((99, 94), 50.513316916197368)
((99, 95), 49.652707530003042)
((99, 96), 52.281426034286952)
((99, 97), 50.381660769898765)
((99, 98), 50.257562389595634)
((99, 99), 53.12362764445227)
