((25, 39), 52.23153366185975)
((25, 40), 48.732216164456617)
((25, 41), 54.303714190586398)
((25, 42), 49.627466918595545)
((25, 43), 48.470800361818242)
((25, 44), 51.303810993886714)
((25, 45), 53.172822058904785)
((25, 46), 45.545543563312009)
((25, 47), 49.937250446047742)
((25, 48), 50.302572640040978)
((25, 49), 50.241845915704545)
((25, 50), 48.86037076142992)
((25, 51), 50.35992134359725)
((25, 52), 51.10253767522579)
((25, 53), 54.568131281637797)
((25, 54), 47.380323384737224)
((25, 55), 53.602290050487298)
((25, 56), 49.663723618338935)
((25, 57), 46.052037408373806)
((25, 58), 51.627513126299547)
((25, 59), 51.845911891979092)
((25, 60), 54.222792365673996)
((25, 61), 51.62677516945169)
((25, 62), 51.2753346135977)
((25, 63), 48.473067633128608)
((25, 64), 51.273221176941917)
((25, 65), 51.616357095895481)
((25, 66), 48.688013116587953)
((25, 67), 46.95273734289897)
((25, 68), 52.948247292144181)
((25, 69), 51.718701068062032)
((25, 70), 49.830503147266512)
((25, 71), 55.378606543590038)
((25, 72), 51.676442551921319)
((25, 73), 51.972315703295443)
((25, 74), 49.36221070116413)
((25, 75), 51.546443034555821)
((25, 76), 53.255805167197849)
((25, 77), 50.653520066148616)
((25, 78), 53.158521521597308)
((25, 79), 48.246257344001769)
((25, 80), 55.833413510832465)
((25, 81), 52.869323877174025)
((25, 82), 51.83578857303597)
((25, 83), 52.730924143745355)
((25, 84), 49.073517050837822)
((25, 85), 48.64307489110638)
((25, 86), 51.565462862266102)
((25, 87), 51.847036169504868)
((25, 88), 49.079441637907998)
((25, 89), 55.580172879871739)
((25, 90), 48.748346720823854)
((25, 91), 49.843687669235877)
((25, 92), 51.856459845732161)
((25, 93), 54.034934183828113)
((25, 94), 55.230127699321251)
((25, 95), 52.123153046022054)
((25, 96), 56.713216621100798)
((25, 97), 55.227888101145041)
((25, 98), 54.278980608849594)
((25, 99), 53.528601802174379)
((26, 0), 55.302187566174197)
((26, 1), 52.135162100875561)
((26, 2), 51.756364944160779)
((26, 3), 51.935032453813591)
((26, 4), 55.170633616565979)
((26, 5), 54.215794899055886)
((26, 6), 57.179978840879386)
((26, 7), 54.248182267534901)
((26, 8), 59.381851299367959)
((26, 9), 59.908019164387007)
((26, 10), 54.346465342571136)
((26, 11), 57.792205431995576)
((26, 12), 53.125598122356763)
((26, 13), 52.589494236531507)
((26, 14), 52.779156055927942)
((26, 15), 55.948102266898474)
((26, 16), 55.241263756604695)
((26, 17), 52.072739577529362)
((26, 18), 56.215400188429015)
((26, 19), 52.360248359394262)
((26, 20), 56.630760254585731)
((26, 21), 52.895399291792039)
((26, 22), 51.211865531693803)
((26, 23), 53.968023578912863)
((26, 24), 50.137266021869479)
((26, 25), 49.457444194916967)
((26, 26), 53.613909844868665)
((26, 27), 54.767504929861033)
((26, 28), 56.145685026123942)
((26, 29), 52.796770995766991)
((26, 30), 54.56487703215641)
((26, 31), 52.36818713824853)
((26, 32), 57.470162042083324)
((26, 33), 55.713353448665792)
((26, 34), 54.794410580299079)
((26, 35), 52.679437828087174)
((26, 36), 51.627215866006871)
((26, 37), 51.569996620387897)
((26, 38), 53.405787189884322)
((26, 39), 50.802606295780279)
((26, 40), 51.013797454386662)
((26, 41), 56.249297692518532)
((26, 42), 51.456814288060187)
((26, 43), 54.707816106388513)
((26, 44), 52.070892806491123)
((26, 45), 56.276845237624762)
((26, 46), 49.301908303807309)
((26, 47), 50.844382757328347)
((26, 48), 51.980895358101002)
((26, 49), 53.865484864127623)
((26, 50), 51.080400307882996)
((26, 51), 49.779640758875786)
((26, 52), 52.090222574107756)
((26, 53), 55.578409812058922)
((26, 54), 52.680675018105589)
((26, 55), 56.6062060419722)
((26, 56), 52.541589176012515)
((26, 57), 50.634788409061045)
((26, 58), 54.168648284524735)
((26, 59), 52.523311372250959)
((26, 60), 54.937234980922085)
((26, 61), 51.558187328367254)
((26, 62), 52.831662536114081)
((26, 63), 51.525240068936533)
((26, 64), 54.080912178560411)
((26, 65), 54.668945103882947)
((26, 66), 52.376622039617587)
((26, 67), 49.814052353551347)
((26, 68), 57.746122568520526)
((26, 69), 52.626449035549498)
((26, 70), 51.389335682367573)
((26, 71), 55.405477389570592)
((26, 72), 55.206429423067021)
((26, 73), 55.126620358141437)
((26, 74), 52.804540845982672)
((26, 75), 55.353927747837417)
((26, 76), 55.86790969918728)
((26, 77), 53.824161152389195)
((26, 78), 54.973118054010428)
((26, 79), 49.908983909267242)
((26, 80), 59.124082484718542)
((26, 81), 55.674572697810106)
((26, 82), 55.956812152141815)
((26, 83), 55.283902958289673)
((26, 84), 52.990618937068746)
((26, 85), 53.551400872188893)
((26, 86), 54.198605870869272)
((26, 87), 54.976145948203964)
((26, 88), 52.721466890451211)
((26, 89), 56.920030888644135)
((26, 90), 52.005565401820071)
((26, 91), 49.402562664986156)
((26, 92), 54.015523139593867)
((26, 93), 55.086658498819155)
((26, 94), 56.420869863357666)
((26, 95), 56.780228470081951)
((26, 96), 58.705447217055351)
((26, 97), 57.889105953047277)
((26, 98), 58.768187046180685)
((26, 99), 53.730664789821503)
((27, 0), 51.73175091522198)
((27, 1), 50.316903616999426)
((27, 2), 50.422173533882237)
((27, 3), 48.461484182371166)
((27, 4), 48.34157971086622)
((27, 5), 50.672937375442984)
((27, 6), 52.673524973680877)
((27, 7), 51.141529714808513)
((27, 8), 54.268982804067996)
((27, 9), 57.57652741426449)
((27, 10), 50.048755547133311)
((27, 11), 55.887606397137986)
((27, 12), 51.321571628928851)
((27, 13), 49.30439516646851)
((27, 14), 50.407440039258191)
((27, 15), 51.026717166056287)
((27, 16), 54.452394188318024)
((27, 17), 49.41936294314236)
((27, 18), 54.501423579535242)
((27, 19), 51.35555040922771)
((27, 20), 53.870921809917711)
((27, 21), 51.355806448338953)
((27, 22), 49.734787774642051)
((27, 23), 54.073081386222711)
((27, 24), 47.41071819336625)
((27, 25), 45.703654140464515)
((27, 26), 52.028755767907377)
((27, 27), 52.207741373419111)
((27, 28), 52.396371082601789)
((27, 29), 50.056800010573482)
((27, 30), 48.714899770306417)
((27, 31), 50.208544644373049)
((27, 32), 54.270916228334897)
((27, 33), 53.040758991231328)
((27, 34), 50.031457934115977)
((27, 35), 50.345174422184115)
((27, 36), 50.180718559367229)
((27, 37), 48.331838422362196)
((27, 38), 50.547662794542333)
((27, 39), 50.347797355681202)
((27, 40), 48.792771167287171)
((27, 41), 53.584926489686453)
((27, 42), 50.380492958358928)
((27, 43), 51.331078715624933)
((27, 44), 51.802145854631391)
((27, 45), 52.761300236665008)
((27, 46), 50.067095976369515)
((27, 47), 47.853146335114786)
((27, 48), 51.589220473184362)
((27, 49), 50.216603852069341)
((27, 50), 48.940430896117014)
((27, 51), 47.850722425985111)
((27, 52), 48.96792326005999)
((27, 53), 53.565340146174947)
((27, 54), 49.842469723509879)
((27, 55), 52.311303010831878)
((27, 56), 52.716087642433912)
((27, 57), 47.995624367083195)
((27, 58), 53.299723350271819)
((27, 59), 50.771955076599454)
((27, 60), 52.517529051643677)
((27, 61), 48.524949068550768)
((27, 62), 51.55969303362604)
((27, 63), 48.88063644174099)
((27, 64), 51.611383684666528)
((27, 65), 51.416567773137402)
((27, 66), 48.605275623344461)
((27, 67), 48.327898153481904)
((27, 68), 54.707834691399782)
((27, 69), 50.680176840464583)
((27, 70), 52.948798716735531)
((27, 71), 52.148973712367301)
((27, 72), 51.975596838165586)
((27, 73), 52.821486842931094)
((27, 74), 48.830119378378321)
((27, 75), 53.620074389184808)
((27, 76), 53.011477080324113)
((27, 77), 49.18754248587323)
((27, 78), 52.917977177996605)
((27, 79), 48.557527343755524)
((27, 80), 55.319960332032956)
((27, 81), 53.504363735770326)
((27, 82), 53.727001525850255)
((27, 83), 53.700045416687779)
((27, 84), 48.83409033063009)
((27, 85), 49.479602486470959)
((27, 86), 51.087779286760352)
((27, 87), 52.314600595057321)
((27, 88), 46.436267585998252)
((27, 89), 55.839983604261576)
((27, 90), 49.805018339928608)
((27, 91), 47.989990194082225)
((27, 92), 53.629861148586002)
((27, 93), 54.080641617565846)
((27, 94), 54.575615166332739)
((27, 95), 53.468770921494809)
((27, 96), 53.435335771947976)
((27, 97), 52.275081232959678)
((27, 98), 54.613091527468363)
((27, 99), 52.484543573779874)
((28, 0), 47.910944253255124)
((28, 1), 47.166718916945214)
((28, 2), 46.343779065418218)
((28, 3), 49.067678523887444)
((28, 4), 48.703327210842623)
((28, 5), 46.50912867354107)
((28, 6), 51.726053759531553)
((28, 7), 51.577410842693617)
((28, 8), 50.959298060471383)
((28, 9), 51.426372268320478)
((28, 10), 46.055173505591057)
((28, 11), 50.79257738437564)
((28, 12), 46.45798334752277)
((28, 13), 44.684158311581065)
((28, 14), 46.889108923916638)
((28, 15), 47.654420514248208)
((28, 16), 48.879441924859563)
((28, 17), 47.288710461041859)
((28, 18), 49.084669164919617)
((28, 19), 50.589096029295121)
((28, 20), 50.5293245102065)
((28, 21), 48.395915394084156)
((28, 22), 47.310044366791338)
((28, 23), 48.175685366790063)
((28, 24), 48.076701465766988)
((28, 25), 44.482951703562151)
((28, 26), 50.035340536405293)
((28, 27), 47.846000744240754)
((28, 28), 51.980161803521838)
((28, 29), 49.064801989795129)
((28, 30), 47.556788422765415)
((28, 31), 46.201997299489776)
((28, 32), 53.056184035215892)
((28, 33), 49.10382008319079)
((28, 34), 48.325675745867116)
((28, 35), 47.348991770859513)
((28, 36), 49.3386781608151)
((28, 37), 46.490433574662532)
((28, 38), 46.723305968473355)
((28, 39), 47.027003266829681)
((28, 40), 46.724108784383731)
((28, 41), 51.950694085027237)
((28, 42), 47.517696397561323)
((28, 43), 47.126831686383881)
((28, 44), 46.995344035340295)
((28, 45), 50.428607600507696)
((28, 46), 46.288821885571821)
((28, 47), 44.278391337575606)
((28, 48), 47.091560275949966)
((28, 49), 48.051329313972296)
((28, 50), 46.798684165735978)
((28, 51), 46.555883117440388)
((28, 52), 46.90556613737612)
((28, 53), 50.251795170037582)
((28, 54), 46.81134119920182)
((28, 55), 49.325842666534015)
((28, 56), 47.218097289003616)
((28, 57), 42.151452420978515)
((28, 58), 49.966140762843949)
((28, 59), 47.947761855025249)
((28, 60), 48.174432694066347)
((28, 61), 45.117918231936372)
((28, 62), 49.4235936292662)
((28, 63), 46.279973246178571)
((28, 64), 49.922267424152082)
((28, 65), 48.210988723169464)
((28, 66), 44.033952705763099)
((28, 67), 43.646767982101508)
((28, 68), 50.203439199390907)
((28, 69), 47.210639171760334)
((28, 70), 49.37384878677652)
((28, 71), 51.281621273212522)
((28, 72), 48.953820730960459)
((28, 73), 49.464863054076844)
((28, 74), 47.971490819012018)
((28, 75), 49.714282344104134)
((28, 76), 52.737492219960657)
((28, 77), 46.346364320885868)
((28, 78), 48.730539575501808)
((28, 79), 45.657510047650412)
((28, 80), 51.117960084830422)
((28, 81), 50.384128862285564)
((28, 82), 48.06275005392807)
((28, 83), 48.198639866458706)
((28, 84), 46.596016964932168)
((28, 85), 46.399503183353843)
((28, 86), 47.906970263685437)
((28, 87), 47.578244259520936)
((28, 88), 45.988878257783625)
((28, 89), 48.880215256925503)
((28, 90), 45.281578093973309)
((28, 91), 44.592263266464826)
((28, 92), 50.369415420426193)
((28, 93), 48.794706282375358)
((28, 94), 48.768506932872171)
((28, 95), 48.877446778765488)
((28, 96), 51.682198220401666)
((28, 97), 49.551038685828402)
((28, 98), 51.239457540484338)
((28, 99), 49.965358489538019)
((29, 0), 45.958483624272993)
((29, 1), 46.846375792026997)
((29, 2), 48.491077373599595)
((29, 3), 48.454103272544003)
((29, 4), 48.065159034957226)
((29, 5), 48.933437488905753)
((29, 6), 50.110570254149422)
((29, 7), 53.522115664471769)
((29, 8), 52.140530493140261)
((29, 9), 53.045805129497637)
((29, 10), 48.791197887610153)
((29, 11), 51.444807958648212)
((29, 12), 49.293243417722493)
((29, 13), 47.279542391570331)
((29, 14), 46.738261331964566)
((29, 15), 50.658979197454023)
((29, 16), 49.362483775893978)
((29, 17), 48.161596315740361)
((29, 18), 50.813759064651819)
((29, 19), 50.868879085588688)
((29, 20), 50.946669361843874)
((29, 21), 49.035026100634376)
((29, 22), 46.941022188346835)
((29, 23), 51.593112582663643)
((29, 24), 48.797030452397635)
((29, 25), 46.257518660489602)
((29, 26), 48.610533941352799)
((29, 27), 48.698365072351535)
((29, 28), 51.161825441883714)
((29, 29), 50.220297103785036)
((29, 30), 48.905601791169076)
((29, 31), 47.80017452157503)
((29, 32), 54.379854684322147)
((29, 33), 50.984930033804481)
((29, 34), 47.501657781376252)
((29, 35), 48.152508082465914)
((29, 36), 49.248947807243709)
((29, 37), 47.879777893127468)
((29, 38), 47.712411396967362)
((29, 39), 47.959040875016854)
((29, 40), 48.413903427614692)
((29, 41), 51.983164819303866)
((29, 42), 48.147948597361562)
((29, 43), 47.694392062945987)
((29, 44), 50.931387672957172)
((29, 45), 49.756946746812503)
((29, 46), 45.795157427318301)
((29, 47), 44.321864824755323)
((29, 48), 48.793427449575745)
((29, 49), 49.58581281733769)
((29, 50), 45.338951611112449)
((29, 51), 45.328572996884049)
((29, 52), 49.254082585984953)
((29, 53), 51.807497194802444)
((29, 54), 47.499758801152709)
((29, 55), 49.277640347531531)
((29, 56), 48.350769474098769)
((29, 57), 44.93170407086847)
((29, 58), 50.590081462244839)
((29, 59), 49.612907244064445)
((29, 60), 50.127019544761168)
((29, 61), 46.79820678304273)
((29, 62), 51.469335066079445)
((29, 63), 46.759135982214886)
((29, 64), 49.022126807449524)
((29, 65), 47.597199138416251)
((29, 66), 45.965694570421732)
((29, 67), 43.724540010586068)
((29, 68), 52.388446373801628)
((29, 69), 47.994063336812374)
((29, 70), 47.845356216179127)
((29, 71), 50.308150023998948)
((29, 72), 48.175283852133362)
((29, 73), 50.827775799315766)
((29, 74), 47.437431073093435)
((29, 75), 50.278303347655225)
((29, 76), 51.588101302563416)
((29, 77), 48.119359837110601)
((29, 78), 49.046518422614085)
((29, 79), 47.066961380117569)
((29, 80), 52.352340525234112)
((29, 81), 49.960368594367722)
((29, 82), 50.079689500105957)
((29, 83), 49.305836413720243)
((29, 84), 46.899374828689666)
((29, 85), 46.41622798417751)
((29, 86), 48.912020434922511)
((29, 87), 48.856901979962103)
((29, 88), 46.834488422557364)
((29, 89), 53.036801037313609)
((29, 90), 46.236681024133574)
((29, 91), 46.21178817713205)
((29, 92), 50.421447455106005)
((29, 93), 51.252063765832474)
((29, 94), 50.303528170585579)
((29, 95), 51.251697706051047)
((29, 96), 52.137684037135159)
((29, 97), 52.664427873655612)
((29, 98), 50.995478709493256)
((29, 99), 48.744613336852147)
((30, 0), 50.829556580949458)
((30, 1), 49.121259798490826)
((30, 2), 51.060795769566219)
((30, 3), 52.690659347081436)
((30, 4), 51.544049444015336)
((30, 5), 51.195798228783019)
((30, 6), 52.183809605317009)
((30, 7), 54.901052761926579)
((30, 8), 55.70885335895629)
((30, 9), 55.955807886431245)
((30, 10), 49.620053945368724)
((30, 11), 56.462028450549312)
((30, 12), 52.803436420960495)
((30, 13), 51.894669202013439)
((30, 14), 52.508289513736031)
((30, 15), 53.345093219066072)
((30, 16), 51.167957219149592)
((30, 17), 52.927670653339192)
((30, 18), 55.812939324442389)
((30, 19), 52.4841496243099)
((30, 20), 56.122559811659166)
((30, 21), 52.579779105085287)
((30, 22), 50.194400232511697)
((30, 23), 52.80926877924783)
((30, 24), 50.369208161234852)
((30, 25), 45.428562336485136)
((30, 26), 54.331847568552462)
((30, 27), 51.437315489638863)
((30, 28), 54.026837828408475)
((30, 29), 52.66496347564312)
((30, 30), 49.99408551651733)
((30, 31), 52.203773001544825)
((30, 32), 56.798494483572455)
((30, 33), 52.698822415793728)
((30, 34), 51.397989056980585)
((30, 35), 52.298488813770781)
((30, 36), 49.91479416243655)
((30, 37), 48.778522925054261)
((30, 38), 50.41024638189203)
((30, 39), 50.82413906517931)
((30, 40), 50.334800635417778)
((30, 41), 53.532663303321407)
((30, 42), 50.352059660408315)
((30, 43), 53.107632560504364)
((30, 44), 50.976839127606027)
((30, 45), 56.529466077232065)
((30, 46), 49.815786245304935)
((30, 47), 48.248597095466543)
((30, 48), 50.312454980604763)
((30, 49), 50.235526564604882)
((30, 50), 50.543495931313778)
((30, 51), 49.401033276126689)
((30, 52), 51.238179584335228)
((30, 53), 53.552221200747546)
((30, 54), 48.50462166818815)
((30, 55), 52.887118789229547)
((30, 56), 51.750137290090748)
((30, 57), 46.231443196707474)
((30, 58), 53.60283113932941)
((30, 59), 52.331035464848796)
((30, 60), 53.637222510935125)
((30, 61), 50.093443161062886)
((30, 62), 53.590703578301905)
((30, 63), 47.398996989568808)
((30, 64), 53.89451265568168)
((30, 65), 51.791988539676609)
((30, 66), 51.547625468139366)
((30, 67), 48.441193444237527)
((30, 68), 55.540058194648594)
((30, 69), 49.989034463284831)
((30, 70), 51.665545093821848)
((30, 71), 52.871811613909813)
((30, 72), 52.364466896234134)
((30, 73), 51.897829812167629)
((30, 74), 51.443278870793236)
((30, 75), 53.624248418788902)
((30, 76), 56.202224280474411)
((30, 77), 49.963500056762264)
((30, 78), 51.407996371597591)
((30, 79), 51.176753956579645)
((30, 80), 56.085354678381584)
((30, 81), 53.559518225349471)
((30, 82), 52.379110966959566)
((30, 83), 52.327959958989695)
((30, 84), 49.556150677607469)
((30, 85), 51.063597091048237)
((30, 86), 50.372444562066093)
((30, 87), 51.625762882813156)
((30, 88), 49.594726824799963)
((30, 89), 56.551968046711899)
((30, 90), 49.46482906556146)
((30, 91), 48.996856241238945)
((30, 92), 53.667615603974141)
((30, 93), 54.20870723381605)
((30, 94), 53.317913586325531)
((30, 95), 55.020031606789132)
((30, 96), 53.781485350027218)
((30, 97), 54.252204687019479)
((30, 98), 57.323187385492389)
((30, 99), 51.662270053548937)
((31, 0), 46.631510925373931)
((31, 1), 46.051391214431582)
((31, 2), 44.69750402657904)
((31, 3), 47.361713057828311)
((31, 4), 47.174834780070071)
((31, 5), 44.199804257765948)
((31, 6), 50.521373506513669)
((31, 7), 48.33271959184853)
((31, 8), 50.142779090156218)
((31, 9), 50.078066409788732)
((31, 10), 45.094496938863429)
((31, 11), 49.279609444822057)
((31, 12), 46.570236385602428)
((31, 13), 40.673806562092935)
((31, 14), 43.917643652656949)
((31, 15), 45.602244970071823)
((31, 16), 46.071673176269115)
((31, 17), 44.495334887592044)
((31, 18), 46.312461419051544)
((31, 19), 46.95811013689385)
((31, 20), 48.631728684239064)
((31, 21), 42.379956499384498)
((31, 22), 45.557062450441236)
((31, 23), 48.272589170902357)
((31, 24), 45.159651247964682)
((31, 25), 43.035286919574055)
((31, 26), 45.528704895680832)
((31, 27), 45.365915151380193)
((31, 28), 48.396623623466411)
((31, 29), 44.161485784636838)
((31, 30), 46.435242030668718)
((31, 31), 46.21757074123888)
((31, 32), 52.110615034279121)
((31, 33), 46.912472423658606)
((31, 34), 46.919616058599487)
((31, 35), 46.312099021847629)
((31, 36), 47.738313138041676)
((31, 37), 44.066622965430064)
((31, 38), 45.569301301066872)
((31, 39), 45.389982933938242)
((31, 40), 44.048429701705288)
((31, 41), 49.159590874564365)
((31, 42), 46.548816810535953)
((31, 43), 47.031328499634142)
((31, 44), 45.78254863450428)
((31, 45), 49.142158635277497)
((31, 46), 44.008678943961186)
((31, 47), 43.293832174745653)
((31, 48), 46.011914051570081)
((31, 49), 43.837619976093848)
((31, 50), 43.589721633259003)
((31, 51), 45.31949196602239)
((31, 52), 46.970196425994295)
((31, 53), 49.199113136002637)
((31, 54), 45.099565217553234)
((31, 55), 46.047464754231356)
((31, 56), 47.576141537689033)
((31, 57), 43.466495392417961)
((31, 58), 48.893607202608692)
((31, 59), 47.874797657744551)
((31, 60), 47.015147053192365)
((31, 61), 45.529796014113202)
((31, 62), 45.759605760728896)
((31, 63), 44.798956936229153)
((31, 64), 47.567916357866338)
((31, 65), 44.672808517403318)
((31, 66), 44.944360132254971)
((31, 67), 42.002791749220322)
((31, 68), 50.10001070159106)
((31, 69), 43.582250675113663)
((31, 70), 44.717939733051935)
((31, 71), 48.225688350243743)
((31, 72), 46.279337738035949)
((31, 73), 46.263925432383019)
((31, 74), 46.138674952884358)
((31, 75), 47.897172718885443)
((31, 76), 46.811096696124068)
((31, 77), 45.262020207539472)
((31, 78), 45.94864245990977)
((31, 79), 45.840473354720352)
((31, 80), 49.48362026110695)
((31, 81), 48.371465985579917)
((31, 82), 47.352300415340707)
((31, 83), 46.289085045558046)
((31, 84), 44.738940666317411)
((31, 85), 45.084901499667666)
((31, 86), 46.371099867823418)
((31, 87), 47.205541325119221)
((31, 88), 43.173225419724908)
((31, 89), 48.974995067623865)
((31, 90), 45.942572170669756)
((31, 91), 43.797814859516436)
((31, 92), 47.067347709746187)
((31, 93), 46.537762989802061)
((31, 94), 48.40201067451315)
((31, 95), 48.730934769695835)
((31, 96), 47.870177029235464)
((31, 97), 49.774697037410746)
((31, 98), 47.570075466732433)
((31, 99), 47.832630174293044)
((32, 0), 47.026661584128476)
((32, 1), 44.487391112066952)
((32, 2), 47.191994219437007)
((32, 3), 47.648224396662194)
((32, 4), 46.326676506091871)
((32, 5), 45.544533420754178)
((32, 6), 50.256905918581801)
((32, 7), 48.578540531424721)
((32, 8), 48.500006077623858)
((32, 9), 50.762460601393457)
((32, 10), 44.663573498471507)
((32, 11), 47.581115371094143)
((32, 12), 44.477638503647242)
((32, 13), 45.474590757369349)
((32, 14), 46.070007498812245)
((32, 15), 49.77342476305153)
((32, 16), 48.808113172660484)
((32, 17), 45.788797913450743)
((32, 18), 50.120116038520621)
((32, 19), 47.598687214656039)
((32, 20), 49.908079447082308)
((32, 21), 45.605614475615958)
((32, 22), 44.498044179070675)
((32, 23), 48.570383819674205)
((32, 24), 46.07642548237957)
((32, 25), 43.02504175938455)
((32, 26), 49.905460217535328)
((32, 27), 44.794109160927029)
((32, 28), 48.026209424150949)
((32, 29), 47.000366387037253)
((32, 30), 46.920813469841178)
((32, 31), 45.25785241045692)
((32, 32), 49.558109718857601)
((32, 33), 47.164023439661904)
((32, 34), 48.694465405693094)
((32, 35), 47.096549006967869)
((32, 36), 46.217978814490046)
((32, 37), 45.828378290676845)
((32, 38), 45.724391853336044)
((32, 39), 47.310909411468671)
((32, 40), 45.818098530405315)
((32, 41), 48.661187830894988)
((32, 42), 45.089350724060594)
((32, 43), 45.197735667062204)
((32, 44), 50.031853996558823)
((32, 45), 47.573940595093624)
((32, 46), 43.246011293885388)
((32, 47), 45.39501394543062)
((32, 48), 46.543867537969618)
((32, 49), 47.558368521195604)
((32, 50), 43.120075093294098)
((32, 51), 43.587157930827672)
((32, 52), 45.022242890778742)
((32, 53), 48.285390181240473)
((32, 54), 42.864926427155353)
((32, 55), 48.244045853280483)
((32, 56), 46.249984229948872)
((32, 57), 42.58199302818776)
((32, 58), 46.685991439977499)
((32, 59), 47.212186322829339)
((32, 60), 49.025246213484621)
((32, 61), 44.658351996913197)
((32, 62), 45.573245769545366)
((32, 63), 44.28091869714217)
((32, 64), 49.455045856406599)
((32, 65), 48.313883597777121)
((32, 66), 46.067114511767983)
((32, 67), 42.574136518422762)
((32, 68), 50.1416957129194)
((32, 69), 48.055939191315986)
((32, 70), 46.077568278210776)
((32, 71), 48.19118738621701)
((32, 72), 46.709787720527892)
((32, 73), 47.87816567366977)
((32, 74), 45.626529640499953)
((32, 75), 48.385038348759892)
((32, 76), 49.017247880894885)
((32, 77), 44.510240976864573)
((32, 78), 48.466620465028072)
((32, 79), 43.431666096216006)
((32, 80), 53.175211890821203)
((32, 81), 50.094581237204657)
((32, 82), 49.360526797130973)
((32, 83), 46.810858357648257)
((32, 84), 46.483243936271414)
((32, 85), 45.675483306860784)
((32, 86), 46.796832920487603)
((32, 87), 47.612178166869811)
((32, 88), 44.98620368170689)
((32, 89), 50.356271893214881)
((32, 90), 46.569684774205498)
((32, 91), 42.348852816766566)
((32, 92), 51.343472862890039)
((32, 93), 50.005217661487393)
((32, 94), 48.005952429568957)
((32, 95), 47.465232458770814)
((32, 96), 51.017109786773943)
((32, 97), 50.161439000834001)
((32, 98), 49.308207262326789)
((32, 99), 50.931205317071054)
((33, 0), 46.862778291041877)
((33, 1), 45.75665713521181)
((33, 2), 45.404234597722962)
((33, 3), 46.382032556851115)
((33, 4), 45.745188370515677)
((33, 5), 45.209954456957774)
((33, 6), 48.29776593470622)
((33, 7), 48.757816114637677)
((33, 8), 49.600242765443383)
((33, 9), 51.057971053568139)
((33, 10), 46.148631226255318)
((33, 11), 50.129717168443158)
((33, 12), 47.694017837240452)
((33, 13), 44.244619990853224)
((33, 14), 45.537319042627814)
((33, 15), 48.074223563420574)
((33, 16), 47.08580920455087)
((33, 17), 48.095087058016304)
((33, 18), 46.648090848924696)
((33, 19), 47.857415008558945)
((33, 20), 49.184700447393823)
((33, 21), 45.835542503245676)
((33, 22), 47.144165522818724)
((33, 23), 47.368959157807609)
((33, 24), 46.596701149264234)
((33, 25), 43.313241868256817)
((33, 26), 48.693322650789142)
((33, 27), 44.504472019215441)
((33, 28), 46.899033403945722)
((33, 29), 47.479781229025775)
((33, 30), 43.719142186160724)
((33, 31), 44.479632168035778)
((33, 32), 50.889848292323784)
((33, 33), 46.111254289942231)
((33, 34), 47.524683286044542)
((33, 35), 45.502157776347588)
((33, 36), 46.178378031302678)
((33, 37), 45.174664372015116)
((33, 38), 46.493909897441448)
((33, 39), 44.697137547263665)
((33, 40), 45.507873595832571)
((33, 41), 49.138874558514075)
((33, 42), 45.603000053389906)
((33, 43), 45.209028429009017)
((33, 44), 48.529467021508694)
((33, 45), 48.774430745644111)
((33, 46), 45.174871335632488)
((33, 47), 44.879764175338721)
((33, 48), 45.303947703827809)
((33, 49), 44.682870184294416)
((33, 50), 42.179631762756308)
((33, 51), 44.914065904575693)
((33, 52), 46.465070628569428)
((33, 53), 49.482195055027077)
((33, 54), 42.514234553844545)
((33, 55), 47.286408588780155)
((33, 56), 45.661409673061328)
((33, 57), 44.643457987953774)
((33, 58), 47.777722710084674)
((33, 59), 47.037501574578926)
((33, 60), 49.587869824623574)
((33, 61), 45.646331818489017)
((33, 62), 45.519035726150904)
((33, 63), 45.526210908531283)
((33, 64), 50.392859923471434)
((33, 65), 48.248691894980752)
((33, 66), 45.145275490831281)
((33, 67), 41.696478289515554)
((33, 68), 47.735702432592433)
((33, 69), 46.591677864976603)
((33, 70), 44.992724007892591)
((33, 71), 48.061823344081134)
((33, 72), 46.177154321829342)
((33, 73), 48.125305944041784)
((33, 74), 45.962932367949747)
((33, 75), 50.000030687893911)
((33, 76), 49.739413452514015)
((33, 77), 46.182136126477872)
((33, 78), 49.427325564021345)
((33, 79), 43.861456281102903)
((33, 80), 50.128388289496982)
((33, 81), 47.667135177534419)
((33, 82), 46.709377985050736)
((33, 83), 46.439367997568823)
((33, 84), 46.191311799001348)
((33, 85), 44.570281793401477)
((33, 86), 46.262296082336789)
((33, 87), 47.797792675181306)
((33, 88), 43.639411107137178)
((33, 89), 48.542417711887495)
((33, 90), 44.792204723241142)
((33, 91), 43.776128933183401)
((33, 92), 48.626870924252913)
((33, 93), 48.484160696873772)
((33, 94), 49.606229361269214)
((33, 95), 47.710216230933781)
((33, 96), 50.389702296678323)
((33, 97), 48.532039460848324)
((33, 98), 50.656814612368635)
((33, 99), 50.304315682247186)
((34, 0), 50.819319679628592)
((34, 1), 47.960032450917396)
((34, 2), 47.680919264570605)
((34, 3), 47.112851074687669)
((34, 4), 48.666437980482002)
((34, 5), 50.555658262611985)
((34, 6), 51.733378286936698)
((34, 7), 51.254110768130673)
((34, 8), 53.162119525699559)
((34, 9), 53.153368761739003)
((34, 10), 50.044393387864112)
((34, 11), 51.007705443648845)
((34, 12), 49.506488334953161)
((34, 13), 47.951709934974133)
((34, 14), 47.430674406367494)
((34, 15), 51.90434147362491)
((34, 16), 50.30644045440738)
((34, 17), 47.989147579712707)
((34, 18), 52.10775085904482)
((34, 19), 53.669710763221261)
((34, 20), 52.803039817678858)
((34, 21), 46.776684596028517)
((34, 22), 49.027871031771753)
((34, 23), 51.406228659027349)
((34, 24), 49.970510904462607)
((34, 25), 45.51003054175888)
((34, 26), 51.491403162064714)
((34, 27), 49.673450954984624)
((34, 28), 49.298681992627806)
((34, 29), 49.149346206494798)
((34, 30), 48.977237752371565)
((34, 31), 48.219941099948279)
((34, 32), 53.167578621779086)
((34, 33), 52.395179565717598)
((34, 34), 49.480295793556039)
((34, 35), 50.148088116399805)
((34, 36), 50.118473067334747)
((34, 37), 46.40757389795327)
((34, 38), 48.625109959410665)
((34, 39), 49.471298747327381)
((34, 40), 48.022367317474838)
((34, 41), 52.37550986183134)
((34, 42), 48.594763402594914)
((34, 43), 49.301435345436168)
((34, 44), 48.700207919970609)
((34, 45), 50.425290104203356)
((34, 46), 44.813814560553816)
((34, 47), 47.529406903105432)
((34, 48), 48.377413732865477)
((34, 49), 51.267200918464695)
((34, 50), 48.533479979398749)
((34, 51), 48.300438503983358)
((34, 52), 50.319947439730612)
((34, 53), 52.419231194357124)
((34, 54), 45.271753602522928)
((34, 55), 50.815457844387396)
((34, 56), 51.038541265568043)
((34, 57), 45.55341619033824)
((34, 58), 49.448064387504338)
((34, 59), 48.820558947051197)
((34, 60), 51.96933818336089)
((34, 61), 48.766742979316959)
((34, 62), 49.406669620492139)
((34, 63), 45.837919000299422)
((34, 64), 51.088416100588425)
((34, 65), 47.529193140860158)
((34, 66), 48.414753549711335)
((34, 67), 45.216770622279284)
((34, 68), 52.088670472789687)
((34, 69), 49.258492843344897)
((34, 70), 50.15151837900838)
((34, 71), 51.460969888150728)
((34, 72), 50.507566925698981)
((34, 73), 48.961355727042694)
((34, 74), 46.412199271151238)
((34, 75), 50.8859934099588)
((34, 76), 52.158133652689827)
((34, 77), 49.099176435574563)
((34, 78), 49.389954069230896)
((34, 79), 47.979480694437115)
((34, 80), 54.016177135667746)
((34, 81), 51.76118964488326)
((34, 82), 49.647313701693662)
((34, 83), 50.15864267718645)
((34, 84), 48.769872155721544)
((34, 85), 48.961444987220403)
((34, 86), 48.848278930478273)
((34, 87), 52.190801999480755)
((34, 88), 45.18606461103586)
((34, 89), 54.704364317767315)
((34, 90), 49.856766243004202)
((34, 91), 46.275752946948337)
((34, 92), 53.291965192888185)
((34, 93), 49.059262522300514)
((34, 94), 51.86601154355867)
((34, 95), 51.532209253907943)
((34, 96), 53.33100139160463)
((34, 97), 53.475899824142829)
((34, 98), 55.6068913148669)
((34, 99), 51.092208865583366)
((35, 0), 49.47834034393243)
((35, 1), 47.849079297804089)
((35, 2), 48.084979195325502)
((35, 3), 47.390722382266148)
((35, 4), 47.61557826125398)
((35, 5), 49.584406227757469)
((35, 6), 48.869167088658564)
((35, 7), 51.250008046852486)
((35, 8), 52.98561450663226)
((35, 9), 54.122270781415097)
((35, 10), 49.177397022999571)
((35, 11), 52.765682052145969)
((35, 12), 48.916833034937795)
((35, 13), 46.894059183128675)
((35, 14), 48.645548802892478)
((35, 15), 50.462929521618499)
((35, 16), 49.943624321301328)
((35, 17), 47.204764256463882)
((35, 18), 53.450460375331652)
((35, 19), 50.154431490325592)
((35, 20), 50.403949570776106)
((35, 21), 48.946522676468334)
((35, 22), 48.027800428430311)
((35, 23), 50.472169919844362)
((35, 24), 47.024595172587041)
((35, 25), 44.636319485457747)
((35, 26), 51.814696033324488)
((35, 27), 49.273684875169977)
((35, 28), 48.836305270503289)
((35, 29), 49.492805629792755)
((35, 30), 47.833752588446515)
((35, 31), 49.487994839375588)
((35, 32), 54.666306423678925)
((35, 33), 49.698514899329389)
((35, 34), 49.216324227947716)
((35, 35), 48.819955128625445)
((35, 36), 50.03253056860887)
((35, 37), 46.596039538860971)
((35, 38), 47.247747899183913)
((35, 39), 47.567485611049825)
((35, 40), 44.666676013812634)
((35, 41), 51.469864974192689)
((35, 42), 48.981303687845759)
((35, 43), 51.050018350928141)
((35, 44), 49.836882039870019)
((35, 45), 51.400974688232047)
((35, 46), 45.755100806408898)
((35, 47), 46.105276180524001)
((35, 48), 49.748444270729294)
((35, 49), 50.587878389715087)
((35, 50), 47.943189981919105)
((35, 51), 44.481534366974202)
((35, 52), 48.350825679433449)
((35, 53), 49.769159195406374)
((35, 54), 45.341177338497644)
((35, 55), 50.75494281836491)
((35, 56), 48.176145684255253)
((35, 57), 45.98654577774812)
((35, 58), 49.217381855247687)
((35, 59), 50.188492730197872)
((35, 60), 51.183931544003393)
((35, 61), 49.096655919626862)
((35, 62), 51.346701663372755)
((35, 63), 47.531133605574354)
((35, 64), 50.439764036000319)
((35, 65), 50.035111166382663)
((35, 66), 46.588703507646017)
((35, 67), 45.405433672126101)
((35, 68), 53.698130569898382)
((35, 69), 48.176162979115674)
((35, 70), 49.092571274630494)
((35, 71), 50.750375458874721)
((35, 72), 48.759713272161434)
((35, 73), 47.266577346891665)
((35, 74), 46.743701864643441)
((35, 75), 49.262901933486191)
((35, 76), 51.986129394341972)
((35, 77), 47.122264438573069)
((35, 78), 51.5812758324372)
((35, 79), 45.150396366140995)
((35, 80), 54.620183839460289)
((35, 81), 52.013943436681217)
((35, 82), 49.878217994305601)
((35, 83), 51.48098778109815)
((35, 84), 46.687763700906309)
((35, 85), 47.826338760641875)
((35, 86), 48.922408515254915)
((35, 87), 48.533693812301351)
((35, 88), 45.390072169996444)
((35, 89), 51.706233742708733)
((35, 90), 49.05178006497863)
((35, 91), 46.56864989014278)
((35, 92), 50.788200496543297)
((35, 93), 48.698412272902274)
((35, 94), 50.796231466702203)
((35, 95), 51.189551256604133)
((35, 96), 53.391195902939302)
((35, 97), 49.894203938269463)
((35, 98), 53.984880061645555)
((35, 99), 51.155248174357205)
((36, 0), 49.342903901207812)
((36, 1), 48.688717529449363)
((36, 2), 49.5947992440435)
((36, 3), 48.222003277021585)
((36, 4), 48.171482600450901)
((36, 5), 48.705348583969538)
((36, 6), 51.458055627661416)
((36, 7), 50.491455218016412)
((36, 8), 52.764547726540059)
((36, 9), 54.592313125789701)
((36, 10), 50.44417092412445)
((36, 11), 51.933432286660384)
((36, 12), 47.811058634827347)
((36, 13), 47.178515656514485)
((36, 14), 48.500285235300481)
((36, 15), 50.399589636186484)
((36, 16), 49.826763744658095)
((36, 17), 45.247457916707518)
((36, 18), 49.366875738261101)
((36, 19), 51.474880655600856)
((36, 20), 52.705812433736945)
((36, 21), 47.989585437823784)
((36, 22), 48.648282452808502)
((36, 23), 48.744448706366079)
((36, 24), 47.313823658258372)
((36, 25), 43.997569552366542)
((36, 26), 48.723018840177879)
((36, 27), 47.880610747373687)
((36, 28), 52.547404662230463)
((36, 29), 48.337209701499063)
((36, 30), 48.622381196001143)
((36, 31), 48.090674610992821)
((36, 32), 51.435961494519439)
((36, 33), 52.321521412982783)
((36, 34), 49.018660238125804)
((36, 35), 50.767424522401626)
((36, 36), 48.335084044452259)
((36, 37), 48.223663613275164)
((36, 38), 47.30799604761404)
((36, 39), 50.00144353735908)
((36, 40), 48.33616980452399)
((36, 41), 51.048384691208284)
((36, 42), 48.513213627359278)
((36, 43), 48.484332381983066)
((36, 44), 48.69638457932399)
((36, 45), 51.965066698898511)
((36, 46), 46.162087625005022)
((36, 47), 47.132612542542368)
((36, 48), 48.320216038073987)
((36, 49), 48.201443545823182)
((36, 50), 48.550779498051092)
((36, 51), 46.880709378614668)
((36, 52), 50.259022746541376)
((36, 53), 51.673497807773082)
((36, 54), 45.636420172168712)
((36, 55), 50.412556593152999)
((36, 56), 50.243671580600363)
((36, 57), 44.050838820081616)
((36, 58), 50.289152572317036)
((36, 59), 48.966643417997574)
((36, 60), 52.273014102906458)
((36, 61), 47.960585827233565)
((36, 62), 48.4049197540553)
((36, 63), 46.006732126859134)
((36, 64), 50.725871800373909)
((36, 65), 49.327157509360468)
((36, 66), 47.766372882028421)
((36, 67), 44.789205231281493)
((36, 68), 52.07898309989676)
((36, 69), 48.858600535804491)
((36, 70), 48.800617322683337)
((36, 71), 49.38265464407587)
((36, 72), 48.637167352044671)
((36, 73), 50.619529256297071)
((36, 74), 48.606190642137904)
((36, 75), 50.429518481829788)
((36, 76), 52.472225386309105)
((36, 77), 47.660796860643089)
((36, 78), 50.560767627769948)
((36, 79), 45.999228413441813)
((36, 80), 54.623299023265147)
((36, 81), 50.710953790447505)
((36, 82), 48.243345605590775)
((36, 83), 49.830064037233868)
((36, 84), 45.297625406692049)
((36, 85), 48.949471696621288)
((36, 86), 48.584545537243002)
((36, 87), 48.589934414749209)
((36, 88), 46.599329062698587)
((36, 89), 52.029175220147927)
((36, 90), 48.494201612398776)
((36, 91), 45.878921091786957)
((36, 92), 51.838479711727175)
((36, 93), 51.267779409051812)
((36, 94), 51.45089027540574)
((36, 95), 49.790018071270964)
((36, 96), 51.304416600988475)
((36, 97), 51.613700182086319)
((36, 98), 53.272105886337577)
((36, 99), 51.709320831820058)
((37, 0), 49.097413139078199)
((37, 1), 47.264296421011686)
((37, 2), 48.323954195055997)
((37, 3), 48.560620929417752)
((37, 4), 49.781506492239501)
((37, 5), 49.011304839938518)
((37, 6), 51.813837616793805)
((37, 7), 49.960136284555134)
((37, 8), 51.709106067637322)
((37, 9), 54.625968543922085)
((37, 10), 45.045176236401559)
((37, 11), 51.971570102559376)
((37, 12), 49.214547122571332)
((37, 13), 48.221584311011817)
((37, 14), 48.28927500812312)
((37, 15), 50.649132535910937)
((37, 16), 49.727435003072763)
((37, 17), 47.112369992380835)
((37, 18), 50.998384197599762)
((37, 19), 51.362190349048028)
((37, 20), 53.018504553788347)
((37, 21), 48.684125419235727)
((37, 22), 48.358506590480104)
((37, 23), 50.50405581100253)
((37, 24), 49.637299474966852)
((37, 25), 45.465729162606479)
((37, 26), 51.944705653498204)
((37, 27), 47.404136021300751)
((37, 28), 53.177647895923371)
((37, 29), 49.434923777128716)
((37, 30), 48.985267308876224)
((37, 31), 49.297069386632678)
((37, 32), 51.590607063413259)
((37, 33), 49.912153613703424)
((37, 34), 49.492025064535198)
((37, 35), 50.388380365015877)
((37, 36), 49.779024124573596)
((37, 37), 48.234650018916852)
((37, 38), 49.206221643980811)
((37, 39), 49.772844876739995)
((37, 40), 47.306107145250344)
((37, 41), 50.326758103931667)
((37, 42), 46.461196873020867)
((37, 43), 47.469746835605108)
((37, 44), 49.476985959151811)
((37, 45), 52.417927763931488)
((37, 46), 44.904993634140894)
((37, 47), 45.637131736869463)
((37, 48), 50.147250269147605)
((37, 49), 47.386041695001282)
((37, 50), 46.908723110104184)
((37, 51), 47.283118146921595)
((37, 52), 48.105341796793681)
((37, 53), 51.936193054642928)
((37, 54), 49.250879417270198)
((37, 55), 51.424635163235834)
((37, 56), 50.294515163921034)
((37, 57), 43.875620924349022)
((37, 58), 51.642196080857026)
((37, 59), 48.918303603938234)
((37, 60), 49.561540138668818)
((37, 61), 46.816025135197819)
((37, 62), 48.416628588586519)
((37, 63), 48.721129519357007)
((37, 64), 51.007396954232306)
((37, 65), 50.130373009914507)
((37, 66), 47.754663766150529)
((37, 67), 44.383143635429469)
((37, 68), 51.596064260774796)
((37, 69), 49.032632587263144)
((37, 70), 48.837018094415406)
((37, 71), 51.753507463829521)
((37, 72), 51.561472705683173)
((37, 73), 50.762995162339138)
((37, 74), 50.719945589185414)
((37, 75), 51.191585947330758)
((37, 76), 49.244711172581333)
((37, 77), 47.833213398136735)
((37, 78), 49.14377168508058)
((37, 79), 47.223724374441424)
((37, 80), 52.734686876697246)
((37, 81), 51.11217063319863)
((37, 82), 47.621088155343941)
((37, 83), 51.923496197318542)
((37, 84), 48.451587894385831)
((37, 85), 46.31574838877377)
((37, 86), 48.214554947479215)
((37, 87), 49.798482047116153)
((37, 88), 45.634991503591209)
((37, 89), 51.200577104453075)
((37, 90), 48.68136697773236)
((37, 91), 47.195401347650687)
((37, 92), 51.101595481294886)
((37, 93), 51.203672772384635)
((37, 94), 51.207674501782137)
((37, 95), 49.388536765198602)
((37, 96), 52.57797297556457)
((37, 97), 53.072699885927761)
((37, 98), 52.079182953225995)
((37, 99), 51.660015043779424)
((38, 0), 52.131091051584505)
((38, 1), 51.037759829143269)
((38, 2), 49.680822526999478)
((38, 3), 50.357478264423335)
((38, 4), 52.036231440494355)
((38, 5), 52.632604756292572)
((38, 6), 53.868150985815184)
((38, 7), 52.436981913314398)
((38, 8), 57.932870020533258)
((38, 9), 58.520499756706549)
((38, 10), 50.629608081147403)
((38, 11), 54.725060283228807)
((38, 12), 50.166138626033991)
((38, 13), 49.810471535058255)
((38, 14), 52.028588228152529)
((38, 15), 52.545477257876676)
((38, 16), 53.152772026895903)
((38, 17), 50.017149062232058)
((38, 18), 55.184819686007131)
((38, 19), 53.26089408275557)
((38, 20), 54.174247386202659)
((38, 21), 48.337397440404018)
((38, 22), 52.635070241358939)
((38, 23), 53.096677992618993)
((38, 24), 53.674295975616815)
((38, 25), 47.984677227149334)
((38, 26), 53.261764672539812)
((38, 27), 51.512859216218878)
((38, 28), 54.188988804097463)
((38, 29), 51.438621806492321)
((38, 30), 50.157083982515672)
((38, 31), 48.876023837892191)
((38, 32), 56.230060098416558)
((38, 33), 53.685806203828683)
((38, 34), 53.881329446815116)
((38, 35), 53.712804389290156)
((38, 36), 52.61049461248566)
((38, 37), 49.522116708173094)
((38, 38), 50.789885638325742)
((38, 39), 52.596904845006634)
((38, 40), 50.33848505343262)
((38, 41), 52.285746000776896)
((38, 42), 50.776624724604197)
((38, 43), 52.950719526580919)
((38, 44), 50.933742008761129)
((38, 45), 54.145303991227536)
((38, 46), 46.984522478275551)
((38, 47), 49.541642101459345)
((38, 48), 52.092764639651193)
((38, 49), 51.504148536412828)
((38, 50), 49.392451795783721)
((38, 51), 49.2152467194297)
((38, 52), 51.094480117921499)
((38, 53), 53.406918960381027)
((38, 54), 47.888148655326475)
((38, 55), 53.710864363160539)
((38, 56), 52.470351423666706)
((38, 57), 46.852603528971429)
((38, 58), 53.201596803813857)
((38, 59), 53.057675370947578)
((38, 60), 53.49849601505516)
((38, 61), 49.704081095537887)
((38, 62), 51.097461097753573)
((38, 63), 50.831010152958882)
((38, 64), 51.693236895103425)
((38, 65), 51.427064891288353)
((38, 66), 48.522987418972093)
((38, 67), 49.547133878788799)
((38, 68), 54.169938137578292)
((38, 69), 52.754106324394456)
((38, 70), 52.399418067010316)
((38, 71), 55.409533162464818)
((38, 72), 53.084886722096094)
((38, 73), 51.072219531708811)
((38, 74), 49.997350319709952)
((38, 75), 54.190682166702302)
((38, 76), 53.762277955371189)
((38, 77), 50.353046464202734)
((38, 78), 53.699451136317627)
((38, 79), 49.725561803967231)
((38, 80), 55.148029495736523)
((38, 81), 53.570662817497855)
((38, 82), 52.782904306346182)
((38, 83), 54.115116992905456)
((38, 84), 50.354548930786748)
((38, 85), 50.252486665156738)
((38, 86), 50.472835959256095)
((38, 87), 50.423864503893064)
((38, 88), 47.290760848657094)
((38, 89), 57.116884633482869)
((38, 90), 50.198956971136184)
((38, 91), 50.007931016246069)
((38, 92), 53.6133740540498)
((38, 93), 51.782412632414847)
((38, 94), 52.461203979197016)
((38, 95), 53.058341229064261)
((38, 96), 57.509479112968663)
((38, 97), 54.451208445043605)
((38, 98), 55.336745679008814)
((38, 99), 54.790952330145458)
((39, 0), 51.111677442942295)
((39, 1), 48.329286627393671)
((39, 2), 49.445956227981405)
((39, 3), 50.107593580771777)
((39, 4), 50.307379914509013)
((39, 5), 49.351159925728389)
((39, 6), 52.117525542400173)
((39, 7), 50.442540468276533)
((39, 8), 52.799545756620354)
((39, 9), 55.85251502453734)
((39, 10), 49.206551729389091)
((39, 11), 54.972754248622444)
((39, 12), 50.756597051263761)
((39, 13), 48.524774127507143)
((39, 14), 46.960910110684388)
((39, 15), 50.986607836180028)
((39, 16), 50.715841667930206)
((39, 17), 50.264051667148792)
((39, 18), 51.640071199493853)
((39, 19), 52.624973389781601)
((39, 20), 52.275032726911263)
((39, 21), 48.353419879996665)
((39, 22), 49.180043992455055)
((39, 23), 52.887057667752231)
((39, 24), 48.383042578884002)
((39, 25), 43.065233427290501)
((39, 26), 51.689027454695108)
((39, 27), 48.406204800829627)
((39, 28), 52.415914358192353)
((39, 29), 51.194475673473235)
((39, 30), 48.074679807858786)
((39, 31), 50.713280790781511)
((39, 32), 53.062192156991145)
((39, 33), 51.234852128173273)
((39, 34), 51.690929522859918)
((39, 35), 50.640010293174484)
((39, 36), 49.175765957259244)
((39, 37), 49.093072818564842)
((39, 38), 50.801990943315538)
((39, 39), 48.478482407554345)
((39, 40), 48.992111782185901)
((39, 41), 52.473514102204824)
((39, 42), 49.592280356861629)
((39, 43), 51.025765056203539)
((39, 44), 49.693774065140936)
((39, 45), 51.419125138402848)
((39, 46), 48.058309223408621)
((39, 47), 47.088147974735982)
((39, 48), 47.484394915080671)
((39, 49), 49.345018212282298)
((39, 50), 47.420189064371115)
((39, 51), 48.179402306804711)
((39, 52), 47.042728496739954)
((39, 53), 53.249128986075817)
((39, 54), 46.587011300535892)
((39, 55), 49.267416779202676)
((39, 56), 50.414961134254668)
((39, 57), 48.794700330385176)
((39, 58), 51.343207316235045)
((39, 59), 51.143590477093142)
((39, 60), 55.128476476995111)
((39, 61), 49.212601803468402)
((39, 62), 49.994294888377581)
((39, 63), 47.140743095411516)
((39, 64), 51.789983871676917)
((39, 65), 50.621808597921117)
((39, 66), 46.66163297358672)
((39, 67), 49.029268296417285)
((39, 68), 52.651071247671304)
((39, 69), 48.156584126511348)
((39, 70), 49.277442640103402)
((39, 71), 52.446917226083215)
((39, 72), 51.095839280165293)
((39, 73), 48.956478810141128)
((39, 74), 47.649332090899328)
((39, 75), 49.539419811231483)
((39, 76), 53.481185794959273)
((39, 77), 47.474746536006698)
((39, 78), 50.757628286140701)
((39, 79), 47.583812145269803)
((39, 80), 54.054319880995251)
((39, 81), 53.78112555420789)
((39, 82), 49.232927824061001)
((39, 83), 52.589262946811608)
((39, 84), 45.713034616989184)
((39, 85), 47.893636613669557)
((39, 86), 48.701270360732863)
((39, 87), 51.563326133149495)
((39, 88), 49.531050336678824)
((39, 89), 53.91471764619898)
((39, 90), 49.239763049383569)
((39, 91), 46.837382744969659)
((39, 92), 53.378725533425083)
((39, 93), 50.625669962268809)
((39, 94), 53.027158497212561)
((39, 95), 52.51874616097281)
((39, 96), 52.932692305460172)
((39, 97), 51.718054512675224)
((39, 98), 53.496651275943258)
((39, 99), 51.323435780906664)
((40, 0), 48.624125517758436)
((40, 1), 47.857283140640831)
((40, 2), 46.91048871142727)
((40, 3), 51.453351695905468)
((40, 4), 49.819788675316545)
((40, 5), 48.989084819135485)
((40, 6), 51.433479197504724)
((40, 7), 48.500433819204673)
((40, 8), 52.05815760633773)
((40, 9), 51.505727691077411)
((40, 10), 47.670821814838291)
((40, 11), 49.863432719899265)
((40, 12), 49.176093058275988)
((40, 13), 45.401692831049118)
((40, 14), 47.11229854360046)
((40, 15), 51.308958341131088)
((40, 16), 50.201637285105967)
((40, 17), 47.982732658811955)
((40, 18), 50.600107756237271)
((40, 19), 49.084676192199311)
((40, 20), 54.175845877304504)
((40, 21), 46.146312175067301)
((40, 22), 47.301923126618981)
((40, 23), 51.795550171843011)
((40, 24), 48.139303176756798)
((40, 25), 46.99501497926088)
((40, 26), 51.365604191312009)
((40, 27), 50.198922158258874)
((40, 28), 49.87996849300972)
((40, 29), 48.485828253339292)
((40, 30), 48.139294749597866)
((40, 31), 49.430143278309458)
((40, 32), 54.433809111677832)
((40, 33), 50.971932244186227)
((40, 34), 49.633724045658859)
((40, 35), 47.440359288461423)
((40, 36), 48.785442027111422)
((40, 37), 46.431380783794026)
((40, 38), 49.487477423656152)
((40, 39), 48.509255097218073)
((40, 40), 49.186228106534401)
((40, 41), 50.567490933613627)
((40, 42), 48.590022127613707)
((40, 43), 47.834092150552785)
((40, 44), 50.162823603288011)
((40, 45), 51.625173970884632)
((40, 46), 45.503352045471914)
((40, 47), 46.414037944206321)
((40, 48), 49.980732476520281)
((40, 49), 47.484122751332954)
((40, 50), 44.740729468069155)
((40, 51), 47.440854325516085)
((40, 52), 45.812139651577887)
((40, 53), 51.139375945404133)
((40, 54), 47.48389034930419)
((40, 55), 48.76182334990007)
((40, 56), 50.590501055938013)
((40, 57), 43.986370564866732)
((40, 58), 49.549600252150505)
((40, 59), 50.718385865538373)
((40, 60), 49.773573477667327)
((40, 61), 46.992084397839541)
((40, 62), 48.062025910049101)
((40, 63), 46.594739200416328)
((40, 64), 48.531036883091531)
((40, 65), 49.277716987108136)
((40, 66), 47.980780746300873)
((40, 67), 44.089150078432908)
((40, 68), 52.211884626762142)
((40, 69), 48.502371661747667)
((40, 70), 47.444076441350035)
((40, 71), 52.310679676795687)
((40, 72), 49.028165064670986)
((40, 73), 50.276428793346156)
((40, 74), 46.675623985777214)
((40, 75), 49.448149098753632)
((40, 76), 51.44289026302468)
((40, 77), 47.780809192245258)
((40, 78), 50.074675002974686)
((40, 79), 45.040244231790702)
((40, 80), 54.232522848450486)
((40, 81), 52.848954242890414)
((40, 82), 52.237705954641513)
((40, 83), 48.041369565040043)
((40, 84), 46.983392610561786)
((40, 85), 46.284950738026126)
((40, 86), 48.567624170285711)
((40, 87), 47.47997190188233)
((40, 88), 46.496992371511325)
((40, 89), 54.034331103160255)
((40, 90), 48.642182429564073)
((40, 91), 45.378230472703152)
((40, 92), 50.3261433039903)
((40, 93), 50.337065832634934)
((40, 94), 51.329932744494769)
((40, 95), 48.520274309550018)
((40, 96), 51.536671410163336)
((40, 97), 50.647978614306012)
((40, 98), 51.106140901724153)
((40, 99), 50.31536041104502)
((41, 0), 50.238405655113141)
((41, 1), 49.087842510903876)
((41, 2), 48.123501624330999)
((41, 3), 52.066741073930359)
((41, 4), 51.677639369285778)
((41, 5), 49.446261355006989)
((41, 6), 50.629737871168714)
((41, 7), 51.708105149612528)
((41, 8), 52.347791012020146)
((41, 9), 53.425055048794192)
((41, 10), 46.687392435606398)
((41, 11), 53.862526707919386)
((41, 12), 50.562324465180524)
((41, 13), 46.984329990445438)
((41, 14), 50.931236291168617)
((41, 15), 51.21149490429179)
((41, 16), 50.48618864514178)
((41, 17), 46.286603268007589)
((41, 18), 51.686882585857298)
((41, 19), 50.512126519485676)
((41, 20), 54.178292690900548)
((41, 21), 48.493407977423722)
((41, 22), 50.098862987474732)
((41, 23), 53.878408611737065)
((41, 24), 47.183569604837061)
((41, 25), 43.191225829559144)
((41, 26), 51.212703238454964)
((41, 27), 49.34760226061065)
((41, 28), 53.207886424613882)
((41, 29), 51.624640544455353)
((41, 30), 49.160552710197265)
((41, 31), 48.036030104322755)
((41, 32), 55.088857221216571)
((41, 33), 50.906008214811692)
((41, 34), 51.236982918374579)
((41, 35), 52.150419203829557)
((41, 36), 50.353740730886216)
((41, 37), 46.549453053876974)
((41, 38), 49.977139640695015)
((41, 39), 48.059879003206156)
((41, 40), 47.187867517819015)
((41, 41), 50.943523337136227)
((41, 42), 48.657035651912516)
((41, 43), 49.808874684638596)
((41, 44), 50.526607711423949)
((41, 45), 49.808658675313069)
((41, 46), 48.175998119239388)
((41, 47), 47.889830086892701)
((41, 48), 50.969798213873823)
((41, 49), 48.966554383226942)
((41, 50), 46.931038555195585)
((41, 51), 48.688973351397678)
((41, 52), 49.397329875675332)
((41, 53), 52.861585507855843)
((41, 54), 47.70221948880279)
((41, 55), 50.326245388238924)
((41, 56), 52.27339771037159)
((41, 57), 45.22794556040904)
((41, 58), 52.028542000613953)
((41, 59), 50.563929064374051)
((41, 60), 51.368127466987922)
((41, 61), 48.822047157394778)
((41, 62), 51.800821886685966)
((41, 63), 47.430042215037361)
((41, 64), 50.170764124446322)
((41, 65), 51.19080656451284)
((41, 66), 49.043432688381948)
((41, 67), 45.308513779467063)
((41, 68), 53.484199993092929)
((41, 69), 50.394248541154838)
((41, 70), 51.905866815469196)
((41, 71), 51.283993950425796)
((41, 72), 49.211284948277168)
((41, 73), 50.567344374569373)
((41, 74), 48.933207765029451)
((41, 75), 51.099276338946126)
((41, 76), 51.850165561762978)
((41, 77), 48.175879005951515)
((41, 78), 48.441683579169265)
((41, 79), 47.692043306839267)
((41, 80), 54.081521376742991)
((41, 81), 50.440634398631786)
((41, 82), 51.431922388569994)
((41, 83), 50.540621176521391)
((41, 84), 47.725188881017097)
((41, 85), 48.177008751434386)
((41, 86), 47.206297577702571)
((41, 87), 48.372117680211232)
((41, 88), 47.892477782085955)
((41, 89), 55.50134091457025)
((41, 90), 49.590220683989948)
((41, 91), 44.784927211809027)
((41, 92), 50.024955202019711)
((41, 93), 53.804899561677757)
((41, 94), 53.057529323512739)
((41, 95), 50.612282852203805)
((41, 96), 51.594224062066289)
((41, 97), 52.926637042356006)
((41, 98), 55.657432133333046)
((41, 99), 51.327026092102464)
((42, 0), 48.175404186732003)
((42, 1), 47.755767468885473)
((42, 2), 47.855384450788378)
((42, 3), 49.96397564456106)
((42, 4), 51.832711592626154)
((42, 5), 50.266336740033182)
((42, 6), 50.522534974340587)
((42, 7), 50.423079904963217)
((42, 8), 53.294277171638925)
((42, 9), 54.203200193739434)
((42, 10), 46.554436414630601)
((42, 11), 53.051010561520343)
((42, 12), 49.148542128409581)
((42, 13), 47.376034399398556)
((42, 14), 46.10179278089938)
((42, 15), 51.543531109972854)
((42, 16), 51.347608680223175)
((42, 17), 49.678814075993266)
((42, 18), 53.044254709537455)
((42, 19), 52.203587122874907)
((42, 20), 54.739255766149974)
((42, 21), 48.033482133804384)
((42, 22), 48.553638238902586)
((42, 23), 52.681695892654503)
((42, 24), 49.871581401156774)
((42, 25), 43.380814909946309)
((42, 26), 53.357971399964967)
((42, 27), 49.38877297846571)
((42, 28), 50.975143558780019)
((42, 29), 48.067877071455669)
((42, 30), 48.505353992974833)
((42, 31), 49.646620271017582)
((42, 32), 53.022430982376378)
((42, 33), 50.314677104287057)
((42, 34), 50.260752210410814)
((42, 35), 47.62427482605414)
((42, 36), 49.824859475549999)
((42, 37), 47.955591414589819)
((42, 38), 49.775845279674172)
((42, 39), 49.440683820533302)
((42, 40), 47.398969557990625)
((42, 41), 50.309911649223096)
((42, 42), 48.327709009377067)
((42, 43), 51.145995981326024)
((42, 44), 52.854175053808817)
((42, 45), 53.808502706785831)
((42, 46), 44.656128944706253)
((42, 47), 49.435045005114532)
((42, 48), 48.564436914722634)
((42, 49), 48.198399296641938)
((42, 50), 46.331667603305611)
((42, 51), 48.576792657986985)
((42, 52), 51.740417665038891)
((42, 53), 51.150738133041443)
((42, 54), 47.428115825850838)
((42, 55), 50.62549096403356)
((42, 56), 50.216379829747773)
((42, 57), 45.019301105463711)
((42, 58), 51.682637612349055)
((42, 59), 49.912539949586382)
((42, 60), 53.049852629192529)
((42, 61), 49.47387658325021)
((42, 62), 50.803566340765798)
((42, 63), 48.04865520264503)
((42, 64), 51.9503688362079)
((42, 65), 50.537121814522663)
((42, 66), 47.299851495773041)
((42, 67), 45.911436208132542)
((42, 68), 51.421904064092082)
((42, 69), 52.617662783702258)
((42, 70), 49.089792338961502)
((42, 71), 52.142964729857027)
((42, 72), 51.018252001058215)
((42, 73), 49.650280720092582)
((42, 74), 49.242233850485498)
((42, 75), 51.89542980180093)
((42, 76), 51.938039942172018)
((42, 77), 49.832522376868056)
((42, 78), 51.49969133036209)
((42, 79), 48.21205811144759)
((42, 80), 54.59272467228277)
((42, 81), 51.956373958449909)
((42, 82), 50.65636058707922)
((42, 83), 52.038244538869392)
((42, 84), 49.701535683992965)
((42, 85), 46.959793897321291)
((42, 86), 49.46869137761847)
((42, 87), 50.955956996273116)
((42, 88), 46.193237934716493)
((42, 89), 53.301613261717037)
((42, 90), 48.8281093342882)
((42, 91), 44.926352275364636)
((42, 92), 51.493284671933296)
((42, 93), 51.665793713030538)
((42, 94), 50.960535205478934)
((42, 95), 52.546292143917313)
((42, 96), 51.918050366558163)
((42, 97), 51.815530535584834)
((42, 98), 53.641557221409101)
((42, 99), 53.268335879547138)
((43, 0), 49.563608127690244)
((43, 1), 49.510687601801479)
((43, 2), 48.541008736631404)
((43, 3), 50.859307171901825)
((43, 4), 50.95196859528734)
((43, 5), 50.314078641607551)
((43, 6), 53.564984231514906)
((43, 7), 52.922900386454607)
((43, 8), 56.733090054946715)
((43, 9), 57.37817532346407)
((43, 10), 51.034291308214648)
((43, 11), 54.991068882352209)
((43, 12), 51.302429031794119)
((43, 13), 49.85810049262377)
((43, 14), 48.110191835754719)
((43, 15), 52.871488217107853)
((43, 16), 52.904557300755357)
((43, 17), 50.606932015369189)
((43, 18), 52.798266096690128)
((43, 19), 54.08806941822025)
((43, 20), 55.728826567685836)
((43, 21), 51.578446317174503)
((43, 22), 50.233385676609302)
((43, 23), 53.451219102281563)
((43, 24), 52.204447381141676)
((43, 25), 46.919471435290376)
((43, 26), 52.412464493015392)
((43, 27), 54.22853258796637)
((43, 28), 53.312828651722697)
((43, 29), 51.044923239602142)
((43, 30), 50.205754983670474)
((43, 31), 51.141766123937501)
((43, 32), 55.398175573644536)
((43, 33), 54.035017717174249)
((43, 34), 51.556420173897351)
((43, 35), 51.54775144707461)
((43, 36), 51.976442995180136)
((43, 37), 49.019436390902385)
((43, 38), 52.523455853131438)
((43, 39), 50.742666904727947)
((43, 40), 49.572817002008932)
((43, 41), 53.289579782080665)
((43, 42), 49.55458406842299)
((43, 43), 50.596460730480274)
((43, 44), 50.851825039407643)
((43, 45), 54.805480505398776)
((43, 46), 50.189237987860011)
((43, 47), 50.437336350576089)
((43, 48), 52.215400429322905)
((43, 49), 52.055688488502838)
((43, 50), 49.90244356972061)
((43, 51), 49.866597704084839)
((43, 52), 50.828484458217389)
((43, 53), 51.992217065229099)
((43, 54), 46.249435804311503)
((43, 55), 54.016599983718187)
((43, 56), 51.476406488019506)
((43, 57), 48.438975755988082)
((43, 58), 51.496511528462833)
((43, 59), 50.986910214443839)
((43, 60), 52.609394239092907)
((43, 61), 49.80622678601501)
((43, 62), 51.18889981877679)
((43, 63), 48.149733973847404)
((43, 64), 53.619046767955929)
((43, 65), 51.848696797501574)
((43, 66), 50.749705617287852)
((43, 67), 48.75424052765996)
((43, 68), 53.577036743702557)
((43, 69), 51.698421134485905)
((43, 70), 49.689797552350754)
((43, 71), 53.640746375742907)
((43, 72), 50.781953229658626)
((43, 73), 52.406666107647652)
((43, 74), 50.229403809657157)
((43, 75), 53.404200851172725)
((43, 76), 54.236046008259351)
((43, 77), 49.51232744008027)
((43, 78), 51.288054263683918)
((43, 79), 50.858264893208485)
((43, 80), 56.059140024613768)
((43, 81), 54.647528327947292)
((43, 82), 53.365649283542794)
((43, 83), 51.909705958009354)
((43, 84), 50.446020284955338)
((43, 85), 51.319483893435276)
((43, 86), 48.838221162579174)
((43, 87), 50.090383811266165)
((43, 88), 47.722147338377958)
((43, 89), 53.858234291450728)
((43, 90), 51.859127804251756)
((43, 91), 49.243489762279893)
((43, 92), 54.093065121978114)
((43, 93), 50.860133149552937)
((43, 94), 53.783958321870976)
((43, 95), 54.196150339197587)
((43, 96), 56.661506007660734)
((43, 97), 55.959776595910739)
((43, 98), 56.477987341781457)
((43, 99), 53.330478246259915)
((44, 0), 51.245148534141961)
((44, 1), 51.174432277654276)
((44, 2), 50.464952462555125)
((44, 3), 50.909749436775215)
((44, 4), 54.078232353527312)
((44, 5), 51.936716512262812)
((44, 6), 53.387513541197293)
((44, 7), 52.774283520507979)
((44, 8), 54.161792569777298)
((44, 9), 58.612855422036247)
((44, 10), 51.606000834371251)
((44, 11), 56.423577920318991)
((44, 12), 53.034992392474038)
((44, 13), 51.504911446142742)
((44, 14), 49.982902067766005)
((44, 15), 52.659490738369023)
((44, 16), 52.694510819076321)
((44, 17), 50.921238895079263)
((44, 18), 53.368366957073789)
((44, 19), 52.993590624253628)
((44, 20), 53.521150323381967)
((44, 21), 50.615712011657152)
((44, 22), 53.749528622929574)
((44, 23), 54.936725028871145)
((44, 24), 53.247947001441382)
((44, 25), 46.531471661109606)
((44, 26), 56.140324889525168)
((44, 27), 53.635819638941754)
((44, 28), 53.079592793380314)
((44, 29), 54.192612672940513)
((44, 30), 49.925560888371528)
((44, 31), 50.597295667378859)
((44, 32), 56.509834152282728)
((44, 33), 52.303196500712872)
((44, 34), 52.595719722657762)
((44, 35), 51.939140765652752)
((44, 36), 50.467633575370257)
((44, 37), 48.506498908044051)
((44, 38), 52.449213310312729)
((44, 39), 52.058547184286155)
((44, 40), 51.044768336867236)
((44, 41), 55.240723191483809)
((44, 42), 51.60748495426229)
((44, 43), 50.70217202137357)
((44, 44), 52.764663194580073)
((44, 45), 53.168650734194188)
((44, 46), 50.100175650741207)
((44, 47), 50.031774287913599)
((44, 48), 49.981652397931825)
((44, 49), 51.578643335063703)
((44, 50), 47.196260828879019)
((44, 51), 50.664447293647754)
((44, 52), 49.911871365097745)
((44, 53), 53.694995701813305)
((44, 54), 48.182494285097974)
((44, 55), 54.954124833440112)
((44, 56), 51.223420710756663)
((44, 57), 48.624155380534148)
((44, 58), 51.900558378487673)
((44, 59), 51.626499376254358)
((44, 60), 55.124381355026991)
((44, 61), 51.718379821079949)
((44, 62), 52.577131847461445)
((44, 63), 48.275457613333394)
((44, 64), 52.951109549114577)
((44, 65), 51.01313054815143)
((44, 66), 50.261171134314665)
((44, 67), 47.536317716433182)
((44, 68), 56.457028591758458)
((44, 69), 53.180888171840643)
((44, 70), 51.857612413285665)
((44, 71), 53.745252609470491)
((44, 72), 50.738642715680569)
((44, 73), 51.730774963810774)
((44, 74), 49.651426301616596)
((44, 75), 52.835553077215508)
((44, 76), 54.090116091400517)
((44, 77), 50.461569782963934)
((44, 78), 52.28530271722461)
((44, 79), 49.782228188540046)
((44, 80), 54.486907500123053)
((44, 81), 55.573352665030626)
((44, 82), 51.12803833714662)
((44, 83), 51.235188525812788)
((44, 84), 50.003253250861505)
((44, 85), 53.733102261011368)
((44, 86), 50.652488915490899)
((44, 87), 51.274575134003918)
((44, 88), 49.622940864027747)
((44, 89), 54.06852519303947)
((44, 90), 52.617653122857874)
((44, 91), 49.651318237055378)
((44, 92), 53.558980962601495)
((44, 93), 53.143790525689042)
((44, 94), 52.331802912482374)
((44, 95), 54.21396273906015)
((44, 96), 56.433268906819841)
((44, 97), 53.397358582414128)
((44, 98), 55.445743143795042)
((44, 99), 54.32012600172007)
((45, 0), 46.199998006580003)
((45, 1), 46.257050132213138)
((45, 2), 47.101975480976961)
((45, 3), 48.946630368030625)
((45, 4), 48.132861859594556)
((45, 5), 48.409781774457116)
((45, 6), 50.256893826365271)
((45, 7), 49.084462882088779)
((45, 8), 51.30035550852709)
((45, 9), 51.858487285524177)
((45, 10), 47.090614897911763)
((45, 11), 51.570246987218965)
((45, 12), 48.385166543641191)
((45, 13), 44.56869914074484)
((45, 14), 45.516164034081683)
((45, 15), 48.472420351979359)
((45, 16), 50.716076454695227)
((45, 17), 46.851459305528977)
((45, 18), 46.973312491398858)
((45, 19), 52.275653178650209)
((45, 20), 50.813971155347105)
((45, 21), 44.474892708138398)
((45, 22), 48.667419216139464)
((45, 23), 49.144717904102585)
((45, 24), 45.994228702425573)
((45, 25), 45.496735493507785)
((45, 26), 49.530631353352788)
((45, 27), 47.00331647697989)
((45, 28), 50.153626444990039)
((45, 29), 49.165300084209164)
((45, 30), 46.777863873085252)
((45, 31), 46.349696186269007)
((45, 32), 53.07336739026259)
((45, 33), 47.226848161020698)
((45, 34), 47.441326964076666)
((45, 35), 48.266675814468307)
((45, 36), 48.340825154169686)
((45, 37), 45.238670886571562)
((45, 38), 47.636673729916239)
((45, 39), 46.179452058718837)
((45, 40), 46.254497692162104)
((45, 41), 50.063016425433396)
((45, 42), 46.617270636648684)
((45, 43), 47.459235940291492)
((45, 44), 50.064773946209911)
((45, 45), 49.094888082055178)
((45, 46), 46.300893109282555)
((45, 47), 45.262630391927487)
((45, 48), 46.913367428323028)
((45, 49), 47.527343987974362)
((45, 50), 46.943293366659553)
((45, 51), 47.226292163474525)
((45, 52), 49.149345146384107)
((45, 53), 52.46212247730179)
((45, 54), 46.225622012975407)
((45, 55), 49.168340186719242)
((45, 56), 50.285777626636737)
((45, 57), 42.875865712897834)
((45, 58), 50.220951489171938)
((45, 59), 49.020800256297001)
((45, 60), 49.835921734501248)
((45, 61), 48.323709711202)
((45, 62), 47.61883291704396)
((45, 63), 48.777550150603133)
((45, 64), 49.846846446427321)
((45, 65), 49.108945571437275)
((45, 66), 46.44567145850052)
((45, 67), 43.341597055502056)
((45, 68), 50.754049865406984)
((45, 69), 47.739289695307676)
((45, 70), 50.768515445164233)
((45, 71), 49.114106970192047)
((45, 72), 48.015633568876702)
((45, 73), 48.827446578283997)
((45, 74), 44.763983010032376)
((45, 75), 50.733639013216205)
((45, 76), 51.05940759582483)
((45, 77), 47.978542141983553)
((45, 78), 49.275023639025981)
((45, 79), 45.988534813049547)
((45, 80), 53.213917365914725)
((45, 81), 50.355691483039848)
((45, 82), 47.955816629118878)
((45, 83), 48.712943487255728)
((45, 84), 46.378362662496947)
((45, 85), 48.476025920503716)
((45, 86), 46.668164061603598)
((45, 87), 47.291519675906969)
((45, 88), 44.762456889096356)
((45, 89), 53.264112743323125)
((45, 90), 47.719704632609691)
((45, 91), 44.817686157945573)
((45, 92), 51.56477155386591)
