((0, 0), 50.769019821476007)
((0, 1), 48.066696063702523)
((0, 2), 47.132166015490824)
((0, 3), 50.514846302415748)
((0, 4), 52.484220436289313)
((0, 5), 52.706643662292571)
((0, 6), 51.997085226134203)
((0, 7), 51.753655090043608)
((0, 8), 53.347043993519542)
((0, 9), 56.292977623627081)
((0, 10), 49.57835524860517)
((0, 11), 52.448826244139951)
((0, 12), 50.437974384032827)
((0, 13), 50.0109449341291)
((0, 14), 47.976629026222341)
((0, 15), 52.216502177553529)
((0, 16), 50.945889000241522)
((0, 17), 48.655901790320783)
((0, 18), 53.560169069148998)
((0, 19), 50.610913483531704)
((0, 20), 54.390133864386293)
((0, 21), 50.057906235940024)
((0, 22), 48.802016757698638)
((0, 23), 50.157176584716261)
((0, 24), 50.530934575324011)
((0, 25), 45.79583021039214)
((0, 26), 54.148521168829092)
((0, 27), 51.848737223137363)
((0, 28), 53.62722165419558)
((0, 29), 49.97925096143765)
((0, 30), 50.671604807679735)
((0, 31), 49.34863487214443)
((0, 32), 55.336414356774263)
((0, 33), 52.657717700335212)
((0, 34), 52.592607157401119)
((0, 35), 49.97294713640779)
((0, 36), 50.405694641519425)
((0, 37), 48.799269325822742)
((0, 38), 50.185888110258333)
((0, 39), 51.063188118601815)
((0, 40), 48.964882491724751)
((0, 41), 52.014552179706605)
((0, 42), 49.221706163712966)
((0, 43), 49.894992418093842)
((0, 44), 49.200627543035282)
((0, 45), 53.307045228600131)
((0, 46), 44.667138901720428)
((0, 47), 50.306003583445239)
((0, 48), 49.738245169705507)
((0, 49), 47.650440934210529)
((0, 50), 47.654597472612366)
((0, 51), 49.422744244808648)
((0, 52), 50.271359398901708)
((0, 53), 53.660060366140613)
((0, 54), 44.908611437251174)
((0, 55), 50.584917551678359)
((0, 56), 50.137120937584818)
((0, 57), 45.169362700543815)
((0, 58), 52.752647029717352)
((0, 59), 51.713746784338319)
((0, 60), 52.595611441016274)
((0, 61), 49.335869422968202)
((0, 62), 50.303444073161657)
((0, 63), 46.211495884858635)
((0, 64), 51.422861034149221)
((0, 65), 49.94772503263583)
((0, 66), 48.829151917376798)
((0, 67), 47.561698522606378)
((0, 68), 53.89907288262792)
((0, 69), 52.172556227333203)
((0, 70), 50.305643933423923)
((0, 71), 52.515436432587293)
((0, 72), 52.066609025193458)
((0, 73), 50.232439245442251)
((0, 74), 49.13909150643039)
((0, 75), 51.677001700536181)
((0, 76), 52.049228182133234)
((0, 77), 49.802025940300751)
((0, 78), 49.67082112908686)
((0, 79), 48.442756317232494)
((0, 80), 56.031897703393057)
((0, 81), 53.403757264333436)
((0, 82), 50.392172697532111)
((0, 83), 51.933234383448294)
((0, 84), 48.922797345471565)
((0, 85), 47.164233270628657)
((0, 86), 50.047354299776345)
((0, 87), 50.995117197605438)
((0, 88), 46.102078499010432)
((0, 89), 54.792722369083577)
((0, 90), 48.92088682004141)
((0, 91), 45.332080632943899)
((0, 92), 51.01672781749992)
((0, 93), 53.48572782080393)
((0, 94), 51.973860712739949)
((0, 95), 50.058098747327982)
((0, 96), 51.376616753242722)
((0, 97), 53.654102791273388)
((0, 98), 55.136012653626388)
((0, 99), 52.413523635195865)
((1, 0), 53.851470969285835)
((1, 1), 51.809685455635176)
((1, 2), 50.829762579471556)
((1, 3), 50.930141811601644)
((1, 4), 52.224283198445022)
((1, 5), 53.682269412693188)
((1, 6), 52.243723961159816)
((1, 7), 51.415415296219223)
((1, 8), 54.25533109019446)
((1, 9), 54.463525587274432)
((1, 10), 50.981902044172429)
((1, 11), 53.10482404043178)
((1, 12), 50.821394078210659)
((1, 13), 49.561475870541877)
((1, 14), 50.049956693261862)
((1, 15), 52.845280981135176)
((1, 16), 51.474324542912207)
((1, 17), 49.682007773227049)
((1, 18), 52.56461289432329)
((1, 19), 52.388655904837137)
((1, 20), 55.365327352726609)
((1, 21), 49.457687704725927)
((1, 22), 51.237018985676656)
((1, 23), 52.227348021403202)
((1, 24), 49.600132307947028)
((1, 25), 46.485526836699862)
((1, 26), 53.60931715825653)
((1, 27), 49.7406569223388)
((1, 28), 53.312393845430229)
((1, 29), 51.210926168383281)
((1, 30), 50.746547880993717)
((1, 31), 48.746048244673901)
((1, 32), 56.06167565675014)
((1, 33), 51.356515074809309)
((1, 34), 52.347967388717223)
((1, 35), 53.829652811938047)
((1, 36), 50.301371062079454)
((1, 37), 48.496973995026721)
((1, 38), 50.50096322555622)
((1, 39), 49.11596151403684)
((1, 40), 48.491955666314226)
((1, 41), 53.167691158657277)
((1, 42), 48.515610955116301)
((1, 43), 51.918008000423441)
((1, 44), 52.135076412279403)
((1, 45), 53.526432130730555)
((1, 46), 49.501135243227978)
((1, 47), 49.184158810091233)
((1, 48), 51.519086406195996)
((1, 49), 50.713419658551729)
((1, 50), 48.44708480576913)
((1, 51), 48.070981223569049)
((1, 52), 49.178251225744873)
((1, 53), 52.70830298584373)
((1, 54), 49.382212701714792)
((1, 55), 52.390277777851907)
((1, 56), 50.984959779490964)
((1, 57), 46.639565854947534)
((1, 58), 54.305271307323849)
((1, 59), 51.295242901747059)
((1, 60), 52.735038978636879)
((1, 61), 49.499486299208087)
((1, 62), 51.129499485071761)
((1, 63), 49.498203806840039)
((1, 64), 52.584202437538153)
((1, 65), 53.015850787189471)
((1, 66), 47.958331665021852)
((1, 67), 47.944802682957118)
((1, 68), 54.825230698031007)
((1, 69), 53.052057819395749)
((1, 70), 53.551318467813779)
((1, 71), 55.518418207661256)
((1, 72), 51.167606607617188)
((1, 73), 51.284327080073538)
((1, 74), 49.162175204995663)
((1, 75), 51.539818199457955)
((1, 76), 53.21958258221764)
((1, 77), 50.182344453936366)
((1, 78), 53.985981771903667)
((1, 79), 49.419085676904956)
((1, 80), 54.802317641705983)
((1, 81), 55.416944037836757)
((1, 82), 52.506977331512616)
((1, 83), 53.007830402821845)
((1, 84), 48.54853627858526)
((1, 85), 48.158277875599168)
((1, 86), 51.073488592515901)
((1, 87), 52.135231726588486)
((1, 88), 50.179539928839944)
((1, 89), 55.002834447790619)
((1, 90), 50.009565341602467)
((1, 91), 48.449414149439974)
((1, 92), 55.724269725864573)
((1, 93), 52.068851253509749)
((1, 94), 51.998172059116804)
((1, 95), 51.324893642080959)
((1, 96), 53.126225467605693)
((1, 97), 54.254503713883686)
((1, 98), 54.481618008834943)
((1, 99), 55.647737645981294)
((2, 0), 50.063504800703804)
((2, 1), 47.852113558874336)
((2, 2), 51.678794848840198)
((2, 3), 49.836772374099063)
((2, 4), 49.062273492860093)
((2, 5), 49.153052791956753)
((2, 6), 54.442950154505056)
((2, 7), 52.156135113610389)
((2, 8), 55.280669816794529)
((2, 9), 56.435757625537505)
((2, 10), 49.362388687990048)
((2, 11), 53.430262863070205)
((2, 12), 53.307329676266647)
((2, 13), 49.645028891305444)
((2, 14), 48.13363460830449)
((2, 15), 53.174695791016482)
((2, 16), 53.389840287847861)
((2, 17), 50.706640552697664)
((2, 18), 53.859454024334106)
((2, 19), 53.255651892777195)
((2, 20), 53.45508989026019)
((2, 21), 50.740143804533261)
((2, 22), 50.002415601450735)
((2, 23), 51.405817791161745)
((2, 24), 49.989936550450452)
((2, 25), 49.09114468762435)
((2, 26), 54.210909368088409)
((2, 27), 50.372940873076409)
((2, 28), 52.915888111559198)
((2, 29), 51.962478175038171)
((2, 30), 48.483875565722222)
((2, 31), 51.0588456031494)
((2, 32), 56.533606817616032)
((2, 33), 51.638349649472978)
((2, 34), 49.760149959210622)
((2, 35), 49.739663582327054)
((2, 36), 51.542138966002867)
((2, 37), 48.685588637274861)
((2, 38), 49.321125752586681)
((2, 39), 51.159757405629321)
((2, 40), 50.124256357459402)
((2, 41), 55.726545365726892)
((2, 42), 49.166535952477098)
((2, 43), 49.694650322274548)
((2, 44), 51.888098066929182)
((2, 45), 53.016421067494143)
((2, 46), 46.899283603829701)
((2, 47), 49.358387344696347)
((2, 48), 51.056275603320195)
((2, 49), 50.118787024599207)
((2, 50), 47.450748050650176)
((2, 51), 50.573603695588673)
((2, 52), 50.057414142586325)
((2, 53), 54.960463081577203)
((2, 54), 49.519633233768978)
((2, 55), 52.41457690762109)
((2, 56), 51.191418630579861)
((2, 57), 47.203530754732824)
((2, 58), 51.075184540990534)
((2, 59), 51.545885099934452)
((2, 60), 54.543871945050547)
((2, 61), 50.569735798276596)
((2, 62), 51.886749500678306)
((2, 63), 47.430324131450448)
((2, 64), 53.737212875396821)
((2, 65), 52.422464150760497)
((2, 66), 48.874426419037)
((2, 67), 46.951422068557406)
((2, 68), 54.045361278248151)
((2, 69), 52.347198471196641)
((2, 70), 53.469459839887591)
((2, 71), 53.968303842197329)
((2, 72), 53.848032533129796)
((2, 73), 53.624497347908459)
((2, 74), 50.800206045479655)
((2, 75), 51.744789413020086)
((2, 76), 54.661952926426132)
((2, 77), 50.59907667503294)
((2, 78), 51.30432694367456)
((2, 79), 48.878336027994322)
((2, 80), 54.553432850091696)
((2, 81), 53.315291055225309)
((2, 82), 50.653354321437256)
((2, 83), 52.934396703402406)
((2, 84), 51.083094993839268)
((2, 85), 47.233636478203252)
((2, 86), 52.236393359388003)
((2, 87), 53.768671954434339)
((2, 88), 49.014184606638835)
((2, 89), 56.365896074056337)
((2, 90), 50.969473270588885)
((2, 91), 48.893117438586216)
((2, 92), 53.443939981308311)
((2, 93), 53.620242265171001)
((2, 94), 53.229236805749395)
((2, 95), 50.725333424790811)
((2, 96), 53.121842822165974)
((2, 97), 52.504726627459895)
((2, 98), 55.71729759536607)
((2, 99), 53.698095170508907)
((3, 0), 44.06130633043135)
((3, 1), 46.680615072282734)
((3, 2), 46.178806962154077)
((3, 3), 46.210811334599093)
((3, 4), 48.699589446703776)
((3, 5), 48.736678055516641)
((3, 6), 51.378213721734738)
((3, 7), 50.796164011420366)
((3, 8), 51.139668613154221)
((3, 9), 51.872517139779532)
((3, 10), 46.055420558073436)
((3, 11), 54.101975427921026)
((3, 12), 47.320449777877222)
((3, 13), 45.988437353852994)
((3, 14), 45.60592337942731)
((3, 15), 48.870513563193605)
((3, 16), 48.552558210323809)
((3, 17), 46.911945555201441)
((3, 18), 49.246158167275283)
((3, 19), 47.546690262837146)
((3, 20), 51.751113130164818)
((3, 21), 46.895956768529011)
((3, 22), 46.871969665919764)
((3, 23), 49.761888977592463)
((3, 24), 49.122317773643815)
((3, 25), 43.368997986704088)
((3, 26), 50.305314535201219)
((3, 27), 46.985797442968902)
((3, 28), 49.97358468348996)
((3, 29), 48.998485577979942)
((3, 30), 44.732796477093743)
((3, 31), 47.453336215749587)
((3, 32), 52.598117345740221)
((3, 33), 50.609160539470409)
((3, 34), 48.775807790691246)
((3, 35), 48.220694980899481)
((3, 36), 47.146342352265997)
((3, 37), 45.859030798866925)
((3, 38), 49.224138541270655)
((3, 39), 47.725528520638797)
((3, 40), 46.599242030127115)
((3, 41), 50.484092116043236)
((3, 42), 47.22944791726151)
((3, 43), 49.833520003557595)
((3, 44), 51.290367064319284)
((3, 45), 50.722413821295177)
((3, 46), 46.124631314382938)
((3, 47), 47.686592964803346)
((3, 48), 47.646895622234759)
((3, 49), 45.070190797300867)
((3, 50), 46.811365147039936)
((3, 51), 44.620259354666587)
((3, 52), 48.175495773665816)
((3, 53), 50.548862505645538)
((3, 54), 45.220493276563353)
((3, 55), 50.167425944305684)
((3, 56), 49.886356443161581)
((3, 57), 43.580016888337155)
((3, 58), 47.425862081173953)
((3, 59), 47.174106689198538)
((3, 60), 51.377907093305204)
((3, 61), 47.800717953642646)
((3, 62), 47.152861518769299)
((3, 63), 45.789697056928894)
((3, 64), 49.594954221610088)
((3, 65), 51.728330111812483)
((3, 66), 47.730700767948257)
((3, 67), 44.533883508088465)
((3, 68), 49.700923675172078)
((3, 69), 48.418017373947357)
((3, 70), 47.775505051847254)
((3, 71), 49.309790956518732)
((3, 72), 50.362210989832761)
((3, 73), 48.734611464506642)
((3, 74), 46.514995598601708)
((3, 75), 49.596318155276336)
((3, 76), 49.314564409601786)
((3, 77), 47.968745929262255)
((3, 78), 47.608576983222449)
((3, 79), 44.692005135349532)
((3, 80), 51.875199246848297)
((3, 81), 49.936881301998994)
((3, 82), 49.306613494717162)
((3, 83), 50.350581354741905)
((3, 84), 47.211282209382226)
((3, 85), 46.831886655218199)
((3, 86), 47.477214428651578)
((3, 87), 47.930421475736836)
((3, 88), 44.526086467328554)
((3, 89), 51.336939055108481)
((3, 90), 48.678490389824901)
((3, 91), 41.992251175773418)
((3, 92), 50.879858196657182)
((3, 93), 49.31924075211068)
((3, 94), 48.578462380356079)
((3, 95), 51.845502820682256)
((3, 96), 50.298395748620806)
((3, 97), 51.189910276789419)
((3, 98), 51.655116441221935)
((3, 99), 51.261166740665459)
((4, 0), 49.781249222318763)
((4, 1), 47.338105766109457)
((4, 2), 48.066613734215444)
((4, 3), 50.971128410814629)
((4, 4), 50.888213837080713)
((4, 5), 50.141109308379235)
((4, 6), 52.109741814261383)
((4, 7), 50.565947116474163)
((4, 8), 55.490174128734608)
((4, 9), 53.809925456064192)
((4, 10), 48.659867571882174)
((4, 11), 53.138924102033698)
((4, 12), 51.916982034529177)
((4, 13), 45.935299643568626)
((4, 14), 49.96254606812272)
((4, 15), 53.186863000578271)
((4, 16), 50.406013823625372)
((4, 17), 48.705585490644566)
((4, 18), 50.700203962564593)
((4, 19), 50.573002371316235)
((4, 20), 53.936211934511178)
((4, 21), 48.150110980451295)
((4, 22), 50.456850794248638)
((4, 23), 50.804002221051306)
((4, 24), 47.373953428037389)
((4, 25), 45.766608493906588)
((4, 26), 54.416936490740255)
((4, 27), 49.169846990495863)
((4, 28), 52.771105646429305)
((4, 29), 51.029350533505195)
((4, 30), 50.631034628625123)
((4, 31), 49.137071730635505)
((4, 32), 53.633175609806017)
((4, 33), 52.651897091467553)
((4, 34), 50.906402776826113)
((4, 35), 50.566773954726131)
((4, 36), 51.682004130920248)
((4, 37), 46.993973225448222)
((4, 38), 48.513246484332953)
((4, 39), 50.554237065576643)
((4, 40), 47.419090268024874)
((4, 41), 51.6485440040003)
((4, 42), 48.273879215254539)
((4, 43), 49.221674934250899)
((4, 44), 51.387313089693507)
((4, 45), 51.872889108070574)
((4, 46), 47.084190936694228)
((4, 47), 47.219281678306501)
((4, 48), 49.241478220502863)
((4, 49), 49.549275584062329)
((4, 50), 48.069386392103787)
((4, 51), 48.607814797082767)
((4, 52), 51.094895621119562)
((4, 53), 54.469023432042619)
((4, 54), 48.608843561110191)
((4, 55), 52.476889180676935)
((4, 56), 49.495492547805)
((4, 57), 46.907182678502991)
((4, 58), 50.773246162147132)
((4, 59), 50.975619256320485)
((4, 60), 50.93168775842453)
((4, 61), 50.112846639138041)
((4, 62), 49.408206777329383)
((4, 63), 47.627176491608552)
((4, 64), 50.678834418355095)
((4, 65), 50.300512590945374)
((4, 66), 49.365171112980548)
((4, 67), 47.233748026169685)
((4, 68), 51.857374223430675)
((4, 69), 49.878255960724431)
((4, 70), 48.432235417961053)
((4, 71), 54.135618353043739)
((4, 72), 51.539929747326511)
((4, 73), 49.31711821025003)
((4, 74), 49.817256248016641)
((4, 75), 51.833416569595151)
((4, 76), 52.07916193586675)
((4, 77), 50.035295748927808)
((4, 78), 51.247964698296798)
((4, 79), 47.064493772457595)
((4, 80), 54.704598062435963)
((4, 81), 51.058003673618316)
((4, 82), 50.009009347364952)
((4, 83), 52.374169542050652)
((4, 84), 50.463683655392394)
((4, 85), 48.430685856798647)
((4, 86), 50.906439143267875)
((4, 87), 50.796114947715772)
((4, 88), 46.933502497358965)
((4, 89), 55.217712980018639)
((4, 90), 48.890996831005978)
((4, 91), 46.009970375015271)
((4, 92), 51.175286193629645)
((4, 93), 54.883779498412977)
((4, 94), 53.085447367549961)
((4, 95), 50.152488989359519)
((4, 96), 54.362837737276948)
((4, 97), 50.719011550041401)
((4, 98), 53.539883160536519)
((4, 99), 52.757217028067224)
((5, 0), 46.98967118582523)
((5, 1), 44.653166875788635)
((5, 2), 44.151050007788754)
((5, 3), 48.123544156488393)
((5, 4), 49.058574960572159)
((5, 5), 48.545816554797412)
((5, 6), 50.047894304980986)
((5, 7), 48.571515513831947)
((5, 8), 51.306770414500306)
((5, 9), 49.038009775031284)
((5, 10), 46.232435457714139)
((5, 11), 48.313344851341732)
((5, 12), 46.029696158601084)
((5, 13), 45.395943005437942)
((5, 14), 44.671452636411445)
((5, 15), 47.562286222616692)
((5, 16), 47.842023079385683)
((5, 17), 46.234912956614806)
((5, 18), 47.891178670781869)
((5, 19), 48.39427018317263)
((5, 20), 51.289994732795321)
((5, 21), 45.945636784304121)
((5, 22), 46.389626338473647)
((5, 23), 46.171726010998519)
((5, 24), 46.821948674176568)
((5, 25), 45.075815305043562)
((5, 26), 48.930968530415562)
((5, 27), 47.370090763876114)
((5, 28), 46.946063891509198)
((5, 29), 47.455898277010547)
((5, 30), 45.264271458395626)
((5, 31), 47.023639634572355)
((5, 32), 50.562386236633394)
((5, 33), 49.522974029056329)
((5, 34), 47.687411302062323)
((5, 35), 46.80276557395684)
((5, 36), 43.927855565894077)
((5, 37), 44.970253998201002)
((5, 38), 44.832802259158967)
((5, 39), 45.481218847753588)
((5, 40), 46.266688863517295)
((5, 41), 48.418014937267735)
((5, 42), 46.711168987195499)
((5, 43), 46.901695390236213)
((5, 44), 46.250139459770878)
((5, 45), 50.406760481712276)
((5, 46), 44.778388041433004)
((5, 47), 45.560821667502495)
((5, 48), 45.663435361663446)
((5, 49), 47.274656053976393)
((5, 50), 42.812416625267261)
((5, 51), 45.517871883653442)
((5, 52), 46.821816147327795)
((5, 53), 48.256653927425603)
((5, 54), 43.188281896207897)
((5, 55), 47.764808106384024)
((5, 56), 46.879564688370401)
((5, 57), 44.054552170436068)
((5, 58), 47.572089867951817)
((5, 59), 48.297439918513177)
((5, 60), 47.464237620566372)
((5, 61), 46.552980947646809)
((5, 62), 47.098979887465404)
((5, 63), 43.83259447930989)
((5, 64), 48.2892020761401)
((5, 65), 47.687266666366924)
((5, 66), 46.677407926944326)
((5, 67), 44.417496875051413)
((5, 68), 49.125101950262035)
((5, 69), 46.312772741824404)
((5, 70), 47.482856478407868)
((5, 71), 48.513659514140087)
((5, 72), 48.55174432359486)
((5, 73), 48.073252531798303)
((5, 74), 44.510654469044759)
((5, 75), 47.274339461764612)
((5, 76), 48.85511688027043)
((5, 77), 42.000530927533184)
((5, 78), 48.307760883077805)
((5, 79), 44.119275072796484)
((5, 80), 50.812246856928432)
((5, 81), 51.713550231024193)
((5, 82), 47.978516850298362)
((5, 83), 46.554088799622164)
((5, 84), 44.603259271548453)
((5, 85), 46.40443180147669)
((5, 86), 46.280510901454065)
((5, 87), 47.773656338367786)
((5, 88), 43.656395113210863)
((5, 89), 49.102547013831824)
((5, 90), 46.086007604837178)
((5, 91), 44.509447688871056)
((5, 92), 49.593471701489399)
((5, 93), 48.315498731064359)
((5, 94), 48.681363777919472)
((5, 95), 46.543761138509289)
((5, 96), 50.485497549574134)
((5, 97), 50.51142651487973)
((5, 98), 51.382580438763426)
((5, 99), 48.031611306521157)
((6, 0), 53.501319752738922)
((6, 1), 51.083001481973909)
((6, 2), 52.535405579158436)
((6, 3), 52.168206950012049)
((6, 4), 52.702316472167738)
((6, 5), 55.721429516403077)
((6, 6), 59.149741651840216)
((6, 7), 55.176054214065033)
((6, 8), 59.000925116918552)
((6, 9), 58.133377230120928)
((6, 10), 51.27354246433319)
((6, 11), 59.167289826044225)
((6, 12), 54.611255917704923)
((6, 13), 51.55266500334384)
((6, 14), 50.115532231291013)
((6, 15), 55.359687967456125)
((6, 16), 54.152232535610317)
((6, 17), 51.272212279413175)
((6, 18), 55.84797314511507)
((6, 19), 52.443558774419209)
((6, 20), 55.812646205199187)
((6, 21), 52.516057702321632)
((6, 22), 51.064201867377996)
((6, 23), 54.585087370246718)
((6, 24), 51.21758956823296)
((6, 25), 50.465445127453719)
((6, 26), 57.007914014485927)
((6, 27), 52.627623582869077)
((6, 28), 54.275731606330829)
((6, 29), 53.23679755949037)
((6, 30), 50.366810999536526)
((6, 31), 53.668462172127988)
((6, 32), 58.145294144754857)
((6, 33), 53.489726099136121)
((6, 34), 48.609797239972451)
((6, 35), 54.153438149565872)
((6, 36), 53.851833321871865)
((6, 37), 50.632562683791747)
((6, 38), 53.628530066689478)
((6, 39), 52.098374451921686)
((6, 40), 52.513233677046983)
((6, 41), 57.146539528840876)
((6, 42), 52.30134251815349)
((6, 43), 50.355854095883089)
((6, 44), 52.474591777643717)
((6, 45), 56.403862391371739)
((6, 46), 49.894951896149166)
((6, 47), 50.081694322084346)
((6, 48), 54.024196423440699)
((6, 49), 53.563584311587725)
((6, 50), 47.342413229937129)
((6, 51), 49.499754195432395)
((6, 52), 52.49175281486081)
((6, 53), 54.775542756399553)
((6, 54), 51.129010422168108)
((6, 55), 52.69590660233321)
((6, 56), 54.741939595447505)
((6, 57), 51.319941633621255)
((6, 58), 54.650785121572611)
((6, 59), 54.474080026251052)
((6, 60), 54.544041284575648)
((6, 61), 51.713625997213938)
((6, 62), 54.260475843861798)
((6, 63), 52.683393677918204)
((6, 64), 54.997528239485341)
((6, 65), 55.651245531204651)
((6, 66), 52.353491971749939)
((6, 67), 50.529747181357457)
((6, 68), 55.586813962554778)
((6, 69), 53.486439336667189)
((6, 70), 52.559137167256146)
((6, 71), 53.581066133811028)
((6, 72), 53.990855747914281)
((6, 73), 54.786785509391834)
((6, 74), 51.643658277385001)
((6, 75), 54.368425503084353)
((6, 76), 54.854037394559484)
((6, 77), 53.974807982909539)
((6, 78), 53.91791206638031)
((6, 79), 51.464239347770125)
((6, 80), 58.243884570330309)
((6, 81), 53.585587672435345)
((6, 82), 55.858947402654991)
((6, 83), 54.80893133925268)
((6, 84), 52.433346073093304)
((6, 85), 51.690552602721866)
((6, 86), 50.970550470505131)
((6, 87), 55.081075334464174)
((6, 88), 50.348566337602705)
((6, 89), 56.380658371349142)
((6, 90), 52.23202019285511)
((6, 91), 48.548110335603262)
((6, 92), 56.280843224355984)
((6, 93), 55.50448534892864)
((6, 94), 54.496240437668931)
((6, 95), 56.573845815518581)
((6, 96), 56.404370956221499)
((6, 97), 55.829074440999108)
((6, 98), 55.764070924969154)
((6, 99), 56.187078915049092)
((7, 0), 48.304384754575587)
((7, 1), 46.811298649870267)
((7, 2), 48.166396513879491)
((7, 3), 49.042774334845731)
((7, 4), 48.586075735926656)
((7, 5), 50.323937167877929)
((7, 6), 51.251730670134208)
((7, 7), 49.242723658251549)
((7, 8), 53.864640267537155)
((7, 9), 52.171609006295384)
((7, 10), 49.425228091397102)
((7, 11), 51.824718959466225)
((7, 12), 48.805557124292548)
((7, 13), 46.173042833654947)
((7, 14), 49.486732758105653)
((7, 15), 49.924687016582148)
((7, 16), 47.792489607435527)
((7, 17), 47.320637081264074)
((7, 18), 50.40237135665889)
((7, 19), 49.370176462257504)
((7, 20), 52.146217234922261)
((7, 21), 48.655722599043692)
((7, 22), 49.878004116381469)
((7, 23), 49.764737243323921)
((7, 24), 48.323201389111915)
((7, 25), 43.353850404097649)
((7, 26), 51.513298379949553)
((7, 27), 50.805225765973603)
((7, 28), 52.105905506617582)
((7, 29), 50.274105105929664)
((7, 30), 49.497436687642782)
((7, 31), 46.836657287637678)
((7, 32), 52.056372067546221)
((7, 33), 49.564494379780342)
((7, 34), 48.989942964682072)
((7, 35), 48.233840619580612)
((7, 36), 47.300270576040703)
((7, 37), 48.37892777894622)
((7, 38), 49.080647020300333)
((7, 39), 48.871110118474149)
((7, 40), 44.706254640330812)
((7, 41), 50.859041093197163)
((7, 42), 46.700857341511608)
((7, 43), 48.325138849902885)
((7, 44), 48.834707336416493)
((7, 45), 51.968173920831276)
((7, 46), 43.720470398512603)
((7, 47), 46.394682294630776)
((7, 48), 49.431313835350892)
((7, 49), 49.043671738407035)
((7, 50), 48.336656522652106)
((7, 51), 45.382030509737987)
((7, 52), 48.386493283488214)
((7, 53), 51.961578895631902)
((7, 54), 46.030215368516778)
((7, 55), 49.067664660846816)
((7, 56), 48.584311937725076)
((7, 57), 45.088004494618303)
((7, 58), 52.328176208173986)
((7, 59), 50.48908790722529)
((7, 60), 51.461367225002043)
((7, 61), 47.49508674571824)
((7, 62), 47.919404095284825)
((7, 63), 47.064788547238265)
((7, 64), 51.914136445776471)
((7, 65), 49.554076246393286)
((7, 66), 48.186126628291611)
((7, 67), 44.193101515124539)
((7, 68), 51.844165843173258)
((7, 69), 48.611391375165908)
((7, 70), 47.823084171387691)
((7, 71), 51.049499738808734)
((7, 72), 48.55002073716102)
((7, 73), 49.084098396893836)
((7, 74), 49.415586427847998)
((7, 75), 49.619398403204116)
((7, 76), 49.972072145197181)
((7, 77), 48.150105466825806)
((7, 78), 52.028055815866686)
((7, 79), 47.566794397603203)
((7, 80), 54.112910657302507)
((7, 81), 49.681484826982199)
((7, 82), 50.734444239068978)
((7, 83), 48.838903630767945)
((7, 84), 49.244705343076383)
((7, 85), 44.658074479888356)
((7, 86), 48.00707711035853)
((7, 87), 50.543950192078931)
((7, 88), 45.284155975242292)
((7, 89), 53.13670011059699)
((7, 90), 48.462536184843998)
((7, 91), 45.752824239972028)
((7, 92), 52.366446765685936)
((7, 93), 49.443000313407254)
((7, 94), 53.037610690963859)
((7, 95), 50.821748418033039)
((7, 96), 52.179827403840214)
((7, 97), 54.320321518529923)
((7, 98), 53.793709759787696)
((7, 99), 51.47039002286192)
((8, 0), 46.182027785354478)
((8, 1), 47.309414649219569)
((8, 2), 49.050440432539887)
((8, 3), 46.870079985909435)
((8, 4), 50.451651544423619)
((8, 5), 50.319846996115245)
((8, 6), 51.948310005802171)
((8, 7), 49.900227544253639)
((8, 8), 54.166767232468629)
((8, 9), 53.037420463087699)
((8, 10), 47.733544641805899)
((8, 11), 52.550968651533999)
((8, 12), 48.451315742571182)
((8, 13), 46.744226219666821)
((8, 14), 46.693729520757422)
((8, 15), 49.572030889981917)
((8, 16), 52.509281175489136)
((8, 17), 44.962314049234877)
((8, 18), 50.621799628553489)
((8, 19), 49.941908001867859)
((8, 20), 51.491166995469946)
((8, 21), 47.004823023728534)
((8, 22), 47.899288452335583)
((8, 23), 49.618296869675817)
((8, 24), 47.29032552833781)
((8, 25), 43.139230397047385)
((8, 26), 48.796767894093158)
((8, 27), 48.880558997448695)
((8, 28), 50.25293745144468)
((8, 29), 48.357459096275221)
((8, 30), 48.669315267492379)
((8, 31), 47.669015144495766)
((8, 32), 51.994087502711182)
((8, 33), 50.225495944061215)
((8, 34), 47.773181310702491)
((8, 35), 50.432090819995551)
((8, 36), 46.251605373869623)
((8, 37), 46.810039024523178)
((8, 38), 46.953693450756901)
((8, 39), 45.603749274539098)
((8, 40), 47.960263875798326)
((8, 41), 50.081337553593841)
((8, 42), 46.851482816887682)
((8, 43), 50.557724374798127)
((8, 44), 49.443622095472151)
((8, 45), 50.280444571923582)
((8, 46), 43.857339130502794)
((8, 47), 46.356323620463229)
((8, 48), 46.55870304222033)
((8, 49), 47.568180784419198)
((8, 50), 47.044511329686515)
((8, 51), 45.926671488591062)
((8, 52), 47.245425625902534)
((8, 53), 51.271079370167413)
((8, 54), 46.520484648945597)
((8, 55), 49.742120635620168)
((8, 56), 49.757918714917551)
((8, 57), 44.373259964051222)
((8, 58), 48.672171831747868)
((8, 59), 48.037009118760487)
((8, 60), 50.862119273528535)
((8, 61), 47.792429570258136)
((8, 62), 49.914175345066312)
((8, 63), 47.374908433129995)
((8, 64), 50.798704970607616)
((8, 65), 47.880781891910942)
((8, 66), 47.461877929316984)
((8, 67), 44.927710094845438)
((8, 68), 52.134950829138013)
((8, 69), 46.484410549838401)
((8, 70), 47.867660281112336)
((8, 71), 49.640545947786656)
((8, 72), 49.828146876394143)
((8, 73), 46.580725655766265)
((8, 74), 48.720416688712774)
((8, 75), 48.684989117631076)
((8, 76), 50.195198254576397)
((8, 77), 49.618752737160776)
((8, 78), 49.133328836624855)
((8, 79), 47.298638612769238)
((8, 80), 51.229325718870015)
((8, 81), 53.180646168428964)
((8, 82), 47.685277131564192)
((8, 83), 51.385862586651655)
((8, 84), 46.838471268628439)
((8, 85), 46.816778327718275)
((8, 86), 50.539546516239938)
((8, 87), 47.70140160524501)
((8, 88), 46.512195831310088)
((8, 89), 51.614960946703775)
((8, 90), 50.88305626336178)
((8, 91), 44.376520195754956)
((8, 92), 50.375504552693052)
((8, 93), 48.766327861516679)
((8, 94), 47.505968929465226)
((8, 95), 48.622486855819155)
((8, 96), 50.538916399318822)
((8, 97), 51.162152121692429)
((8, 98), 52.347971804983814)
((8, 99), 51.226102103321288)
((9, 0), 47.686520098874027)
((9, 1), 46.384785892380393)
((9, 2), 48.245475234785943)
((9, 3), 46.132419508821094)
((9, 4), 50.140308631978783)
((9, 5), 46.614201726415871)
((9, 6), 50.50037004533155)
((9, 7), 50.59865750536931)
((9, 8), 50.142769648110644)
((9, 9), 51.14657528418202)
((9, 10), 48.993540411210816)
((9, 11), 52.982483737901468)
((9, 12), 47.573223558206493)
((9, 13), 48.085906469441618)
((9, 14), 46.337732153687668)
((9, 15), 50.38735548986498)
((9, 16), 47.927234959911338)
((9, 17), 46.416505062306385)
((9, 18), 49.018027593778058)
((9, 19), 49.535077630120171)
((9, 20), 50.561370455649794)
((9, 21), 45.596175276621686)
((9, 22), 47.214370383808756)
((9, 23), 49.105036853388242)
((9, 24), 46.50368242524452)
((9, 25), 43.615868804380504)
((9, 26), 48.440105222290995)
((9, 27), 46.847977963580007)
((9, 28), 48.265091718329167)
((9, 29), 47.386237949995568)
((9, 30), 49.633681441741714)
((9, 31), 46.610022327998173)
((9, 32), 49.979931254397158)
((9, 33), 50.0500317527287)
((9, 34), 48.973015821256155)
((9, 35), 48.002146904080952)
((9, 36), 46.778760427425198)
((9, 37), 44.864730650236233)
((9, 38), 48.338046124952314)
((9, 39), 47.290700618360788)
((9, 40), 44.718417922238629)
((9, 41), 50.29483163969838)
((9, 42), 48.314605798497347)
((9, 43), 45.266471386643929)
((9, 44), 47.676659196565893)
((9, 45), 50.081345865890981)
((9, 46), 44.827118393857198)
((9, 47), 46.397694331548266)
((9, 48), 49.374891084799032)
((9, 49), 48.912124514640794)
((9, 50), 44.085733639287582)
((9, 51), 45.597047400041447)
((9, 52), 47.737392372099158)
((9, 53), 50.566619568371792)
((9, 54), 45.412245774911696)
((9, 55), 50.340501824897004)
((9, 56), 48.436634677946103)
((9, 57), 44.59064020091418)
((9, 58), 48.538081880746986)
((9, 59), 48.84108287068419)
((9, 60), 47.750088914214004)
((9, 61), 47.864356427670913)
((9, 62), 46.354766484901049)
((9, 63), 44.236419741086053)
((9, 64), 48.103110162629974)
((9, 65), 48.596483495113148)
((9, 66), 46.501845500811399)
((9, 67), 45.009539549102797)
((9, 68), 50.317469260933684)
((9, 69), 48.557081102233553)
((9, 70), 45.134777356682342)
((9, 71), 49.577247041121382)
((9, 72), 47.821894476954284)
((9, 73), 49.477308170912991)
((9, 74), 47.082091684950342)
((9, 75), 49.230093928245211)
((9, 76), 49.940590902715869)
((9, 77), 47.045088295127186)
((9, 78), 50.495782825926)
((9, 79), 46.953290477251052)
((9, 80), 51.97944970844641)
((9, 81), 50.697048175364984)
((9, 82), 48.923719243631311)
((9, 83), 49.856289560367244)
((9, 84), 45.559877766710699)
((9, 85), 46.749810580538451)
((9, 86), 46.472992311395373)
((9, 87), 47.09602215419568)
((9, 88), 43.477897040984352)
((9, 89), 51.412935286384936)
((9, 90), 47.134635319652148)
((9, 91), 44.512539501708233)
((9, 92), 48.56592339475975)
((9, 93), 50.786119549946413)
((9, 94), 49.45134687666247)
((9, 95), 49.468547248078963)
((9, 96), 51.277601764515474)
((9, 97), 49.370173975885464)
((9, 98), 52.144041962663294)
((9, 99), 49.7826309792449)
((10, 0), 48.573244178705295)
((10, 1), 47.507851896630413)
((10, 2), 47.243262909770635)
((10, 3), 47.21023474935869)
((10, 4), 49.999849096210099)
((10, 5), 50.581837244569357)
((10, 6), 50.071345392175957)
((10, 7), 49.19585430892873)
((10, 8), 52.697633349837432)
((10, 9), 53.58491052187366)
((10, 10), 49.795086691185205)
((10, 11), 51.91282902881936)
((10, 12), 50.469835347893003)
((10, 13), 48.005839083898522)
((10, 14), 47.902159888432955)
((10, 15), 49.928416017626155)
((10, 16), 49.5336610820532)
((10, 17), 46.694186004609847)
((10, 18), 49.878529522809195)
((10, 19), 48.170626490071356)
((10, 20), 54.23702072801224)
((10, 21), 48.355808087262211)
((10, 22), 45.987191137863995)
((10, 23), 50.87823148992274)
((10, 24), 45.930175828139404)
((10, 25), 44.168988639207249)
((10, 26), 48.89330353430401)
((10, 27), 50.758614294158015)
((10, 28), 49.68263143912236)
((10, 29), 49.760326986878269)
((10, 30), 47.121295251354468)
((10, 31), 48.153263431496015)
((10, 32), 53.14842179067351)
((10, 33), 50.690096410061159)
((10, 34), 48.582820338167849)
((10, 35), 51.367315575181969)
((10, 36), 48.919475348767051)
((10, 37), 48.070653897938854)
((10, 38), 46.571978067661796)
((10, 39), 47.0823984454629)
((10, 40), 46.404926340506634)
((10, 41), 50.220430188966006)
((10, 42), 46.116659097395925)
((10, 43), 48.706357836150531)
((10, 44), 50.011760903618054)
((10, 45), 50.467737026473401)
((10, 46), 47.106719867213855)
((10, 47), 45.459716424048594)
((10, 48), 48.371447046960313)
((10, 49), 47.14244742710882)
((10, 50), 46.975425606692127)
((10, 51), 48.00124631527143)
((10, 52), 50.254827913029771)
((10, 53), 49.750278726366176)
((10, 54), 46.31826073350355)
((10, 55), 49.86741918280449)
((10, 56), 51.487835808723091)
((10, 57), 45.378301394114885)
((10, 58), 50.631346330802927)
((10, 59), 50.782265669578763)
((10, 60), 51.879695692101464)
((10, 61), 48.833161790923299)
((10, 62), 50.004384203618443)
((10, 63), 44.911278025724798)
((10, 64), 50.937310842660352)
((10, 65), 49.398358453388084)
((10, 66), 47.641327224744273)
((10, 67), 44.760081811577002)
((10, 68), 50.454903109008065)
((10, 69), 48.009278448974214)
((10, 70), 48.189187346805596)
((10, 71), 49.245891538421496)
((10, 72), 48.612692653149495)
((10, 73), 50.819127334627439)
((10, 74), 46.901017756230274)
((10, 75), 48.308418678960258)
((10, 76), 50.597983914273357)
((10, 77), 45.808168322179725)
((10, 78), 50.536512069610723)
((10, 79), 47.432279909973957)
((10, 80), 52.168872325968174)
((10, 81), 49.969022870885183)
((10, 82), 51.937079397694205)
((10, 83), 49.684336273176243)
((10, 84), 46.305346295218413)
((10, 85), 44.699551029336817)
((10, 86), 45.48784490053449)
((10, 87), 50.077858860535258)
((10, 88), 47.599355222075971)
((10, 89), 53.380125586438609)
((10, 90), 48.631889052081732)
((10, 91), 44.646646210652058)
((10, 92), 50.336912433630857)
((10, 93), 51.213517799350541)
((10, 94), 50.898305920997913)
((10, 95), 49.584451756974786)
((10, 96), 51.868059515107149)
((10, 97), 50.294352037075541)
((10, 98), 53.140849387615447)
((10, 99), 50.856217369437019)
((11, 0), 49.749475804790706)
((11, 1), 49.905041402758982)
((11, 2), 50.499039186738855)
((11, 3), 52.094410638733756)
((11, 4), 50.775347232736131)
((11, 5), 52.774172793604755)
((11, 6), 53.512414443929885)
((11, 7), 51.430545855787102)
((11, 8), 54.462186378383919)
((11, 9), 54.485018753844031)
((11, 10), 50.880407314385792)
((11, 11), 54.215242648933206)
((11, 12), 51.859169136295385)
((11, 13), 49.1567236174523)
((11, 14), 52.973420003723447)
((11, 15), 52.077683076656861)
((11, 16), 51.801324161128306)
((11, 17), 49.612702673951759)
((11, 18), 52.655882709576957)
((11, 19), 53.47917897077317)
((11, 20), 56.679952693251266)
((11, 21), 49.235798932164059)
((11, 22), 51.385990951027594)
((11, 23), 52.175209785564832)
((11, 24), 49.609177157700074)
((11, 25), 44.380508131664065)
((11, 26), 54.423728726864667)
((11, 27), 50.832509530813709)
((11, 28), 53.617309340451385)
((11, 29), 52.028796552848682)
((11, 30), 49.556759753219417)
((11, 31), 50.733138085608957)
((11, 32), 56.084452756987048)
((11, 33), 52.776876794432226)
((11, 34), 53.33941926981899)
((11, 35), 52.13440126329683)
((11, 36), 50.646567675733621)
((11, 37), 49.450056443217179)
((11, 38), 50.216159745414117)
((11, 39), 51.439025095947287)
((11, 40), 51.348997528154761)
((11, 41), 53.540134648187745)
((11, 42), 51.508754673222001)
((11, 43), 52.394227913885018)
((11, 44), 53.289943467299558)
((11, 45), 53.762137058671975)
((11, 46), 48.655200187272868)
((11, 47), 48.87504738770437)
((11, 48), 50.803582251690628)
((11, 49), 50.737798759272671)
((11, 50), 50.976187538236523)
((11, 51), 47.733276947075211)
((11, 52), 50.896310394754344)
((11, 53), 52.507595349900654)
((11, 54), 48.65940995081845)
((11, 55), 52.596447285303881)
((11, 56), 51.745409275763166)
((11, 57), 47.329023131602384)
((11, 58), 51.856488616577067)
((11, 59), 52.431067104336009)
((11, 60), 52.572682872669674)
((11, 61), 50.506572276232589)
((11, 62), 53.285633763200678)
((11, 63), 49.882291714722562)
((11, 64), 55.312440738433821)
((11, 65), 53.605320583619353)
((11, 66), 50.127411989666015)
((11, 67), 45.502141261155565)
((11, 68), 55.530239157692705)
((11, 69), 47.629786747415224)
((11, 70), 49.190791036579341)
((11, 71), 53.794539286607389)
((11, 72), 50.895779264061503)
((11, 73), 51.258084771778798)
((11, 74), 50.227690021393158)
((11, 75), 53.001259029439744)
((11, 76), 53.950176626841838)
((11, 77), 48.420210667554933)
((11, 78), 53.557984995867841)
((11, 79), 48.713833455469782)
((11, 80), 55.710742782133842)
((11, 81), 53.092295508529915)
((11, 82), 52.378665848917464)
((11, 83), 52.171784562274922)
((11, 84), 48.318406394552866)
((11, 85), 49.422353268822341)
((11, 86), 50.069052609496737)
((11, 87), 50.207164507785606)
((11, 88), 48.095551636138815)
((11, 89), 58.154313184731137)
((11, 90), 50.434371988578555)
((11, 91), 47.159589735574833)
((11, 92), 51.264506466321265)
((11, 93), 52.85253003195313)
((11, 94), 53.291586634626839)
((11, 95), 52.266628642483326)
((11, 96), 54.98369949859152)
((11, 97), 51.539541445182422)
((11, 98), 54.950790001186597)
((11, 99), 55.705920590164354)
((12, 0), 47.264855413101174)
((12, 1), 47.893853475477115)
((12, 2), 48.398580825930942)
((12, 3), 51.958473430007061)
((12, 4), 49.827364246783446)
((12, 5), 49.322552600109944)
((12, 6), 53.889223179030822)
((12, 7), 51.61210288720234)
((12, 8), 55.29655916672705)
((12, 9), 55.418259837455921)
((12, 10), 51.243460070568986)
((12, 11), 52.192611201487736)
((12, 12), 51.451051849411556)
((12, 13), 47.306996064992063)
((12, 14), 48.562244558593818)
((12, 15), 49.627031279881678)
((12, 16), 50.574822352744306)
((12, 17), 46.392406201338801)
((12, 18), 51.02142357216897)
((12, 19), 51.079004624340932)
((12, 20), 53.16235916784288)
((12, 21), 47.964200534279215)
((12, 22), 47.87510153784023)
((12, 23), 51.453441141054356)
((12, 24), 50.567531821463248)
((12, 25), 46.107574884006461)
((12, 26), 51.785764668823525)
((12, 27), 50.64328767678807)
((12, 28), 52.551046392624286)
((12, 29), 50.086333392256172)
((12, 30), 49.223759397008166)
((12, 31), 48.30313638923208)
((12, 32), 57.074523181220769)
((12, 33), 52.262798372878848)
((12, 34), 48.46140661138854)
((12, 35), 48.613704029887828)
((12, 36), 50.999873081066482)
((12, 37), 49.377699922284663)
((12, 38), 51.526844370122973)
((12, 39), 48.667612232289116)
((12, 40), 46.571940773849335)
((12, 41), 51.821734110072505)
((12, 42), 48.428209167112868)
((12, 43), 49.548151516693281)
((12, 44), 48.685064751872375)
((12, 45), 51.421147419188642)
((12, 46), 46.215753889677728)
((12, 47), 45.997033312165442)
((12, 48), 49.593953114012919)
((12, 49), 47.42207046506185)
((12, 50), 48.178246495387938)
((12, 51), 46.528361480380731)
((12, 52), 51.074563009291893)
((12, 53), 54.287475492136906)
((12, 54), 49.796131134847954)
((12, 55), 50.654267769396284)
((12, 56), 49.063337965320045)
((12, 57), 44.934989954419898)
((12, 58), 51.176920409579921)
((12, 59), 51.913480264375572)
((12, 60), 51.510536428548008)
((12, 61), 48.639551449182179)
((12, 62), 50.160662108780883)
((12, 63), 48.021065866902305)
((12, 64), 52.849983223363189)
((12, 65), 51.540481627677877)
((12, 66), 46.502421175944036)
((12, 67), 46.814014519170698)
((12, 68), 54.181790556995381)
((12, 69), 48.996548983842146)
((12, 70), 51.430612022214881)
((12, 71), 52.872275401455454)
((12, 72), 51.567440323437182)
((12, 73), 52.812949558473548)
((12, 74), 51.17084292937092)
((12, 75), 50.973619703809455)
((12, 76), 53.186837070723172)
((12, 77), 47.471251946740971)
((12, 78), 50.106012942581032)
((12, 79), 45.45246511210226)
((12, 80), 54.967453268969464)
((12, 81), 54.209000151912015)
((12, 82), 52.413128543386286)
((12, 83), 49.779143789889943)
((12, 84), 48.447307030996093)
((12, 85), 48.887825910554504)
((12, 86), 50.359883553956188)
((12, 87), 49.552581079090174)
((12, 88), 47.91946328735861)
((12, 89), 53.673205715901815)
((12, 90), 47.684601301191293)
((12, 91), 43.903676066971798)
((12, 92), 49.96076541940063)
((12, 93), 51.937086931919481)
((12, 94), 51.808691989376968)
((12, 95), 52.795295047219653)
((12, 96), 52.374509085592635)
((12, 97), 55.722954787315103)
((12, 98), 53.321853994007562)
((12, 99), 51.84581998340461)
((13, 0), 46.881852320403382)
((13, 1), 48.830576630556109)
((13, 2), 48.808651736640769)
((13, 3), 47.417081444295604)
((13, 4), 48.487404025422627)
((13, 5), 49.033605638664767)
((13, 6), 50.777686669415075)
((13, 7), 49.338947602412318)
((13, 8), 52.325104982894999)
((13, 9), 53.910617702266087)
((13, 10), 49.15033223533338)
((13, 11), 52.408459641255362)
((13, 12), 48.180282014130007)
((13, 13), 47.116132395480669)
((13, 14), 46.22174573665086)
((13, 15), 50.33514192026712)
((13, 16), 48.270242665794711)
((13, 17), 47.616760440070649)
((13, 18), 51.806181016563599)
((13, 19), 49.200032421882369)
((13, 20), 52.521262185018415)
((13, 21), 47.494158522547188)
((13, 22), 47.92518801489868)
((13, 23), 49.988333071705654)
((13, 24), 48.141622090644205)
((13, 25), 43.411588572733677)
((13, 26), 50.809244110927551)
((13, 27), 48.616907168252254)
((13, 28), 52.231379433142465)
((13, 29), 48.79293031289717)
((13, 30), 48.179325711935647)
((13, 31), 50.100432339744202)
((13, 32), 52.07648150256059)
((13, 33), 49.381514768665404)
((13, 34), 49.298108309738268)
((13, 35), 49.741783333965216)
((13, 36), 50.690423650045673)
((13, 37), 44.932371371836595)
((13, 38), 49.666545649185004)
((13, 39), 48.362890779127994)
((13, 40), 47.4056611698186)
((13, 41), 49.713625067345987)
((13, 42), 48.114659346531795)
((13, 43), 48.577723016547786)
((13, 44), 47.115483077774513)
((13, 45), 51.6354950992624)
((13, 46), 46.464410340360416)
((13, 47), 45.837605433909644)
((13, 48), 48.970552959810973)
((13, 49), 49.279275576526814)
((13, 50), 45.125238005607912)
((13, 51), 45.582414309192814)
((13, 52), 47.086350403793411)
((13, 53), 50.393032147531869)
((13, 54), 46.033864642800765)
((13, 55), 49.932755955983993)
((13, 56), 48.498771398151355)
((13, 57), 43.118010234295298)
((13, 58), 49.910771661961036)
((13, 59), 50.470761996566097)
((13, 60), 49.520269759515607)
((13, 61), 47.686508661498294)
((13, 62), 49.760469712209641)
((13, 63), 46.838421334565481)
((13, 64), 48.016228284371969)
((13, 65), 48.94284278971196)
((13, 66), 46.164968715501587)
((13, 67), 45.999120897897548)
((13, 68), 52.301642531249271)
((13, 69), 46.357868068520972)
((13, 70), 49.264120904382096)
((13, 71), 51.256875451791771)
((13, 72), 48.517231926700624)
((13, 73), 47.900155202178908)
((13, 74), 47.519257165626833)
((13, 75), 49.799727652624526)
((13, 76), 49.624011844387248)
((13, 77), 47.085029480551114)
((13, 78), 51.18738187871385)
((13, 79), 47.357965954139864)
((13, 80), 52.695716644980578)
((13, 81), 51.332222048083928)
((13, 82), 50.662402751484763)
((13, 83), 49.103447526943214)
((13, 84), 47.095656291288115)
((13, 85), 45.293051562780221)
((13, 86), 50.60235640819721)
((13, 87), 48.484202802683981)
((13, 88), 44.221273183450265)
((13, 89), 51.792158441579943)
((13, 90), 46.546921411160078)
((13, 91), 46.152941704673871)
((13, 92), 50.284658559946379)
((13, 93), 50.68288190236828)
((13, 94), 49.552514589765337)
((13, 95), 50.263799759639326)
((13, 96), 52.175474119934947)
((13, 97), 51.177458317934722)
((13, 98), 52.959135408691942)
((13, 99), 50.194702150437422)
((14, 0), 47.029355026747325)
((14, 1), 45.845181059459556)
((14, 2), 46.313233002597627)
((14, 3), 49.956047024871523)
((14, 4), 49.592864679751912)
((14, 5), 48.794346424439944)
((14, 6), 52.443124358753785)
((14, 7), 50.344856783434565)
((14, 8), 52.662704978736436)
((14, 9), 53.00629866501535)
((14, 10), 48.137451702862073)
((14, 11), 51.103479580028512)
((14, 12), 48.779121703502639)
((14, 13), 44.797454651163306)
((14, 14), 47.059240839982486)
((14, 15), 49.255508951358543)
((14, 16), 48.647452831366294)
((14, 17), 46.647417472428664)
((14, 18), 50.203376792652556)
((14, 19), 49.657356843611254)
((14, 20), 54.014947787400899)
((14, 21), 49.644257747778148)
((14, 22), 49.893483741543626)
((14, 23), 50.139952940965706)
((14, 24), 47.264961882220774)
((14, 25), 44.785593117928542)
((14, 26), 50.340991418226963)
((14, 27), 49.725233815895301)
((14, 28), 50.18131349616165)
((14, 29), 49.335794553206796)
((14, 30), 49.19749014415283)
((14, 31), 46.750235217515979)
((14, 32), 52.606206370388307)
((14, 33), 48.666391459083357)
((14, 34), 50.842393869380182)
((14, 35), 50.2547197346709)
((14, 36), 47.478930823983234)
((14, 37), 45.95537412137157)
((14, 38), 47.451110131108479)
((14, 39), 47.103330033019887)
((14, 40), 46.166021332578474)
((14, 41), 51.619815040185642)
((14, 42), 47.32192361737237)
((14, 43), 47.976018468097422)
((14, 44), 48.667967322507735)
((14, 45), 50.740686223244595)
((14, 46), 45.497646586330937)
((14, 47), 46.719250042906395)
((14, 48), 48.823983176977443)
((14, 49), 48.741254565980583)
((14, 50), 47.376486860255241)
((14, 51), 46.053915918821446)
((14, 52), 47.462897456360508)
((14, 53), 49.565792968546305)
((14, 54), 46.548822773359859)
((14, 55), 50.753440918839424)
((14, 56), 50.431910718462909)
((14, 57), 45.730910996377943)
((14, 58), 49.948893022168747)
((14, 59), 47.954180511783463)
((14, 60), 48.63829485048106)
((14, 61), 46.251676137481546)
((14, 62), 48.73576272017813)
((14, 63), 47.818901056107535)
((14, 64), 52.037369796987285)
((14, 65), 48.574494186386772)
((14, 66), 46.400504697218146)
((14, 67), 43.352217986165563)
((14, 68), 51.003576713227787)
((14, 69), 46.962127232875893)
((14, 70), 47.829929302384613)
((14, 71), 51.458686822180937)
((14, 72), 47.316100307337194)
((14, 73), 48.096513711482729)
((14, 74), 48.134632062226679)
((14, 75), 50.557675790792771)
((14, 76), 51.88967431362336)
((14, 77), 48.026825463927686)
((14, 78), 48.453144264389891)
((14, 79), 47.513820329449821)
((14, 80), 53.977979955936384)
((14, 81), 50.667402477170199)
((14, 82), 48.565885171021804)
((14, 83), 48.563832384634857)
((14, 84), 48.116260619372518)
((14, 85), 45.591573653469808)
((14, 86), 46.744297461085765)
((14, 87), 49.429677896877593)
((14, 88), 43.981960697310029)
((14, 89), 49.125573098566548)
((14, 90), 48.450396426940813)
((14, 91), 46.277043921991591)
((14, 92), 51.735156832785421)
((14, 93), 48.899195554026868)
((14, 94), 50.233669265256694)
((14, 95), 51.032541732137744)
((14, 96), 52.170499678361786)
((14, 97), 49.271855388240695)
((14, 98), 53.004917784158152)
((14, 99), 51.628867284562943)
((15, 0), 47.632607640585633)
((15, 1), 46.191035121736199)
((15, 2), 46.518053646675931)
((15, 3), 50.208904170555897)
((15, 4), 50.863263038062918)
((15, 5), 47.636945790223137)
((15, 6), 50.986407108769285)
((15, 7), 50.32040623443757)
((15, 8), 53.318830432420171)
((15, 9), 55.870619528167943)
((15, 10), 49.075795595799477)
((15, 11), 53.379842634200706)
((15, 12), 50.700173201646599)
((15, 13), 49.407177429620937)
((15, 14), 45.791137922395343)
((15, 15), 50.634738069321351)
((15, 16), 48.919443803278185)
((15, 17), 48.724939363000729)
((15, 18), 52.982837679163573)
((15, 19), 48.08363706385704)
((15, 20), 50.833356742041303)
((15, 21), 47.874038037737677)
((15, 22), 46.289595778836414)
((15, 23), 51.45557414194387)
((15, 24), 47.778342913481502)
((15, 25), 45.637262798824395)
((15, 26), 49.913605321904029)
((15, 27), 50.111922463786676)
((15, 28), 50.245741051429412)
((15, 29), 47.717048033233318)
((15, 30), 48.454501573109759)
((15, 31), 48.814136243827193)
((15, 32), 53.213589671363806)
((15, 33), 51.276533103782455)
((15, 34), 51.557429644528732)
((15, 35), 49.05989440960532)
((15, 36), 49.746564718897474)
((15, 37), 48.290802860451208)
((15, 38), 49.575616425420762)
((15, 39), 48.261855279454508)
((15, 40), 45.474345554618665)
((15, 41), 50.910142988979267)
((15, 42), 49.171168083120762)
((15, 43), 48.580611277783106)
((15, 44), 47.646561918416964)
((15, 45), 50.351755962032811)
((15, 46), 44.135915978884555)
((15, 47), 47.469755572851987)
((15, 48), 48.816578037784041)
((15, 49), 47.845189591443962)
((15, 50), 45.936381191073885)
((15, 51), 48.158841546332553)
((15, 52), 50.520296271037253)
((15, 53), 49.4732972368014)
((15, 54), 47.505117284590739)
((15, 55), 50.299413501488132)
((15, 56), 49.981253248930727)
((15, 57), 45.91049351974344)
((15, 58), 49.957178148802271)
((15, 59), 50.089302783581005)
((15, 60), 50.436236897253728)
((15, 61), 48.605417961291536)
((15, 62), 48.389818382567242)
((15, 63), 47.594676775968608)
((15, 64), 50.683499881533329)
((15, 65), 49.947337472893466)
((15, 66), 45.338465775827743)
((15, 67), 45.286344141025651)
((15, 68), 51.163628172452164)
((15, 69), 51.52388623004682)
((15, 70), 49.367309842732823)
((15, 71), 51.327207275479843)
((15, 72), 49.750477589973066)
((15, 73), 52.352468742922696)
((15, 74), 46.186253806628699)
((15, 75), 49.158282043902581)
((15, 76), 52.432842950656173)
((15, 77), 47.447816681883324)
((15, 78), 50.961663594887753)
((15, 79), 46.032935953668073)
((15, 80), 52.315237824527117)
((15, 81), 50.228580290229985)
((15, 82), 49.478017462987872)
((15, 83), 50.614680743121383)
((15, 84), 44.891982548593312)
((15, 85), 47.825966485887463)
((15, 86), 47.629121869095712)
((15, 87), 50.165477208090223)
((15, 88), 45.203591935064665)
((15, 89), 51.98627141632339)
((15, 90), 48.341287603983631)
((15, 91), 45.109854315066997)
((15, 92), 49.782088273208146)
((15, 93), 48.913816790711358)
((15, 94), 51.116968200599111)
((15, 95), 52.884567891449002)
((15, 96), 51.919860533765032)
((15, 97), 52.000247847961205)
((15, 98), 50.816667779342112)
((15, 99), 51.786896438510183)
((16, 0), 48.751449306744121)
((16, 1), 48.152877967841206)
((16, 2), 50.361070902001757)
((16, 3), 51.654863683270804)
((16, 4), 51.238623024470712)
((16, 5), 50.261909132405393)
((16, 6), 53.900520932287463)
((16, 7), 50.296789975668219)
((16, 8), 54.749433571720871)
((16, 9), 54.942303282668661)
((16, 10), 51.343950361099203)
((16, 11), 54.43802771709786)
((16, 12), 49.704262642546567)
((16, 13), 47.088494916259506)
((16, 14), 51.672388360009762)
((16, 15), 51.954793663882754)
((16, 16), 50.805714396637434)
((16, 17), 51.206497681466615)
((16, 18), 50.670502774650508)
((16, 19), 50.212870967061988)
((16, 20), 52.866471080601094)
((16, 21), 48.653194678559885)
((16, 22), 49.677700710778822)
((16, 23), 53.055436635220971)
((16, 24), 50.346138175742041)
((16, 25), 48.27724848735572)
((16, 26), 52.231204087046741)
((16, 27), 50.949684376491547)
((16, 28), 51.920741755928645)
((16, 29), 50.012042038958256)
((16, 30), 50.391709740467107)
((16, 31), 49.321772091887162)
((16, 32), 54.758192482085477)
((16, 33), 51.453499003241618)
((16, 34), 51.421685032963673)
((16, 35), 50.868943581676916)
((16, 36), 51.76541810778243)
((16, 37), 47.496381651532133)
((16, 38), 50.534555189725758)
((16, 39), 47.940732989421896)
((16, 40), 49.094265129213333)
((16, 41), 52.858159450397174)
((16, 42), 50.177792333925197)
((16, 43), 50.756916145462981)
((16, 44), 50.45931618471451)
((16, 45), 52.208580947103357)
((16, 46), 47.069966771295654)
((16, 47), 47.528903513605435)
((16, 48), 52.267566217896309)
((16, 49), 49.634613080508281)
((16, 50), 47.950352694941074)
((16, 51), 46.904195141027898)
((16, 52), 52.211676457492558)
((16, 53), 53.555984334411605)
((16, 54), 48.893196270214595)
((16, 55), 50.791428802912527)
((16, 56), 51.217883975970778)
((16, 57), 48.528970394781339)
((16, 58), 52.021911133873814)
((16, 59), 52.057857298494014)
((16, 60), 52.20879194119702)
((16, 61), 48.200851433478462)
((16, 62), 52.027374406016122)
((16, 63), 47.281394677053527)
((16, 64), 50.283688609573737)
((16, 65), 49.211081407388662)
((16, 66), 48.738129290378879)
((16, 67), 48.362485609410733)
((16, 68), 52.129146013145778)
((16, 69), 49.740650285327945)
((16, 70), 50.057019472502219)
((16, 71), 55.539188649168061)
((16, 72), 49.366491382986965)
((16, 73), 51.145681190801255)
((16, 74), 48.461293745356414)
((16, 75), 52.79858140820447)
((16, 76), 51.142646705031559)
((16, 77), 52.067606900453129)
((16, 78), 52.789589095921613)
((16, 79), 48.028535519343265)
((16, 80), 54.091942959502589)
((16, 81), 51.640034543855379)
((16, 82), 50.275300548865488)
((16, 83), 50.911873271142611)
((16, 84), 48.616217137469015)
((16, 85), 48.015057000106673)
((16, 86), 46.963880399987033)
((16, 87), 51.211575387108681)
((16, 88), 46.860350299658919)
((16, 89), 52.711293911924784)
((16, 90), 50.593016794834867)
((16, 91), 46.770539386651336)
((16, 92), 53.212000204938889)
((16, 93), 51.384724504386938)
((16, 94), 50.814178120729068)
((16, 95), 53.14471144404861)
((16, 96), 55.077494697041445)
((16, 97), 53.4017923559149)
((16, 98), 51.489095191076252)
((16, 99), 54.107028719878222)
((17, 0), 44.026980248067218)
((17, 1), 45.774949184181125)
((17, 2), 45.937920265441576)
((17, 3), 44.083674939590544)
((17, 4), 44.899902819774468)
((17, 5), 44.990901081423274)
((17, 6), 44.948216506223616)
((17, 7), 47.908778688706185)
((17, 8), 48.090378303558381)
((17, 9), 50.305099585305818)
((17, 10), 44.786725471293799)
((17, 11), 48.17686590633587)
((17, 12), 44.871416178366573)
((17, 13), 43.839604508371195)
((17, 14), 43.620702843707804)
((17, 15), 45.727075704676821)
((17, 16), 48.141205225489308)
((17, 17), 42.251060192094911)
((17, 18), 47.287703680582737)
((17, 19), 49.62816303550396)
((17, 20), 48.57626947033134)
((17, 21), 45.342228885364136)
((17, 22), 44.01705895360891)
((17, 23), 46.068458771118621)
((17, 24), 42.47975516245684)
((17, 25), 40.122352534186163)
((17, 26), 48.640999239778253)
((17, 27), 46.989837941593414)
((17, 28), 48.486971313937794)
((17, 29), 44.521999813913332)
((17, 30), 43.987496710600645)
((17, 31), 45.779335154985823)
((17, 32), 46.175691637495191)
((17, 33), 47.669120858896079)
((17, 34), 46.515842751388732)
((17, 35), 44.100016167568938)
((17, 36), 47.353140905409383)
((17, 37), 43.720620293899259)
((17, 38), 45.491345360576275)
((17, 39), 43.610761121778616)
((17, 40), 44.426898394273429)
((17, 41), 48.543005231115217)
((17, 42), 43.777192472467078)
((17, 43), 45.611492742297671)
((17, 44), 44.050027435235435)
((17, 45), 49.250749893183638)
((17, 46), 42.965967745640327)
((17, 47), 44.733467228535169)
((17, 48), 45.212668915739272)
((17, 49), 47.42817940663474)
((17, 50), 42.962211708741563)
((17, 51), 43.967379500865235)
((17, 52), 44.016204257687221)
((17, 53), 46.967797016779699)
((17, 54), 41.804675235733797)
((17, 55), 47.46766824421924)
((17, 56), 44.564069926787241)
((17, 57), 41.64920106674407)
((17, 58), 46.600158370310652)
((17, 59), 46.647905237374928)
((17, 60), 48.613428245617612)
((17, 61), 44.185324442090092)
((17, 62), 47.983456288994375)
((17, 63), 42.915910555162569)
((17, 64), 47.233680082812072)
((17, 65), 46.189806420053898)
((17, 66), 42.549614127641568)
((17, 67), 42.661961188138122)
((17, 68), 48.150714539151878)
((17, 69), 44.566708630872796)
((17, 70), 45.935740995892743)
((17, 71), 47.165715062097362)
((17, 72), 47.044602890207813)
((17, 73), 45.360035161318507)
((17, 74), 43.36566099433022)
((17, 75), 45.193949871773135)
((17, 76), 47.404457180746718)
((17, 77), 43.722815239074279)
((17, 78), 48.70982477341667)
((17, 79), 43.791859971537633)
((17, 80), 51.860928198148343)
((17, 81), 48.43830466986681)
((17, 82), 45.780917381049626)
((17, 83), 46.946145810951535)
((17, 84), 45.301718896241184)
((17, 85), 44.080501905192428)
((17, 86), 46.372422044042871)
((17, 87), 47.132831141159699)
((17, 88), 43.191746476215016)
((17, 89), 50.452874216205586)
((17, 90), 44.138899951151302)
((17, 91), 43.514247970740684)
((17, 92), 49.932896926431688)
((17, 93), 47.000641410498822)
((17, 94), 46.741434334519226)
((17, 95), 48.352021498088547)
((17, 96), 48.983612830680869)
((17, 97), 46.950728434184569)
((17, 98), 48.786116276106128)
((17, 99), 47.773319621868737)
((18, 0), 49.716419220486515)
((18, 1), 49.680677116634271)
((18, 2), 50.467201681801463)
((18, 3), 51.196600842265418)
((18, 4), 51.213642425647592)
((18, 5), 51.219893016711183)
((18, 6), 54.169157284417807)
((18, 7), 53.166543029895223)
((18, 8), 54.001600635776711)
((18, 9), 56.43367892830274)
((18, 10), 49.867935629318794)
((18, 11), 52.135192001080974)
((18, 12), 49.647503683362025)
((18, 13), 49.228000563096629)
((18, 14), 49.533122298245203)
((18, 15), 52.406457103811881)
((18, 16), 51.004179831209598)
((18, 17), 50.792988765232352)
((18, 18), 53.841330631797689)
((18, 19), 51.564799117106517)
((18, 20), 57.861163087305492)
((18, 21), 48.156943685765768)
((18, 22), 50.01858274135413)
((18, 23), 53.488978254796045)
((18, 24), 50.315769181922619)
((18, 25), 45.775537999266838)
((18, 26), 53.829996429527121)
((18, 27), 52.691619005039591)
((18, 28), 52.698372097870333)
((18, 29), 52.888987013990089)
((18, 30), 50.297439993287313)
((18, 31), 50.408290724797205)
((18, 32), 55.033526829315988)
((18, 33), 52.200565576262179)
((18, 34), 52.05373038590821)
((18, 35), 52.367838016122207)
((18, 36), 51.50426667658386)
((18, 37), 49.914398860316574)
((18, 38), 50.143222511509293)
((18, 39), 51.204373814967056)
((18, 40), 48.586788820720798)
((18, 41), 53.495590398124179)
((18, 42), 49.743039133232529)
((18, 43), 50.816911770911801)
((18, 44), 51.273460529952246)
((18, 45), 54.55678811632842)
((18, 46), 47.996667987012017)
((18, 47), 47.80232130807974)
((18, 48), 50.229316643265683)
((18, 49), 50.557214225007243)
((18, 50), 49.774207080170413)
((18, 51), 49.586494592843124)
((18, 52), 49.832614762647779)
((18, 53), 53.591342192039235)
((18, 54), 47.458362492365772)
((18, 55), 50.393674919885399)
((18, 56), 50.161111826999388)
((18, 57), 48.01329362620897)
((18, 58), 54.497681538393344)
((18, 59), 50.710817942113763)
((18, 60), 54.358871308070761)
((18, 61), 50.127848643149164)
((18, 62), 53.7467286068565)
((18, 63), 47.430206169977183)
((18, 64), 52.51944888642511)
((18, 65), 52.006057350753544)
((18, 66), 47.674386160470561)
((18, 67), 48.164166393598293)
((18, 68), 54.153474424759189)
((18, 69), 50.954785653501062)
((18, 70), 48.999046796175584)
((18, 71), 52.904228910382436)
((18, 72), 52.326077304698089)
((18, 73), 50.024992017205825)
((18, 74), 50.980688994529544)
((18, 75), 50.838889368017547)
((18, 76), 54.9031798392732)
((18, 77), 50.695752140012509)
((18, 78), 52.684595390854433)
((18, 79), 50.758555777778838)
((18, 80), 53.573116766905599)
((18, 81), 52.78965110950282)
((18, 82), 51.547173916272129)
((18, 83), 52.511438845286143)
((18, 84), 49.931772051352738)
((18, 85), 49.494457646004832)
((18, 86), 50.70231531378559)
((18, 87), 51.938159232908305)
((18, 88), 48.616540652784792)
((18, 89), 55.064850634899159)
((18, 90), 49.223557234983964)
((18, 91), 48.826803363263672)
((18, 92), 52.717362850251881)
((18, 93), 54.210463620501216)
((18, 94), 52.602076956784401)
((18, 95), 52.078372671033918)
((18, 96), 56.262750473404644)
((18, 97), 54.016334254702301)
((18, 98), 54.563325810705884)
((18, 99), 54.764781382619816)
((19, 0), 48.210053106839595)
((19, 1), 47.848002521899843)
((19, 2), 48.301932800210309)
((19, 3), 48.148657739040232)
((19, 4), 49.976377052153801)
((19, 5), 50.955240702032306)
((19, 6), 50.955283552098784)
((19, 7), 50.018347287960509)
((19, 8), 51.861923384843848)
((19, 9), 53.463084924898261)
((19, 10), 47.929281089728576)
((19, 11), 53.722869201812358)
((19, 12), 47.911356959888856)
((19, 13), 48.298089831808888)
((19, 14), 48.113034932949816)
((19, 15), 54.059303924012021)
((19, 16), 52.745371834807159)
((19, 17), 49.238166168020747)
((19, 18), 50.826296104529277)
((19, 19), 51.817896597644463)
((19, 20), 51.726034453299803)
((19, 21), 46.303122112829939)
((19, 22), 49.934500482085419)
((19, 23), 51.190768385889044)
((19, 24), 48.32728576723855)
((19, 25), 45.413149106235011)
((19, 26), 52.009900416214073)
((19, 27), 49.380553279028412)
((19, 28), 51.775166171320052)
((19, 29), 52.241714829588659)
((19, 30), 49.260654739902726)
((19, 31), 48.586479963631184)
((19, 32), 53.386483863124866)
((19, 33), 52.500904158675993)
((19, 34), 50.344834121475117)
((19, 35), 51.205447366732763)
((19, 36), 49.826521172273395)
((19, 37), 47.761575572106651)
((19, 38), 49.429517167200395)
((19, 39), 50.302401703898525)
((19, 40), 46.770276280192398)
((19, 41), 51.932004586810621)
((19, 42), 49.332648208856988)
((19, 43), 50.746384532371991)
((19, 44), 49.388959419694999)
((19, 45), 51.685668344930846)
((19, 46), 43.986123552487548)
((19, 47), 49.241562299652585)
((19, 48), 50.500346359482464)
((19, 49), 47.722072853019334)
((19, 50), 46.910520538350802)
((19, 51), 48.208370661871712)
((19, 52), 49.411158535788829)
((19, 53), 52.870775525379599)
((19, 54), 47.144926027495806)
((19, 55), 48.705984988275844)
((19, 56), 48.384197790453328)
((19, 57), 44.344535509658158)
((19, 58), 49.816045714499019)
((19, 59), 51.575359384345141)
((19, 60), 50.97818233661291)
((19, 61), 48.231110596166417)
((19, 62), 50.604435716157042)
((19, 63), 46.574480860213797)
((19, 64), 49.981698657706424)
((19, 65), 51.192529611748455)
((19, 66), 46.913628001633001)
((19, 67), 46.08410756566883)
((19, 68), 52.546507076369622)
((19, 69), 50.079409961337504)
((19, 70), 48.574386379229765)
((19, 71), 51.161250935365814)
((19, 72), 50.062461962642033)
((19, 73), 49.305080430889248)
((19, 74), 49.52162079598741)
((19, 75), 51.102652708257224)
((19, 76), 50.738079344760081)
((19, 77), 49.25190899725537)
((19, 78), 51.786675079091552)
((19, 79), 47.866520682214485)
((19, 80), 51.479465222110612)
((19, 81), 53.132129721523981)
((19, 82), 51.562349804750589)
((19, 83), 51.730473676183507)
((19, 84), 49.75973035747154)
((19, 85), 49.130076159665727)
((19, 86), 49.866830362134131)
((19, 87), 49.711523872167668)
((19, 88), 45.820081705959289)
((19, 89), 54.565006915805945)
((19, 90), 49.226741612035326)
((19, 91), 45.553736675250747)
((19, 92), 50.989002049283215)
((19, 93), 51.837704995228762)
((19, 94), 51.506975326757214)
((19, 95), 49.329495756085599)
((19, 96), 51.569339319820237)
((19, 97), 53.058208112407293)
((19, 98), 54.591779479494939)
((19, 99), 52.268187444513948)
((20, 0), 49.036518389963511)
((20, 1), 47.166946185469783)
((20, 2), 46.952891592151985)
((20, 3), 47.242950694610272)
((20, 4), 49.923478190397589)
((20, 5), 48.490882116139431)
((20, 6), 48.739232472066575)
((20, 7), 47.533301673009582)
((20, 8), 52.294369279351336)
((20, 9), 51.499068211399447)
((20, 10), 44.946562123267398)
((20, 11), 51.257993409618294)
((20, 12), 50.137563979611684)
((20, 13), 47.573099604061312)
((20, 14), 44.635374831223039)
((20, 15), 47.139470752464476)
((20, 16), 48.700574999687532)
((20, 17), 47.122085586473872)
((20, 18), 49.226658934113175)
((20, 19), 49.814327609272979)
((20, 20), 52.66694617813242)
((20, 21), 47.442331880771903)
((20, 22), 48.014844302281524)
((20, 23), 49.519669136567344)
((20, 24), 48.272981048181975)
((20, 25), 44.211286084114697)
((20, 26), 50.693655835606961)
((20, 27), 48.129043735014342)
((20, 28), 50.065579570994842)
((20, 29), 48.208093134074609)
((20, 30), 47.29560103667491)
((20, 31), 46.081209842650964)
((20, 32), 52.303106428539408)
((20, 33), 49.25707412528638)
((20, 34), 48.53651155071605)
((20, 35), 49.161710581947844)
((20, 36), 47.840699079263544)
((20, 37), 46.044699433027212)
((20, 38), 46.190337884230821)
((20, 39), 48.541242259362654)
((20, 40), 45.546159592174959)
((20, 41), 49.098865965514776)
((20, 42), 46.695793140021195)
((20, 43), 48.779905202535616)
((20, 44), 49.53422630218229)
((20, 45), 50.683128903452889)
((20, 46), 44.227241443398597)
((20, 47), 47.111852090185408)
((20, 48), 46.818589307822016)
((20, 49), 47.643456634995474)
((20, 50), 45.648486142908709)
((20, 51), 45.603091045290782)
((20, 52), 47.043368026720586)
((20, 53), 49.227506778217808)
((20, 54), 46.202922977990553)
((20, 55), 47.477990778533979)
((20, 56), 47.355328188115166)
((20, 57), 44.618459256422923)
((20, 58), 50.505906761813499)
((20, 59), 50.536631028282741)
((20, 60), 50.326390805449975)
((20, 61), 48.358582194815575)
((20, 62), 48.191858983891137)
((20, 63), 44.889698732103362)
((20, 64), 48.391225210567647)
((20, 65), 50.051666201203858)
((20, 66), 45.781357562055248)
((20, 67), 44.985437114822332)
((20, 68), 51.712361924018026)
((20, 69), 47.960888669866648)
((20, 70), 49.722369887141411)
((20, 71), 52.224119546798818)
((20, 72), 47.79417907515213)
((20, 73), 48.823992800215258)
((20, 74), 48.60362885842919)
((20, 75), 49.183370647692612)
((20, 76), 50.002570340144416)
((20, 77), 45.129631494195166)
((20, 78), 49.260111737221834)
((20, 79), 45.739383573378504)
((20, 80), 51.857142157002684)
((20, 81), 51.535496103617483)
((20, 82), 51.035634155231335)
((20, 83), 48.315677972347771)
((20, 84), 47.264527215505026)
((20, 85), 44.254382344604565)
((20, 86), 46.906531806124633)
((20, 87), 49.09484290155627)
((20, 88), 47.444537516523773)
((20, 89), 51.526965285423969)
((20, 90), 47.65436284239172)
((20, 91), 43.905597380272141)
((20, 92), 51.045121029377412)
((20, 93), 48.235199373507086)
((20, 94), 48.11659415097099)
((20, 95), 49.580123024756332)
((20, 96), 49.692919353882374)
((20, 97), 51.838269610128364)
((20, 98), 53.889188449170248)
((20, 99), 51.92347587909552)
((21, 0), 49.948615490539538)
((21, 1), 49.60804322499078)
((21, 2), 48.614101787182861)
((21, 3), 48.233859214444706)
((21, 4), 50.86242097043943)
((21, 5), 51.740364768653301)
((21, 6), 51.7998748152175)
((21, 7), 50.267209705104769)
((21, 8), 54.586238667747764)
((21, 9), 55.13210749138166)
((21, 10), 49.232607232777049)
((21, 11), 53.497621528846373)
((21, 12), 48.982466794228415)
((21, 13), 48.025647619856414)
((21, 14), 51.084208204964618)
((21, 15), 49.276524993696782)
((21, 16), 51.474228825087835)
((21, 17), 49.807456560497918)
((21, 18), 51.366300513889996)
((21, 19), 51.661535089566826)
((21, 20), 53.659562189463742)
((21, 21), 52.039861712190721)
((21, 22), 50.190624043232688)
((21, 23), 50.559752270360875)
((21, 24), 48.464828705756403)
((21, 25), 47.030303794729072)
((21, 26), 53.188690936313051)
((21, 27), 50.014238315500023)
((21, 28), 52.462784806213705)
((21, 29), 53.359935362129484)
((21, 30), 47.771721308612328)
((21, 31), 49.754289811247844)
((21, 32), 56.295275816931799)
((21, 33), 53.115144697485952)
((21, 34), 50.474099840540021)
((21, 35), 49.154068316449425)
((21, 36), 51.683996567364318)
((21, 37), 49.646631755128816)
((21, 38), 48.462157807029918)
((21, 39), 51.37535528408624)
((21, 40), 50.778455210287397)
((21, 41), 55.142638839760806)
((21, 42), 48.205489992242462)
((21, 43), 50.463450200542219)
((21, 44), 51.833776460669412)
((21, 45), 52.462514198815597)
((21, 46), 49.107081982465211)
((21, 47), 48.832235060197171)
((21, 48), 51.157934833690618)
((21, 49), 49.082004019022335)
((21, 50), 46.765014901224873)
((21, 51), 47.753671960269656)
((21, 52), 51.792576406597618)
((21, 53), 53.940244141165152)
((21, 54), 47.455317629425579)
((21, 55), 52.825784262905614)
((21, 56), 50.223214619727798)
((21, 57), 46.773591199856995)
((21, 58), 51.948016374642336)
((21, 59), 50.990361129634096)
((21, 60), 51.740798885405106)
((21, 61), 50.228276101499318)
((21, 62), 51.36883698963068)
((21, 63), 47.416157997127591)
((21, 64), 49.416860143742817)
((21, 65), 51.123290190003537)
((21, 66), 48.913264266380637)
((21, 67), 46.396536546899)
((21, 68), 53.040621054239246)
((21, 69), 50.811997741221774)
((21, 70), 50.916944135358705)
((21, 71), 54.43528478050159)
((21, 72), 49.906361440832207)
((21, 73), 51.604811430320808)
((21, 74), 49.719315961078905)
((21, 75), 52.554170028900643)
((21, 76), 54.037726711677877)
((21, 77), 48.091696906020758)
((21, 78), 51.542796946225934)
((21, 79), 47.569613301614893)
((21, 80), 55.001942978535546)
((21, 81), 52.244916376870748)
((21, 82), 52.550670933642316)
((21, 83), 50.803642110746267)
((21, 84), 47.817178033544401)
((21, 85), 51.977182599511515)
((21, 86), 47.118035416166407)
((21, 87), 50.414886890300622)
((21, 88), 46.890834638787197)
((21, 89), 53.358033282348266)
((21, 90), 49.386795629619684)
((21, 91), 48.014122401206919)
((21, 92), 52.739989114230895)
((21, 93), 52.967593180131246)
((21, 94), 51.513432983365036)
((21, 95), 51.676422437017159)
((21, 96), 54.693547137385536)
((21, 97), 50.800762140224336)
((21, 98), 55.338745844157451)
((21, 99), 52.478806240364293)
((22, 0), 51.578783502103157)
((22, 1), 50.844178909530072)
((22, 2), 50.143450205871481)
((22, 3), 52.666995513304038)
((22, 4), 51.121980529966926)
((22, 5), 53.803298384236136)
((22, 6), 52.628156594983793)
((22, 7), 52.718325425015493)
((22, 8), 54.783115252233038)
((22, 9), 55.794104627088672)
((22, 10), 50.154685800192858)
((22, 11), 56.5924427293224)
((22, 12), 52.424588533941638)
((22, 13), 50.282478129779619)
((22, 14), 52.853120940270571)
((22, 15), 53.220783353592921)
((22, 16), 53.472379161100164)
((22, 17), 51.687569679140758)
((22, 18), 54.169262480681816)
((22, 19), 54.294301414451354)
((22, 20), 57.312716183358788)
((22, 21), 50.4451816938574)
((22, 22), 51.64899309747922)
((22, 23), 55.128792382654552)
((22, 24), 53.016998145351451)
((22, 25), 48.802127567793612)
((22, 26), 54.628011286997385)
((22, 27), 51.996246584580362)
((22, 28), 53.649487700614984)
((22, 29), 54.38580520132696)
((22, 30), 51.465055062905861)
((22, 31), 52.330815903688652)
((22, 32), 57.700358169839177)
((22, 33), 52.463433675829606)
((22, 34), 52.46024129136336)
((22, 35), 53.946188084076951)
((22, 36), 50.911652588287112)
((22, 37), 51.269581039762031)
((22, 38), 49.934973459443867)
((22, 39), 53.870328569485082)
((22, 40), 50.568285984564213)
((22, 41), 54.551123935357602)
((22, 42), 51.141006702953064)
((22, 43), 52.400215604469182)
((22, 44), 51.101486608718545)
((22, 45), 54.397183143527968)
((22, 46), 49.872765839874774)
((22, 47), 47.417525550646353)
((22, 48), 51.966540601121707)
((22, 49), 50.985269713872981)
((22, 50), 48.523664524175082)
((22, 51), 49.295493019134014)
((22, 52), 52.272337987334964)
((22, 53), 52.029339906715023)
((22, 54), 48.96729612441905)
((22, 55), 53.257260238881003)
((22, 56), 53.769865593879217)
((22, 57), 48.419151739239993)
((22, 58), 52.263791521350697)
((22, 59), 53.004849224516875)
((22, 60), 53.731384908584758)
((22, 61), 50.510068607642786)
((22, 62), 53.326123312765631)
((22, 63), 49.870590395358498)
((22, 64), 54.264024948206696)
((22, 65), 53.223419910166307)
((22, 66), 49.807939539295411)
((22, 67), 48.171458461749893)
((22, 68), 53.168828422638342)
((22, 69), 50.154702547341344)
((22, 70), 52.293337434326844)
((22, 71), 54.525780992027336)
((22, 72), 53.435491570088288)
((22, 73), 51.632509375040243)
((22, 74), 51.588186112453982)
((22, 75), 51.466472955094744)
((22, 76), 54.943584024145544)
((22, 77), 52.081740241048806)
((22, 78), 54.169905881516506)
((22, 79), 48.95578086477812)
((22, 80), 57.154836835679937)
((22, 81), 56.013571692027746)
((22, 82), 54.019798094190946)
((22, 83), 51.493515805584011)
((22, 84), 50.210911186604477)
((22, 85), 53.214297577907615)
((22, 86), 52.72953726532198)
((22, 87), 52.069103890756338)
((22, 88), 48.901205845935749)
((22, 89), 56.298432039077639)
((22, 90), 51.646183794174064)
((22, 91), 46.573468011066566)
((22, 92), 54.466299764247836)
((22, 93), 53.15095423887373)
((22, 94), 53.099959613809602)
((22, 95), 53.14593042342451)
((22, 96), 54.299629081964191)
((22, 97), 53.822182034063594)
((22, 98), 55.406044643699857)
((22, 99), 53.324113663512442)
((23, 0), 48.224885791055286)
((23, 1), 45.995804114814774)
((23, 2), 47.657310240375494)
((23, 3), 49.267694087112673)
((23, 4), 49.634279043904499)
((23, 5), 48.843305812070746)
((23, 6), 50.745258923663584)
((23, 7), 50.538450084226042)
((23, 8), 52.141940026294044)
((23, 9), 51.674199290211689)
((23, 10), 48.736711032664346)
((23, 11), 50.757663859837706)
((23, 12), 48.769795398603954)
((23, 13), 46.333033326043775)
((23, 14), 49.113888048792546)
((23, 15), 49.624714195668474)
((23, 16), 49.790345594446947)
((23, 17), 48.734564944196819)
((23, 18), 51.318661326466398)
((23, 19), 53.27858468831883)
((23, 20), 50.869380118617684)
((23, 21), 47.834968244675629)
((23, 22), 48.955822174231976)
((23, 23), 50.148759972236988)
((23, 24), 48.479749212795141)
((23, 25), 44.553974177338233)
((23, 26), 50.00422067802517)
((23, 27), 49.686779922176235)
((23, 28), 51.955364531567184)
((23, 29), 48.501493887090071)
((23, 30), 47.555048385020569)
((23, 31), 47.553402400531382)
((23, 32), 53.295110221940448)
((23, 33), 49.774187579632788)
((23, 34), 50.248029186918856)
((23, 35), 50.190578983239007)
((23, 36), 48.985938350366801)
((23, 37), 49.67022266963852)
((23, 38), 47.68634965126185)
((23, 39), 48.597332048525828)
((23, 40), 47.962005617962852)
((23, 41), 51.459446041203222)
((23, 42), 46.175844451219533)
((23, 43), 48.385329133174139)
((23, 44), 48.019266098100431)
((23, 45), 50.751072714951391)
((23, 46), 47.34010171787115)
((23, 47), 48.979298444641884)
((23, 48), 49.081267091451302)
((23, 49), 48.616427191147331)
((23, 50), 47.283095022938284)
((23, 51), 46.403395034183113)
((23, 52), 49.334535801824636)
((23, 53), 47.856036437780254)
((23, 54), 48.297825214351498)
((23, 55), 50.03442816755171)
((23, 56), 50.376500973676187)
((23, 57), 44.184972763784934)
((23, 58), 49.470411167973424)
((23, 59), 49.071764356694544)
((23, 60), 50.824795438324728)
((23, 61), 45.537041215538572)
((23, 62), 47.971340753717868)
((23, 63), 47.762881674793221)
((23, 64), 50.311212303652745)
((23, 65), 51.208764815911408)
((23, 66), 46.710116260915896)
((23, 67), 46.203867720129317)
((23, 68), 50.58816184934679)
((23, 69), 47.166787610505089)
((23, 70), 49.006357027780446)
((23, 71), 51.731987734143573)
((23, 72), 47.340834778506604)
((23, 73), 49.565971230039295)
((23, 74), 49.064540292047482)
((23, 75), 49.094390698511361)
((23, 76), 53.594186967146406)
((23, 77), 45.975966789887707)
((23, 78), 48.145027276324178)
((23, 79), 46.888776576942817)
((23, 80), 52.838501596503406)
((23, 81), 51.974126802744038)
((23, 82), 51.01372974821718)
((23, 83), 49.921999119305084)
((23, 84), 46.464789566665175)
((23, 85), 47.836138220028502)
((23, 86), 48.135931245180309)
((23, 87), 49.335671423842854)
((23, 88), 45.092271383704514)
((23, 89), 50.324299670249474)
((23, 90), 48.807339983926738)
((23, 91), 44.2692565767736)
((23, 92), 51.692878663727079)
((23, 93), 50.680735481593906)
((23, 94), 51.104941701029333)
((23, 95), 50.358088909900331)
((23, 96), 51.376551291287569)
((23, 97), 50.46032820847546)
((23, 98), 51.798095408510363)
((23, 99), 52.80023409404528)
((24, 0), 51.475630338583841)
((24, 1), 51.980090006128492)
((24, 2), 50.098398624317866)
((24, 3), 52.576259250809983)
((24, 4), 53.59990078573388)
((24, 5), 51.67500676968082)
((24, 6), 55.654809884427365)
((24, 7), 54.570513382581161)
((24, 8), 57.998839137112824)
((24, 9), 56.983732475211369)
((24, 10), 49.754857435188647)
((24, 11), 55.688835496157587)
((24, 12), 53.381003431568502)
((24, 13), 50.441928171225015)
((24, 14), 52.112214691603782)
((24, 15), 54.374482212190244)
((24, 16), 54.47598445902166)
((24, 17), 51.038853933878279)
((24, 18), 52.521843206834589)
((24, 19), 52.320312713488207)
((24, 20), 55.374223658055634)
((24, 21), 49.941283687456611)
((24, 22), 50.306227467389121)
((24, 23), 54.728113122243542)
((24, 24), 49.081416100156986)
((24, 25), 50.153201189010666)
((24, 26), 53.593641347387958)
((24, 27), 54.617057431775677)
((24, 28), 53.35482091386541)
((24, 29), 51.502682356883469)
((24, 30), 50.224023170899272)
((24, 31), 51.013343509573176)
((24, 32), 54.850032761183726)
((24, 33), 54.29808275609183)
((24, 34), 54.221147808628821)
((24, 35), 50.908615008712445)
((24, 36), 52.300373287026744)
((24, 37), 49.824382684184528)
((24, 38), 51.619844609927242)
((24, 39), 50.905581451918252)
((24, 40), 51.299594223727311)
((24, 41), 55.59152493460023)
((24, 42), 51.664335509030494)
((24, 43), 53.880384440201681)
((24, 44), 53.527010890262787)
((24, 45), 54.112463324128434)
((24, 46), 49.712942766765579)
((24, 47), 50.830429822382555)
((24, 48), 52.759570544742019)
((24, 49), 52.028710285773037)
((24, 50), 51.944489773698081)
((24, 51), 50.404968604408232)
((24, 52), 53.264639247107525)
((24, 53), 56.339765234616351)
((24, 54), 50.738124858687556)
((24, 55), 54.648500160566812)
((24, 56), 53.344968863361672)
((24, 57), 47.885635810991175)
((24, 58), 54.329045488787912)
((24, 59), 54.35510074089828)
((24, 60), 54.423722338335736)
((24, 61), 50.875711164043835)
((24, 62), 51.78448847142522)
((24, 63), 50.518974218697245)
((24, 64), 54.884228173514117)
((24, 65), 52.462103548362641)
((24, 66), 50.297295281698311)
((24, 67), 48.182349852125512)
((24, 68), 53.818057505025699)
((24, 69), 55.66858165698676)
((24, 70), 53.502563604897759)
((24, 71), 53.935758704772994)
((24, 72), 51.045775245683792)
((24, 73), 55.972397793073227)
((24, 74), 49.236396673422639)
((24, 75), 54.687332381822081)
((24, 76), 54.94478471807745)
((24, 77), 51.030394185953355)
((24, 78), 54.622216434658938)
((24, 79), 48.720167112447584)
((24, 80), 57.827693554030517)
((24, 81), 54.838608330380836)
((24, 82), 52.405858571306283)
((24, 83), 56.943786666320086)
((24, 84), 49.4834452114114)
((24, 85), 52.227043604555377)
((24, 86), 52.163559675047935)
((24, 87), 52.830269547025992)
((24, 88), 47.865670786386026)
((24, 89), 56.876997201057165)
((24, 90), 50.307802696273669)
((24, 91), 48.210660930345639)
((24, 92), 53.626740288999279)
((24, 93), 55.366157101545745)
((24, 94), 55.469508462088129)
((24, 95), 54.359979843974358)
((24, 96), 54.792935573926428)
((24, 97), 55.079798543350755)
((24, 98), 56.872051923488044)
((24, 99), 56.148299902940416)
((25, 0), 50.455886488085156)
((25, 1), 49.467988109422471)
((25, 2), 50.588818741408971)
((25, 3), 50.965714087377201)
((25, 4), 52.225892285218251)
((25, 5), 51.229170260263238)
((25, 6), 53.050403094077652)
((25, 7), 53.044596396643328)
((25, 8), 54.161508493570651)
((25, 9), 55.539551202363718)
((25, 10), 50.297790549771449)
((25, 11), 53.490033268333107)
((25, 12), 50.969316301799253)
((25, 13), 49.426038687565537)
((25, 14), 52.251801885578793)
((25, 15), 52.906639856367661)
((25, 16), 53.283783561083283)
((25, 17), 49.836017789641311)
((25, 18), 52.742737590934226)
((25, 19), 52.301849837829096)
((25, 20), 55.966524417331911)
((25, 21), 51.407212933300968)
((25, 22), 51.328614004466566)
((25, 23), 52.012381702102942)
((25, 24), 50.386075373612641)
((25, 25), 47.840742040793678)
((25, 26), 55.558728074447913)
((25, 27), 52.17118520908528)
((25, 28), 55.467598567603474)
((25, 29), 52.006591046777991)
((25, 30), 51.040536233672086)
((25, 31), 50.754177114768815)
((25, 32), 55.706756540806921)
((25, 33), 52.799405728528342)
((25, 34), 50.999840849170738)
((25, 35), 50.625717860119693)
((25, 36), 52.06762488684285)
((25, 37), 50.051703328241437)
((25, 38), 52.579338507611993)
