(80.0, 91.0, 40.950026839547149)
(80.0, 92.0, 46.036302775778822)
(80.0, 93.0, 45.803652081185291)
(80.0, 94.0, 44.167355384933714)
(80.0, 95.0, 46.884886394065113)
(80.0, 96.0, 45.87969916211587)
(80.0, 97.0, 45.797111898799713)
(80.0, 98.0, 48.084799823451128)
(80.0, 99.0, 45.543482997341201)
(81.0, 0.0, 51.4208885422441)
(81.0, 1.0, 50.95050647943404)
(81.0, 2.0, 51.803660495232705)
(81.0, 3.0, 53.760254566760381)
(81.0, 4.0, 55.370449612277511)
(81.0, 5.0, 54.110429633717608)
(81.0, 6.0, 53.638623132181486)
(81.0, 7.0, 54.911319746745079)
(81.0, 8.0, 56.885053648765371)
(81.0, 9.0, 57.138748967335275)
(81.0, 10.0, 52.436332675076812)
(81.0, 11.0, 57.00338853701161)
(81.0, 12.0, 53.170403599739799)
(81.0, 13.0, 50.748376765408466)
(81.0, 14.0, 52.143547223594481)
(81.0, 15.0, 54.840792159323172)
(81.0, 16.0, 54.337444038853775)
(81.0, 17.0, 53.169212678957415)
(81.0, 18.0, 54.449807037594262)
(81.0, 19.0, 53.908151367197249)
(81.0, 20.0, 57.256285273036191)
(81.0, 21.0, 54.664127099043128)
(81.0, 22.0, 55.257508593657079)
(81.0, 23.0, 53.071253986186974)
(81.0, 24.0, 53.226473785385352)
(81.0, 25.0, 46.984011334499598)
(81.0, 26.0, 56.969951447820051)
(81.0, 27.0, 54.406500356453492)
(81.0, 28.0, 52.51905604723548)
(81.0, 29.0, 53.335635098284826)
(81.0, 30.0, 54.50809169448322)
(81.0, 31.0, 51.351195914871056)
(81.0, 32.0, 58.645858691705072)
(81.0, 33.0, 57.713339971600895)
(81.0, 34.0, 53.609915366776875)
(81.0, 35.0, 52.59172000936033)
(81.0, 36.0, 53.976264181434118)
(81.0, 37.0, 50.71751288327205)
(81.0, 38.0, 52.433649408620653)
(81.0, 39.0, 52.591853777013199)
(81.0, 40.0, 49.899564595853285)
(81.0, 41.0, 54.63885911681745)
(81.0, 42.0, 52.229226840540065)
(81.0, 43.0, 52.591433551822703)
(81.0, 44.0, 53.319629087284881)
(81.0, 45.0, 54.992629476791869)
(81.0, 46.0, 49.001505834265942)
(81.0, 47.0, 52.052716809391463)
(81.0, 48.0, 52.32917722521065)
(81.0, 49.0, 51.470104824780492)
(81.0, 50.0, 51.585514053431204)
(81.0, 51.0, 50.9554920742994)
(81.0, 52.0, 51.298429264623103)
(81.0, 53.0, 54.79162369976121)
(81.0, 54.0, 49.19954816045724)
(81.0, 55.0, 55.867520051671306)
(81.0, 56.0, 53.866615699768339)
(81.0, 57.0, 48.034617667865305)
(81.0, 58.0, 55.017576448831811)
(81.0, 59.0, 53.110090995108919)
(81.0, 60.0, 53.598243283289918)
(81.0, 61.0, 52.28788077608079)
(81.0, 62.0, 54.575209642057956)
(81.0, 63.0, 49.630522172117189)
(81.0, 64.0, 53.170703741220265)
(81.0, 65.0, 52.478883763776665)
(81.0, 66.0, 51.120728008260528)
(81.0, 67.0, 48.423857299320979)
(81.0, 68.0, 56.36479792040528)
(81.0, 69.0, 53.359048094470381)
(81.0, 70.0, 51.201858518640975)
(81.0, 71.0, 54.509954549144368)
(81.0, 72.0, 52.732348628970257)
(81.0, 73.0, 53.94995876030606)
(81.0, 74.0, 53.435383455407347)
(81.0, 75.0, 54.538585439781706)
(81.0, 76.0, 53.947855630301326)
(81.0, 77.0, 52.070251889937119)
(81.0, 78.0, 53.02203030687393)
(81.0, 79.0, 52.607887430546434)
(81.0, 80.0, 56.465192175993934)
(81.0, 81.0, 57.020005696328923)
(81.0, 82.0, 53.763585571220261)
(81.0, 83.0, 53.604326924492995)
(81.0, 84.0, 52.722284232395182)
(81.0, 85.0, 52.007899959517047)
(81.0, 86.0, 52.820675154668017)
(81.0, 87.0, 52.983353460309374)
(81.0, 88.0, 48.703373917608324)
(81.0, 89.0, 56.078738425876246)
(81.0, 90.0, 51.73775021061175)
(81.0, 91.0, 49.546045467679782)
(81.0, 92.0, 54.88986486128595)
(81.0, 93.0, 55.741296652353697)
(81.0, 94.0, 56.212604456388313)
(81.0, 95.0, 54.648028909897093)
(81.0, 96.0, 54.992049725294841)
(81.0, 97.0, 54.794632812309828)
(81.0, 98.0, 56.899089744515393)
(81.0, 99.0, 54.430059575635852)
(82.0, 0.0, 50.638929689067574)
(82.0, 1.0, 50.774333405922405)
(82.0, 2.0, 50.40774931090963)
(82.0, 3.0, 53.750082976734049)
(82.0, 4.0, 55.549036437762616)
(82.0, 5.0, 54.123156847619093)
(82.0, 6.0, 57.525690834895059)
(82.0, 7.0, 56.210437318571834)
(82.0, 8.0, 56.04093846242035)
(82.0, 9.0, 55.446526844018365)
(82.0, 10.0, 53.24544037349883)
(82.0, 11.0, 54.918717747414448)
(82.0, 12.0, 53.836082583511384)
(82.0, 13.0, 51.634483821488416)
(82.0, 14.0, 51.288666362975064)
(82.0, 15.0, 52.597624274086087)
(82.0, 16.0, 51.408060222294083)
(82.0, 17.0, 50.979449947052657)
(82.0, 18.0, 55.914343236953812)
(82.0, 19.0, 54.361493740173941)
(82.0, 20.0, 57.534354404278318)
(82.0, 21.0, 50.143057060703555)
(82.0, 22.0, 52.10304511486212)
(82.0, 23.0, 56.216888556062152)
(82.0, 24.0, 51.796587487077723)
(82.0, 25.0, 46.778008493725167)
(82.0, 26.0, 56.254913606559043)
(82.0, 27.0, 55.709663441588795)
(82.0, 28.0, 54.393741458943438)
(82.0, 29.0, 50.173689639555121)
(82.0, 30.0, 51.960010688907047)
(82.0, 31.0, 51.927141618633968)
(82.0, 32.0, 55.371905792561009)
(82.0, 33.0, 54.753536890604565)
(82.0, 34.0, 53.917350323147176)
(82.0, 35.0, 51.428399564777749)
(82.0, 36.0, 51.803627976809992)
(82.0, 37.0, 51.009474090742366)
(82.0, 38.0, 52.062467586765607)
(82.0, 39.0, 51.577767066084959)
(82.0, 40.0, 50.311035809110415)
(82.0, 41.0, 55.689092187111321)
(82.0, 42.0, 55.10037755360738)
(82.0, 43.0, 51.763758122561654)
(82.0, 44.0, 52.844803515312094)
(82.0, 45.0, 54.984368951355123)
(82.0, 46.0, 49.632780940347843)
(82.0, 47.0, 49.795355053471823)
(82.0, 48.0, 52.215359537286368)
(82.0, 49.0, 51.307176712050683)
(82.0, 50.0, 49.790751520552149)
(82.0, 51.0, 50.378502357584409)
(82.0, 52.0, 52.893614185407145)
(82.0, 53.0, 53.999815310644649)
(82.0, 54.0, 46.899796988235963)
(82.0, 55.0, 54.429100477206603)
(82.0, 56.0, 51.949570562422089)
(82.0, 57.0, 48.253902473606715)
(82.0, 58.0, 52.379285836337097)
(82.0, 59.0, 55.466653047597291)
(82.0, 60.0, 53.822347478204932)
(82.0, 61.0, 50.774092409370468)
(82.0, 62.0, 50.983238585499983)
(82.0, 63.0, 47.904271611658174)
(82.0, 64.0, 54.53015307698886)
(82.0, 65.0, 53.327194369640928)
(82.0, 66.0, 51.340765109239655)
(82.0, 67.0, 48.615682709121671)
(82.0, 68.0, 55.919926806903213)
(82.0, 69.0, 52.365395913987939)
(82.0, 70.0, 50.294855989543578)
(82.0, 71.0, 55.238091969368156)
(82.0, 72.0, 54.171474371518698)
(82.0, 73.0, 52.880876442220753)
(82.0, 74.0, 50.907263690317357)
(82.0, 75.0, 51.890134216306095)
(82.0, 76.0, 54.307127036919965)
(82.0, 77.0, 49.637041848223383)
(82.0, 78.0, 51.988771423306822)
(82.0, 79.0, 49.883316599264553)
(82.0, 80.0, 56.943461639770803)
(82.0, 81.0, 56.759059277802656)
(82.0, 82.0, 53.66889249943965)
(82.0, 83.0, 51.993168807765606)
(82.0, 84.0, 50.691174151824697)
(82.0, 85.0, 50.663088573857706)
(82.0, 86.0, 52.211808414101341)
(82.0, 87.0, 52.115625527916876)
(82.0, 88.0, 48.698742735761982)
(82.0, 89.0, 55.996133192287076)
(82.0, 90.0, 53.18666427519846)
(82.0, 91.0, 47.507071146428565)
(82.0, 92.0, 55.36262250309646)
(82.0, 93.0, 53.598785743087895)
(82.0, 94.0, 54.039275398515748)
(82.0, 95.0, 52.221724886788735)
(82.0, 96.0, 55.058703300359426)
(82.0, 97.0, 54.898911535155719)
(82.0, 98.0, 55.779456029942864)
(82.0, 99.0, 54.908821981481367)
(83.0, 0.0, 52.516350556077754)
(83.0, 1.0, 50.454601111376221)
(83.0, 2.0, 49.569707633697369)
(83.0, 3.0, 50.470535831117374)
(83.0, 4.0, 51.29577696352527)
(83.0, 5.0, 49.959006096874226)
(83.0, 6.0, 53.373233202821709)
(83.0, 7.0, 52.78012916711485)
(83.0, 8.0, 53.132447772387636)
(83.0, 9.0, 57.171207704776613)
(83.0, 10.0, 50.945869007294064)
(83.0, 11.0, 52.712009372171913)
(83.0, 12.0, 51.810026232087409)
(83.0, 13.0, 49.845982702303871)
(83.0, 14.0, 49.503948419979913)
(83.0, 15.0, 55.366384423138399)
(83.0, 16.0, 52.962227162235834)
(83.0, 17.0, 51.594600344374491)
(83.0, 18.0, 53.978114206172137)
(83.0, 19.0, 53.784367414260203)
(83.0, 20.0, 54.311979157005013)
(83.0, 21.0, 51.077799981392673)
(83.0, 22.0, 49.012561558987073)
(83.0, 23.0, 51.923515994691044)
(83.0, 24.0, 51.457221080611419)
(83.0, 25.0, 45.786761747844508)
(83.0, 26.0, 52.79403361827211)
(83.0, 27.0, 52.591560069166007)
(83.0, 28.0, 53.812519862595835)
(83.0, 29.0, 49.440176161683326)
(83.0, 30.0, 50.81658035626139)
(83.0, 31.0, 50.900476548202178)
(83.0, 32.0, 57.023244420817825)
(83.0, 33.0, 52.844754114411103)
(83.0, 34.0, 52.836463144689503)
(83.0, 35.0, 51.865350505757036)
(83.0, 36.0, 51.419394361028381)
(83.0, 37.0, 48.985766383196548)
(83.0, 38.0, 48.140732987681531)
(83.0, 39.0, 53.27415745391319)
(83.0, 40.0, 48.941428407446793)
(83.0, 41.0, 52.938021698620531)
(83.0, 42.0, 50.285887500769505)
(83.0, 43.0, 51.353775175339024)
(83.0, 44.0, 52.531431121467278)
(83.0, 45.0, 53.463082246545824)
(83.0, 46.0, 47.57533293780989)
(83.0, 47.0, 48.823449627349625)
(83.0, 48.0, 47.70723329122697)
(83.0, 49.0, 50.012742114341464)
(83.0, 50.0, 50.708273209662416)
(83.0, 51.0, 48.20551228317165)
(83.0, 52.0, 49.43398440415335)
(83.0, 53.0, 53.948188287564548)
(83.0, 54.0, 48.199150928062835)
(83.0, 55.0, 50.554099709674922)
(83.0, 56.0, 50.878245984619802)
(83.0, 57.0, 48.863923619094322)
(83.0, 58.0, 53.896929092919208)
(83.0, 59.0, 51.852657072309299)
(83.0, 60.0, 54.552043006418884)
(83.0, 61.0, 49.633054281154635)
(83.0, 62.0, 52.310306556776823)
(83.0, 63.0, 48.264751142099342)
(83.0, 64.0, 52.498011301319465)
(83.0, 65.0, 51.742909403657251)
(83.0, 66.0, 49.903883480193571)
(83.0, 67.0, 46.696761064091341)
(83.0, 68.0, 53.533935473507697)
(83.0, 69.0, 53.422399117410365)
(83.0, 70.0, 49.587113710214105)
(83.0, 71.0, 53.223977369270699)
(83.0, 72.0, 51.303425628910432)
(83.0, 73.0, 52.041372483428589)
(83.0, 74.0, 50.218452525123723)
(83.0, 75.0, 53.242948945392534)
(83.0, 76.0, 54.520152065220358)
(83.0, 77.0, 48.722765897353881)
(83.0, 78.0, 51.472421462139785)
(83.0, 79.0, 49.958755888457048)
(83.0, 80.0, 55.467153519331859)
(83.0, 81.0, 53.018089009971888)
(83.0, 82.0, 51.999446493428742)
(83.0, 83.0, 53.017243286727293)
(83.0, 84.0, 48.181676857938804)
(83.0, 85.0, 49.089129092230003)
(83.0, 86.0, 52.711588920797219)
(83.0, 87.0, 51.949831123422754)
(83.0, 88.0, 47.441457747448752)
(83.0, 89.0, 54.974304656412102)
(83.0, 90.0, 50.220943057565279)
(83.0, 91.0, 47.761718454507147)
(83.0, 92.0, 53.755600484801469)
(83.0, 93.0, 52.669614158594932)
(83.0, 94.0, 53.751606799497807)
(83.0, 95.0, 50.312141614548672)
(83.0, 96.0, 52.685927146935384)
(83.0, 97.0, 54.057215124289556)
(83.0, 98.0, 54.255000539460937)
(83.0, 99.0, 54.716175274960264)
(84.0, 0.0, 49.525966814237265)
(84.0, 1.0, 46.9631596601008)
(84.0, 2.0, 46.461041336502703)
(84.0, 3.0, 48.212870908559871)
(84.0, 4.0, 49.782644045166506)
(84.0, 5.0, 47.962112618772238)
(84.0, 6.0, 50.499245392742971)
(84.0, 7.0, 49.960159277157132)
(84.0, 8.0, 53.502849622174196)
(84.0, 9.0, 52.037540603703533)
(84.0, 10.0, 49.058088372911598)
(84.0, 11.0, 50.160256651602673)
(84.0, 12.0, 48.50890784735131)
(84.0, 13.0, 43.56181675144741)
(84.0, 14.0, 45.971657908319358)
(84.0, 15.0, 50.39713721454487)
(84.0, 16.0, 48.525163564953139)
(84.0, 17.0, 47.836530134112259)
(84.0, 18.0, 50.971894592597039)
(84.0, 19.0, 50.01749991097364)
(84.0, 20.0, 52.485683595822849)
(84.0, 21.0, 46.383267849124302)
(84.0, 22.0, 49.333870037962981)
(84.0, 23.0, 49.104724862465297)
(84.0, 24.0, 49.739639779358214)
(84.0, 25.0, 43.311033937527299)
(84.0, 26.0, 48.511458319854583)
(84.0, 27.0, 48.231466584839872)
(84.0, 28.0, 49.232845855531728)
(84.0, 29.0, 47.184066304954243)
(84.0, 30.0, 49.049515662114189)
(84.0, 31.0, 48.643053247241482)
(84.0, 32.0, 53.129388606089634)
(84.0, 33.0, 50.008294990832752)
(84.0, 34.0, 51.251981825989034)
(84.0, 35.0, 48.528917492160808)
(84.0, 36.0, 45.939032487199036)
(84.0, 37.0, 45.964083570595577)
(84.0, 38.0, 46.967140128367603)
(84.0, 39.0, 47.188232932006763)
(84.0, 40.0, 45.631393339560219)
(84.0, 41.0, 50.959140690726073)
(84.0, 42.0, 47.808518973187674)
(84.0, 43.0, 47.489230057986838)
(84.0, 44.0, 46.779127288292287)
(84.0, 45.0, 49.897447602939387)
(84.0, 46.0, 44.763034622486316)
(84.0, 47.0, 46.476224436547867)
(84.0, 48.0, 47.601273374507244)
(84.0, 49.0, 48.818932476488598)
(84.0, 50.0, 46.716209261320387)
(84.0, 51.0, 47.5172665800266)
(84.0, 52.0, 46.958762406473035)
(84.0, 53.0, 51.254271827784493)
(84.0, 54.0, 46.885047315320094)
(84.0, 55.0, 49.68767654052342)
(84.0, 56.0, 49.157666263771489)
(84.0, 57.0, 47.544412222818991)
(84.0, 58.0, 50.993941628445775)
(84.0, 59.0, 49.532682738779251)
(84.0, 60.0, 49.753288170918935)
(84.0, 61.0, 48.158039054716568)
(84.0, 62.0, 48.92598379046386)
(84.0, 63.0, 45.8735005738545)
(84.0, 64.0, 52.536334422251933)
(84.0, 65.0, 48.277166847105477)
(84.0, 66.0, 44.682045868011897)
(84.0, 67.0, 44.634590465515515)
(84.0, 68.0, 50.896603810018469)
(84.0, 69.0, 47.715934855801535)
(84.0, 70.0, 48.337168614146528)
(84.0, 71.0, 52.890929545679839)
(84.0, 72.0, 49.289135872224193)
(84.0, 73.0, 48.078078635201081)
(84.0, 74.0, 45.635145585550077)
(84.0, 75.0, 48.424873134616384)
(84.0, 76.0, 49.861896017024783)
(84.0, 77.0, 46.944896560493305)
(84.0, 78.0, 50.338449657880183)
(84.0, 79.0, 45.969736540031874)
(84.0, 80.0, 53.837542704285518)
(84.0, 81.0, 52.676048648342693)
(84.0, 82.0, 49.855393138763773)
(84.0, 83.0, 48.64671806933157)
(84.0, 84.0, 46.855063565690678)
(84.0, 85.0, 46.088593334518976)
(84.0, 86.0, 47.9237970621964)
(84.0, 87.0, 49.799037814330312)
(84.0, 88.0, 43.634932234520576)
(84.0, 89.0, 50.798084154867013)
(84.0, 90.0, 47.76400093882976)
(84.0, 91.0, 45.457178454353084)
(84.0, 92.0, 50.337452643015062)
(84.0, 93.0, 49.180454542011958)
(84.0, 94.0, 50.048124586423583)
(84.0, 95.0, 51.208500292536243)
(84.0, 96.0, 51.403352786437203)
(84.0, 97.0, 50.644818558031474)
(84.0, 98.0, 52.644009224266171)
(84.0, 99.0, 50.591225258447949)
(85.0, 0.0, 47.242444227993609)
(85.0, 1.0, 49.456972346347072)
(85.0, 2.0, 47.573246095859318)
(85.0, 3.0, 48.999103532395424)
(85.0, 4.0, 48.623474520590463)
(85.0, 5.0, 48.24980298666383)
(85.0, 6.0, 51.110498485410666)
(85.0, 7.0, 51.456896913745624)
(85.0, 8.0, 53.755026028769443)
(85.0, 9.0, 51.406916564083907)
(85.0, 10.0, 47.689136292137057)
(85.0, 11.0, 51.013107839598774)
(85.0, 12.0, 50.114599953651322)
(85.0, 13.0, 47.034616750712516)
(85.0, 14.0, 46.279207229422283)
(85.0, 15.0, 48.174911635734048)
(85.0, 16.0, 48.844184194753552)
(85.0, 17.0, 49.225310984326683)
(85.0, 18.0, 49.275007745905768)
(85.0, 19.0, 50.021409106431946)
(85.0, 20.0, 53.888515594770894)
(85.0, 21.0, 47.725620867505768)
(85.0, 22.0, 49.148554502103714)
(85.0, 23.0, 50.341902013638432)
(85.0, 24.0, 48.724192491665029)
(85.0, 25.0, 45.461762550700996)
(85.0, 26.0, 50.781203964505153)
(85.0, 27.0, 49.231717131839559)
(85.0, 28.0, 51.238673957585576)
(85.0, 29.0, 48.476806657042921)
(85.0, 30.0, 49.125946425839125)
(85.0, 31.0, 47.555279933302572)
(85.0, 32.0, 52.167887742529089)
(85.0, 33.0, 48.48427922755468)
(85.0, 34.0, 50.065293094809604)
(85.0, 35.0, 47.887863357963909)
(85.0, 36.0, 50.490722754233325)
(85.0, 37.0, 46.328439612716217)
(85.0, 38.0, 48.790343847026719)
(85.0, 39.0, 47.552293097013028)
(85.0, 40.0, 48.98310286639817)
(85.0, 41.0, 51.362349882264112)
(85.0, 42.0, 48.301512971096905)
(85.0, 43.0, 48.982990976594166)
(85.0, 44.0, 49.057819500236285)
(85.0, 45.0, 49.665495678715601)
(85.0, 46.0, 46.369267066199114)
(85.0, 47.0, 48.214276922267921)
(85.0, 48.0, 49.208210143130572)
(85.0, 49.0, 48.955857529178147)
(85.0, 50.0, 46.842207136208842)
(85.0, 51.0, 45.710714515515228)
(85.0, 52.0, 47.7213600510959)
(85.0, 53.0, 48.321632621558521)
(85.0, 54.0, 49.190056570554226)
(85.0, 55.0, 49.918676489363378)
(85.0, 56.0, 48.946965003763339)
(85.0, 57.0, 44.842516170961062)
(85.0, 58.0, 49.278969676811805)
(85.0, 59.0, 49.360510077134606)
(85.0, 60.0, 51.863584978689175)
(85.0, 61.0, 46.797263400812895)
(85.0, 62.0, 48.50544288605964)
(85.0, 63.0, 45.46423633887234)
(85.0, 64.0, 51.166747870238481)
(85.0, 65.0, 48.95371734880932)
(85.0, 66.0, 46.495860077085496)
(85.0, 67.0, 46.219980449751226)
(85.0, 68.0, 51.841793835442651)
(85.0, 69.0, 49.577112854089833)
(85.0, 70.0, 48.885031284065533)
(85.0, 71.0, 52.116458410795744)
(85.0, 72.0, 50.683782569885146)
(85.0, 73.0, 49.487766812768811)
(85.0, 74.0, 49.089524517142848)
(85.0, 75.0, 50.160413929520175)
(85.0, 76.0, 50.595765667290117)
(85.0, 77.0, 46.641373688217016)
(85.0, 78.0, 48.661479679625003)
(85.0, 79.0, 46.318616293825343)
(85.0, 80.0, 53.553329611767737)
(85.0, 81.0, 50.76157681818988)
(85.0, 82.0, 50.728752551778278)
(85.0, 83.0, 49.040074988003546)
(85.0, 84.0, 47.923857910367637)
(85.0, 85.0, 46.635235713298236)
(85.0, 86.0, 48.39411606573244)
(85.0, 87.0, 49.998363368815745)
(85.0, 88.0, 47.271679128534053)
(85.0, 89.0, 52.040684069602605)
(85.0, 90.0, 47.065684186980377)
(85.0, 91.0, 46.032824610216323)
(85.0, 92.0, 50.818068764521321)
(85.0, 93.0, 51.466707570113471)
(85.0, 94.0, 52.133197549032445)
(85.0, 95.0, 50.07877294475945)
(85.0, 96.0, 51.355761250813259)
(85.0, 97.0, 50.771006437844989)
(85.0, 98.0, 52.143052498481254)
(85.0, 99.0, 52.242441623613956)
(86.0, 0.0, 48.482658364016885)
(86.0, 1.0, 49.941258055245612)
(86.0, 2.0, 49.518926176944525)
(86.0, 3.0, 51.549463740430255)
(86.0, 4.0, 50.943238870357106)
(86.0, 5.0, 50.171760768405186)
(86.0, 6.0, 53.390786717570151)
(86.0, 7.0, 52.993904553963532)
(86.0, 8.0, 53.736746842267408)
(86.0, 9.0, 55.2446147497552)
(86.0, 10.0, 51.714639974135935)
(86.0, 11.0, 51.233533360140299)
(86.0, 12.0, 50.917418322510187)
(86.0, 13.0, 47.673169559325771)
(86.0, 14.0, 47.836426342650839)
(86.0, 15.0, 50.92566313536507)
(86.0, 16.0, 50.919335496815677)
(86.0, 17.0, 48.058035690877816)
(86.0, 18.0, 52.85694773258038)
(86.0, 19.0, 52.521615374762241)
(86.0, 20.0, 55.583668773582119)
(86.0, 21.0, 48.640036542547548)
(86.0, 22.0, 49.578254140191746)
(86.0, 23.0, 51.424222139349794)
(86.0, 24.0, 51.406650042761513)
(86.0, 25.0, 45.869024630243544)
(86.0, 26.0, 51.234751195653644)
(86.0, 27.0, 49.897723340271554)
(86.0, 28.0, 51.6276732341992)
(86.0, 29.0, 49.744571061052199)
(86.0, 30.0, 50.10550395072358)
(86.0, 31.0, 51.511894378636889)
(86.0, 32.0, 55.104685669262196)
(86.0, 33.0, 51.106308046775325)
(86.0, 34.0, 50.756576302879822)
(86.0, 35.0, 49.271139002644972)
(86.0, 36.0, 48.826071309341081)
(86.0, 37.0, 48.024681372201584)
(86.0, 38.0, 50.10337685266299)
(86.0, 39.0, 49.270523259692659)
(86.0, 40.0, 46.729137195467189)
(86.0, 41.0, 52.227972998734259)
(86.0, 42.0, 48.996500251106887)
(86.0, 43.0, 48.921456396292214)
(86.0, 44.0, 50.029629984582087)
(86.0, 45.0, 51.858500035535108)
(86.0, 46.0, 45.510046322925803)
(86.0, 47.0, 48.723305940342968)
(86.0, 48.0, 48.018273149534522)
(86.0, 49.0, 51.235993807837446)
(86.0, 50.0, 47.697228624730393)
(86.0, 51.0, 48.344193299740596)
(86.0, 52.0, 49.529693615313249)
(86.0, 53.0, 53.270562200708731)
(86.0, 54.0, 50.139448595630007)
(86.0, 55.0, 51.175089647998632)
(86.0, 56.0, 50.056184887671506)
(86.0, 57.0, 46.136580092416622)
(86.0, 58.0, 50.194219811955648)
(86.0, 59.0, 50.564813780277817)
(86.0, 60.0, 51.823071290801664)
(86.0, 61.0, 47.823374533229838)
(86.0, 62.0, 49.321483076396092)
(86.0, 63.0, 48.334264722667669)
(86.0, 64.0, 52.441055238986166)
(86.0, 65.0, 50.153724539113554)
(86.0, 66.0, 47.356079981732904)
(86.0, 67.0, 44.525391499638282)
(86.0, 68.0, 52.185982849023866)
(86.0, 69.0, 49.013152249791709)
(86.0, 70.0, 49.6270775789041)
(86.0, 71.0, 53.029347468995702)
(86.0, 72.0, 48.488940755102519)
(86.0, 73.0, 52.839856879348019)
(86.0, 74.0, 48.089914772159077)
(86.0, 75.0, 51.067284871882705)
(86.0, 76.0, 54.550914630361056)
(86.0, 77.0, 47.301519040023145)
(86.0, 78.0, 50.127249553276059)
(86.0, 79.0, 48.685483406495294)
(86.0, 80.0, 53.360195635068877)
(86.0, 81.0, 52.978608978707911)
(86.0, 82.0, 53.259168542673635)
(86.0, 83.0, 51.211157060759113)
(86.0, 84.0, 48.391862240935254)
(86.0, 85.0, 43.891997434048534)
(86.0, 86.0, 49.67839132011801)
(86.0, 87.0, 51.044041401003028)
(86.0, 88.0, 49.329620184456502)
(86.0, 89.0, 53.996248573781074)
(86.0, 90.0, 50.713164548641359)
(86.0, 91.0, 44.912638277489982)
(86.0, 92.0, 52.773080096384447)
(86.0, 93.0, 50.276247949191934)
(86.0, 94.0, 52.000300927464657)
(86.0, 95.0, 53.935552622158681)
(86.0, 96.0, 54.182130421501029)
(86.0, 97.0, 52.07650486757781)
(86.0, 98.0, 52.41773009760869)
(86.0, 99.0, 54.178908476630141)
(87.0, 0.0, 50.451864483692923)
(87.0, 1.0, 49.579776593607711)
(87.0, 2.0, 50.045826523621443)
(87.0, 3.0, 52.789338599478569)
(87.0, 4.0, 52.41241791159662)
(87.0, 5.0, 52.625962333842381)
(87.0, 6.0, 53.206142937259507)
(87.0, 7.0, 52.358051831254905)
(87.0, 8.0, 54.00525238738328)
(87.0, 9.0, 52.76358040128008)
(87.0, 10.0, 52.136550762355142)
(87.0, 11.0, 54.933592372850455)
(87.0, 12.0, 52.829108567154421)
(87.0, 13.0, 49.785023638207491)
(87.0, 14.0, 51.548468140426223)
(87.0, 15.0, 51.57019769883884)
(87.0, 16.0, 54.375103671850141)
(87.0, 17.0, 51.001879516628264)
(87.0, 18.0, 52.192417455512143)
(87.0, 19.0, 54.172956681497737)
(87.0, 20.0, 56.101548526615495)
(87.0, 21.0, 48.428540239965038)
(87.0, 22.0, 50.316528597347741)
(87.0, 23.0, 54.077235762178113)
(87.0, 24.0, 48.424272488440067)
(87.0, 25.0, 47.040944954699498)
(87.0, 26.0, 54.462430478768674)
(87.0, 27.0, 53.565373659057471)
(87.0, 28.0, 53.870570169546767)
(87.0, 29.0, 51.905867888135745)
(87.0, 30.0, 49.530856096577175)
(87.0, 31.0, 50.397354414843704)
(87.0, 32.0, 56.10198790374249)
