(46.0, 76.0, 50.979950450012183)
(46.0, 77.0, 49.122217709872452)
(46.0, 78.0, 50.891843549325969)
(46.0, 79.0, 45.679722146075619)
(46.0, 80.0, 53.718362076826992)
(46.0, 81.0, 51.944175070834405)
(46.0, 82.0, 47.753008010290834)
(46.0, 83.0, 50.493285758275583)
(46.0, 84.0, 45.917547733008007)
(46.0, 85.0, 48.122407431518013)
(46.0, 86.0, 47.805002723956363)
(46.0, 87.0, 48.312422966135443)
(46.0, 88.0, 44.811193667897342)
(46.0, 89.0, 51.317741184005172)
(46.0, 90.0, 49.085102244271852)
(46.0, 91.0, 46.02081486639814)
(46.0, 92.0, 49.885514924399502)
(46.0, 93.0, 49.41434257462393)
(46.0, 94.0, 50.499667873301455)
(46.0, 95.0, 48.637103623479163)
(46.0, 96.0, 50.561518953524093)
(46.0, 97.0, 49.901829087134203)
(46.0, 98.0, 50.557976415044578)
(46.0, 99.0, 49.292960866057442)
(47.0, 0.0, 47.815382985864282)
(47.0, 1.0, 46.875195263714858)
(47.0, 2.0, 47.179887326902119)
(47.0, 3.0, 49.729739720930311)
(47.0, 4.0, 50.909357371486074)
(47.0, 5.0, 49.094943412806877)
(47.0, 6.0, 52.041008818003775)
(47.0, 7.0, 48.461649782951795)
(47.0, 8.0, 52.334077419150091)
(47.0, 9.0, 56.451271741224119)
(47.0, 10.0, 47.52520108981853)
(47.0, 11.0, 54.541706964467537)
(47.0, 12.0, 49.480139108260019)
(47.0, 13.0, 47.165934601390489)
(47.0, 14.0, 47.255671465860097)
(47.0, 15.0, 50.262918498480957)
(47.0, 16.0, 49.655412747576065)
(47.0, 17.0, 48.034357238007573)
(47.0, 18.0, 50.008437267544153)
(47.0, 19.0, 52.873021755628599)
(47.0, 20.0, 51.882630789950007)
(47.0, 21.0, 49.131595183391298)
(47.0, 22.0, 50.468714231823554)
(47.0, 23.0, 49.924891766689761)
(47.0, 24.0, 49.217506160001307)
(47.0, 25.0, 44.314892056729406)
(47.0, 26.0, 53.159318499441625)
(47.0, 27.0, 50.756388669571621)
(47.0, 28.0, 52.440010742053403)
(47.0, 29.0, 50.260725765638448)
(47.0, 30.0, 50.293293276505899)
(47.0, 31.0, 47.503986589662411)
(47.0, 32.0, 55.22287502673457)
(47.0, 33.0, 52.211213675359431)
(47.0, 34.0, 51.359058968931159)
(47.0, 35.0, 50.264212011412511)
(47.0, 36.0, 50.105778028762757)
(47.0, 37.0, 47.302199903220711)
(47.0, 38.0, 49.994919610596938)
(47.0, 39.0, 50.591955344371613)
(47.0, 40.0, 48.145951296773838)
(47.0, 41.0, 50.580827392177063)
(47.0, 42.0, 47.800164695275654)
(47.0, 43.0, 49.687109732968338)
(47.0, 44.0, 50.085180066755115)
(47.0, 45.0, 52.19601488356826)
(47.0, 46.0, 46.833419738077367)
(47.0, 47.0, 48.11137854457472)
(47.0, 48.0, 48.42513331629533)
(47.0, 49.0, 45.206015434067112)
(47.0, 50.0, 48.864928421706068)
(47.0, 51.0, 47.918476975584568)
(47.0, 52.0, 48.977177680580795)
(47.0, 53.0, 51.655054712762912)
(47.0, 54.0, 47.983380153612167)
(47.0, 55.0, 51.023854414260555)
(47.0, 56.0, 48.753310083740374)
(47.0, 57.0, 44.718242409072616)
(47.0, 58.0, 51.625010502581766)
(47.0, 59.0, 50.588138220195454)
(47.0, 60.0, 51.080841173369947)
(47.0, 61.0, 48.070320488977757)
(47.0, 62.0, 50.04445720819399)
(47.0, 63.0, 46.615168384557123)
(47.0, 64.0, 52.092951014269147)
(47.0, 65.0, 50.863919300170522)
(47.0, 66.0, 49.060995998721808)
(47.0, 67.0, 45.289827937527185)
(47.0, 68.0, 51.651676176663429)
(47.0, 69.0, 50.894253294174256)
(47.0, 70.0, 49.191113174587969)
(47.0, 71.0, 51.754994894138825)
(47.0, 72.0, 50.692188415363454)
(47.0, 73.0, 52.613044206627805)
(47.0, 74.0, 48.472887668564297)
(47.0, 75.0, 51.579548724689488)
(47.0, 76.0, 50.669895235117181)
(47.0, 77.0, 49.428825793784213)
(47.0, 78.0, 49.869373022039241)
(47.0, 79.0, 45.492129573426617)
(47.0, 80.0, 53.258058955531965)
(47.0, 81.0, 51.218076544747042)
(47.0, 82.0, 49.809805102467422)
(47.0, 83.0, 51.024798731726406)
(47.0, 84.0, 49.120142212675297)
(47.0, 85.0, 48.179664703031975)
(47.0, 86.0, 48.180592874382711)
(47.0, 87.0, 49.641169174196833)
(47.0, 88.0, 48.194740992462286)
(47.0, 89.0, 52.557987763585245)
(47.0, 90.0, 49.257534039115043)
(47.0, 91.0, 45.873478613881034)
(47.0, 92.0, 50.310548895594621)
(47.0, 93.0, 54.003060953007051)
(47.0, 94.0, 51.81944602010622)
(47.0, 95.0, 52.529186283861122)
(47.0, 96.0, 51.568454601687804)
(47.0, 97.0, 51.43754180334917)
(47.0, 98.0, 52.737276526524397)
(47.0, 99.0, 52.74516295537682)
(48.0, 0.0, 47.479399604140873)
(48.0, 1.0, 45.973788892475078)
(48.0, 2.0, 47.039991333243933)
(48.0, 3.0, 46.556920184469234)
(48.0, 4.0, 45.969625512195506)
(48.0, 5.0, 47.116813455175134)
(48.0, 6.0, 50.151055119241519)
(48.0, 7.0, 49.842991859720641)
(48.0, 8.0, 53.118435747789704)
(48.0, 9.0, 51.579577821460809)
(48.0, 10.0, 48.179622960843204)
(48.0, 11.0, 51.190798370771944)
(48.0, 12.0, 47.74857679680261)
(48.0, 13.0, 45.052910061486216)
(48.0, 14.0, 45.434995264595642)
(48.0, 15.0, 52.322867887009018)
(48.0, 16.0, 47.883087090954746)
(48.0, 17.0, 47.026007011365365)
(48.0, 18.0, 48.646971923638191)
(48.0, 19.0, 49.783301303776085)
(48.0, 20.0, 51.08712295646049)
(48.0, 21.0, 43.178652875545382)
(48.0, 22.0, 48.573078076089075)
(48.0, 23.0, 49.326476719469156)
(48.0, 24.0, 47.283375470132796)
(48.0, 25.0, 43.830394444682767)
(48.0, 26.0, 47.850963297634749)
(48.0, 27.0, 47.587007074474705)
(48.0, 28.0, 48.356792691222608)
(48.0, 29.0, 49.061960857582434)
(48.0, 30.0, 48.47824658846254)
(48.0, 31.0, 45.458471895328053)
(48.0, 32.0, 50.593771234723164)
(48.0, 33.0, 48.804176665745345)
(48.0, 34.0, 48.911426838482392)
(48.0, 35.0, 48.087468527958706)
(48.0, 36.0, 47.550002123985337)
(48.0, 37.0, 47.489441815338111)
(48.0, 38.0, 47.076638938461315)
(48.0, 39.0, 45.352256536968852)
(48.0, 40.0, 47.581727873059151)
(48.0, 41.0, 49.745347808274978)
(48.0, 42.0, 46.867394467781409)
(48.0, 43.0, 46.032953888835529)
(48.0, 44.0, 47.962108703678666)
(48.0, 45.0, 48.348514021906723)
(48.0, 46.0, 44.641505223354052)
(48.0, 47.0, 46.202141332089369)
(48.0, 48.0, 48.361440305637963)
(48.0, 49.0, 48.797382449325362)
(48.0, 50.0, 45.971598841966696)
(48.0, 51.0, 47.354498994702737)
(48.0, 52.0, 46.512752006246231)
(48.0, 53.0, 48.775276433739883)
(48.0, 54.0, 44.618089920447289)
(48.0, 55.0, 46.960018247786557)
(48.0, 56.0, 48.625378830578484)
(48.0, 57.0, 46.252967504855079)
(48.0, 58.0, 46.906567937296387)
(48.0, 59.0, 48.865188984734175)
(48.0, 60.0, 50.975094645207776)
(48.0, 61.0, 48.07504915531392)
(48.0, 62.0, 47.442791746985549)
(48.0, 63.0, 43.355585149929972)
(48.0, 64.0, 51.652662314317382)
(48.0, 65.0, 48.372307803326947)
(48.0, 66.0, 46.191103171694934)
(48.0, 67.0, 44.940034149873668)
(48.0, 68.0, 50.609792081361931)
(48.0, 69.0, 46.341544133949078)
(48.0, 70.0, 47.218165998958369)
(48.0, 71.0, 47.905185410121391)
(48.0, 72.0, 47.946230808919111)
(48.0, 73.0, 50.637149309886482)
(48.0, 74.0, 45.894399451393326)
(48.0, 75.0, 48.915671556982893)
(48.0, 76.0, 47.86317857281314)
(48.0, 77.0, 47.190849977502481)
(48.0, 78.0, 49.725842033815539)
(48.0, 79.0, 44.462131540250553)
(48.0, 80.0, 53.756277207524121)
(48.0, 81.0, 47.707417591964266)
(48.0, 82.0, 48.757370401289236)
(48.0, 83.0, 49.247866731067163)
(48.0, 84.0, 47.155119636273447)
(48.0, 85.0, 46.478598520190232)
(48.0, 86.0, 46.456900177558744)
(48.0, 87.0, 47.657240938315049)
(48.0, 88.0, 43.150285945834305)
(48.0, 89.0, 50.931365009336503)
(48.0, 90.0, 48.089280419589684)
(48.0, 91.0, 43.147154052864849)
(48.0, 92.0, 49.396519867608546)
(48.0, 93.0, 49.952168270447167)
(48.0, 94.0, 51.433700399347487)
(48.0, 95.0, 49.748214154067142)
(48.0, 96.0, 50.411173601909063)
(48.0, 97.0, 50.137888923852422)
(48.0, 98.0, 53.340365523453791)
(48.0, 99.0, 49.422041834606688)
(49.0, 0.0, 48.915532930235052)
(49.0, 1.0, 50.187503283138319)
(49.0, 2.0, 49.067103773033296)
(49.0, 3.0, 49.95372854982665)
(49.0, 4.0, 48.205234244058701)
(49.0, 5.0, 50.368005584662704)
(49.0, 6.0, 50.505693912767299)
(49.0, 7.0, 49.102364302356207)
(49.0, 8.0, 53.551626635284094)
(49.0, 9.0, 53.925603020576936)
(49.0, 10.0, 50.090572736757053)
(49.0, 11.0, 53.34248409355417)
(49.0, 12.0, 50.325578573503378)
(49.0, 13.0, 48.064147327020443)
(49.0, 14.0, 47.695526441478606)
(49.0, 15.0, 49.719302057226017)
(49.0, 16.0, 51.982585107478997)
(49.0, 17.0, 48.713627423647779)
(49.0, 18.0, 51.874673180503088)
(49.0, 19.0, 51.014087385704634)
(49.0, 20.0, 53.306563192672343)
(49.0, 21.0, 48.26030430286275)
(49.0, 22.0, 47.742877531628736)
(49.0, 23.0, 50.570521371980789)
(49.0, 24.0, 48.198901351213713)
(49.0, 25.0, 44.547618780223573)
(49.0, 26.0, 49.744064505418699)
(49.0, 27.0, 49.526140948319437)
(49.0, 28.0, 51.7398430226757)
(49.0, 29.0, 50.52758383683102)
(49.0, 30.0, 48.673838809354933)
(49.0, 31.0, 49.27177008647665)
(49.0, 32.0, 55.222674569115945)
(49.0, 33.0, 50.591522723889469)
(49.0, 34.0, 51.086558024805271)
(49.0, 35.0, 48.67470759092437)
(49.0, 36.0, 51.93051411560252)
(49.0, 37.0, 47.657092215739638)
(49.0, 38.0, 48.412473867706026)
(49.0, 39.0, 48.61997803538307)
(49.0, 40.0, 48.753223888923898)
(49.0, 41.0, 52.676966700399184)
(49.0, 42.0, 48.073289694765798)
(49.0, 43.0, 48.37267898007903)
(49.0, 44.0, 49.375084194905504)
(49.0, 45.0, 51.671513112745259)
(49.0, 46.0, 47.010056494967671)
(49.0, 47.0, 49.765867992695775)
(49.0, 48.0, 49.232588464447872)
(49.0, 49.0, 49.123698296294208)
(49.0, 50.0, 47.373457995945728)
(49.0, 51.0, 49.409145589248965)
(49.0, 52.0, 50.572435966823463)
(49.0, 53.0, 50.940795513885647)
(49.0, 54.0, 44.695670750856763)
(49.0, 55.0, 51.267155088581518)
(49.0, 56.0, 49.883181390016006)
(49.0, 57.0, 45.361877087203247)
(49.0, 58.0, 50.081098322844248)
(49.0, 59.0, 51.22382222604223)
(49.0, 60.0, 52.801609951243883)
(49.0, 61.0, 49.794369709015299)
(49.0, 62.0, 50.051530473203123)
(49.0, 63.0, 44.270526773221476)
(49.0, 64.0, 51.515824558489925)
(49.0, 65.0, 49.630404332820483)
(49.0, 66.0, 47.312254921558093)
(49.0, 67.0, 47.051897941232951)
(49.0, 68.0, 50.429933364438909)
(49.0, 69.0, 50.290139881450877)
(49.0, 70.0, 49.331153819066515)
(49.0, 71.0, 52.459776982258418)
(49.0, 72.0, 51.78963930796337)
(49.0, 73.0, 50.292796702761052)
(49.0, 74.0, 48.212495200246408)
(49.0, 75.0, 48.749947814904054)
(49.0, 76.0, 50.930661221518719)
(49.0, 77.0, 48.718409771209934)
(49.0, 78.0, 50.426316227897217)
(49.0, 79.0, 47.247202590504614)
(49.0, 80.0, 54.238629487416503)
(49.0, 81.0, 53.710497212601922)
(49.0, 82.0, 50.333676219079223)
(49.0, 83.0, 49.808590751853046)
(49.0, 84.0, 48.270203273087375)
(49.0, 85.0, 49.169498613871838)
(49.0, 86.0, 48.377894345984387)
(49.0, 87.0, 49.723720387323439)
(49.0, 88.0, 48.285619026845751)
(49.0, 89.0, 51.842711809196445)
(49.0, 90.0, 50.475763486749997)
(49.0, 91.0, 45.737136962101559)
(49.0, 92.0, 50.973431204087277)
(49.0, 93.0, 52.406360289238236)
(49.0, 94.0, 50.6506483452726)
(49.0, 95.0, 50.28147982748623)
(49.0, 96.0, 52.203875779277411)
(49.0, 97.0, 49.86911169001587)
(49.0, 98.0, 52.465998502735431)
(49.0, 99.0, 52.543864219635878)
(50.0, 0.0, 49.0239560941626)
(50.0, 1.0, 46.277822550044363)
(50.0, 2.0, 48.599229233673967)
(50.0, 3.0, 48.07370728390282)
(50.0, 4.0, 51.306748939755444)
(50.0, 5.0, 48.366567797124503)
(50.0, 6.0, 52.733326918560209)
(50.0, 7.0, 49.121885083055716)
(50.0, 8.0, 54.646429394615808)
(50.0, 9.0, 55.894458720373692)
(50.0, 10.0, 47.64983178540416)
(50.0, 11.0, 52.566475473813881)
(50.0, 12.0, 49.699206903101739)
(50.0, 13.0, 46.600713800314011)
(50.0, 14.0, 47.015019589187574)
(50.0, 15.0, 49.856020509026223)
(50.0, 16.0, 49.491312342541498)
(50.0, 17.0, 48.116156444994544)
(50.0, 18.0, 52.805896589676806)
(50.0, 19.0, 48.718049313910129)
(50.0, 20.0, 52.015128706343788)
(50.0, 21.0, 48.945700211858394)
(50.0, 22.0, 48.876577125159784)
(50.0, 23.0, 51.514696709680713)
(50.0, 24.0, 47.590390487252535)
(50.0, 25.0, 45.440851252075412)
(50.0, 26.0, 54.159879204579426)
(50.0, 27.0, 49.177371003900916)
(50.0, 28.0, 48.76186799901113)
(50.0, 29.0, 46.75811820369033)
(50.0, 30.0, 49.067596718433123)
(50.0, 31.0, 48.445059925349739)
(50.0, 32.0, 51.272598329506735)
(50.0, 33.0, 54.509638820826723)
(50.0, 34.0, 51.314682652279004)
(50.0, 35.0, 50.113688471579735)
(50.0, 36.0, 48.730749964582969)
(50.0, 37.0, 46.198253171012141)
(50.0, 38.0, 49.34793935118816)
(50.0, 39.0, 48.801063966008648)
(50.0, 40.0, 47.195102672143136)
(50.0, 41.0, 50.764051153071875)
(50.0, 42.0, 48.382991349094162)
(50.0, 43.0, 50.99905978468977)
(50.0, 44.0, 48.157209925927816)
(50.0, 45.0, 51.50267048294063)
(50.0, 46.0, 46.842845335745963)
(50.0, 47.0, 46.448827217371047)
(50.0, 48.0, 47.651839590818341)
(50.0, 49.0, 48.718077051933946)
(50.0, 50.0, 47.592015595204671)
(50.0, 51.0, 46.564431702413032)
(50.0, 52.0, 47.017350795545966)
(50.0, 53.0, 50.160575015676251)
(50.0, 54.0, 47.429586149078048)
(50.0, 55.0, 52.864706495953023)
(50.0, 56.0, 50.313391918597723)
(50.0, 57.0, 46.939971613087607)
(50.0, 58.0, 51.597711988444843)
(50.0, 59.0, 49.293838051305165)
(50.0, 60.0, 50.521182932439871)
(50.0, 61.0, 47.317521094564384)
(50.0, 62.0, 47.840871045620609)
(50.0, 63.0, 45.436504559208657)
(50.0, 64.0, 49.210102452712277)
(50.0, 65.0, 50.570563744230661)
(50.0, 66.0, 47.882082899712614)
(50.0, 67.0, 46.596176610916302)
(50.0, 68.0, 51.586515575718828)
(50.0, 69.0, 50.110690961457806)
(50.0, 70.0, 48.194960982593159)
(50.0, 71.0, 51.569934624589521)
(50.0, 72.0, 48.113835955207257)
(50.0, 73.0, 49.858129208384696)
(50.0, 74.0, 47.236418204368462)
(50.0, 75.0, 50.097472502680972)
(50.0, 76.0, 51.946211816438222)
(50.0, 77.0, 48.823067255178515)
(50.0, 78.0, 50.669276569342742)
(50.0, 79.0, 45.062429159171529)
(50.0, 80.0, 52.491351965737572)
(50.0, 81.0, 52.435309484822454)
(50.0, 82.0, 48.73507964555391)
(50.0, 83.0, 52.575927962494859)
(50.0, 84.0, 47.608166654038641)
(50.0, 85.0, 49.549785901407148)
(50.0, 86.0, 49.341888609076989)
(50.0, 87.0, 48.879313687932189)
(50.0, 88.0, 46.18115458405947)
(50.0, 89.0, 52.479404142394017)
(50.0, 90.0, 48.463524933325687)
(50.0, 91.0, 47.455824467626073)
(50.0, 92.0, 51.736316879192202)
(50.0, 93.0, 50.220838022008145)
(50.0, 94.0, 50.324492347627569)
(50.0, 95.0, 52.089673500387988)
(50.0, 96.0, 51.956712045708997)
(50.0, 97.0, 52.376596296429724)
(50.0, 98.0, 52.626343285906785)
(50.0, 99.0, 49.720043180783605)
(51.0, 0.0, 49.0201162330697)
(51.0, 1.0, 49.047577495305006)
(51.0, 2.0, 47.068667975130253)
(51.0, 3.0, 47.331231565408487)
(51.0, 4.0, 50.245563499421095)
(51.0, 5.0, 49.170055877466289)
(51.0, 6.0, 49.384217059220624)
(51.0, 7.0, 51.405604757451975)
(51.0, 8.0, 51.200613242233956)
(51.0, 9.0, 52.20684830232203)
(51.0, 10.0, 46.281392810919016)
(51.0, 11.0, 52.125139715679083)
(51.0, 12.0, 49.340470737099793)
(51.0, 13.0, 48.212053639478356)
(51.0, 14.0, 47.67682105323658)
(51.0, 15.0, 48.172541088865188)
(51.0, 16.0, 50.640228052103467)
(51.0, 17.0, 46.895616018975439)
(51.0, 18.0, 49.119018206392568)
(51.0, 19.0, 49.787611696175233)
(51.0, 20.0, 51.700507944042783)
(51.0, 21.0, 46.7248419556106)
(51.0, 22.0, 46.805666658508066)
(51.0, 23.0, 49.581393621422016)
(51.0, 24.0, 46.613944575896767)
(51.0, 25.0, 45.581049521027012)
(51.0, 26.0, 52.166163330753633)
(51.0, 27.0, 47.677882084648417)
(51.0, 28.0, 51.024373854257846)
(51.0, 29.0, 49.831930647833772)
(51.0, 30.0, 48.519663731968301)
(51.0, 31.0, 46.667619867488668)
(51.0, 32.0, 53.639144686508175)
(51.0, 33.0, 49.740866236897844)
(51.0, 34.0, 49.824230359664185)
(51.0, 35.0, 49.311410626754181)
(51.0, 36.0, 47.850606218292086)
(51.0, 37.0, 46.6905963687922)
(51.0, 38.0, 46.373838308940996)
(51.0, 39.0, 47.003179497744121)
(51.0, 40.0, 45.251993549554541)
(51.0, 41.0, 48.565662922874999)
(51.0, 42.0, 45.267721513437664)
(51.0, 43.0, 49.964346733130533)
(51.0, 44.0, 50.099240311671757)
(51.0, 45.0, 52.779048113011541)
(51.0, 46.0, 45.662937694421231)
(51.0, 47.0, 46.075514250024469)
(51.0, 48.0, 48.86730722284176)
(51.0, 49.0, 46.125404667032768)
(51.0, 50.0, 47.127074690875446)
(51.0, 51.0, 48.714236548249545)
(51.0, 52.0, 48.71072681102153)
(51.0, 53.0, 50.601099061981373)
(51.0, 54.0, 47.123971595002857)
(51.0, 55.0, 50.372996056851875)
(51.0, 56.0, 47.710443019487727)
(51.0, 57.0, 44.866723919795263)
(51.0, 58.0, 51.311364708582119)
(51.0, 59.0, 47.212100793595404)
(51.0, 60.0, 47.682224306957593)
(51.0, 61.0, 47.250269401739473)
(51.0, 62.0, 49.596483617154718)
(51.0, 63.0, 46.051205031282521)
(51.0, 64.0, 49.128802953104092)
(51.0, 65.0, 47.94967770439284)
(51.0, 66.0, 46.72951216349329)
(51.0, 67.0, 44.864175229724751)
(51.0, 68.0, 49.255105741795177)
(51.0, 69.0, 48.82786310664774)
(51.0, 70.0, 50.270014374217347)
(51.0, 71.0, 52.142425542152857)
(51.0, 72.0, 50.948180897236455)
(51.0, 73.0, 49.851117794997933)
(51.0, 74.0, 47.571983514627689)
(51.0, 75.0, 51.681891125923812)
(51.0, 76.0, 50.481465037671654)
(51.0, 77.0, 46.772042646710148)
(51.0, 78.0, 50.29026182738869)
(51.0, 79.0, 47.024071003299852)
(51.0, 80.0, 52.254816098721477)
(51.0, 81.0, 51.932526706459356)
(51.0, 82.0, 49.029123182226343)
(51.0, 83.0, 50.434963636265962)
(51.0, 84.0, 48.338497423238763)
(51.0, 85.0, 46.015095114441394)
(51.0, 86.0, 49.918314567693905)
(51.0, 87.0, 47.680327770163089)
(51.0, 88.0, 45.000479394749377)
(51.0, 89.0, 51.495886034398296)
(51.0, 90.0, 47.686536184796147)
(51.0, 91.0, 45.061960807115597)
(51.0, 92.0, 49.738664817810673)
(51.0, 93.0, 51.080393032629622)
(51.0, 94.0, 48.854672871447342)
(51.0, 95.0, 49.665713676977809)
(51.0, 96.0, 49.96565157116089)
(51.0, 97.0, 51.155236510520908)
(51.0, 98.0, 51.646990056317705)
(51.0, 99.0, 51.14511095363239)
(52.0, 0.0, 52.754330866039936)
(52.0, 1.0, 51.026446751243157)
(52.0, 2.0, 50.697675023198684)
(52.0, 3.0, 52.530530139413614)
(52.0, 4.0, 51.862486111513661)
(52.0, 5.0, 53.10603760082347)
(52.0, 6.0, 55.412196228622207)
(52.0, 7.0, 53.71640263158065)
(52.0, 8.0, 58.051841694877567)
(52.0, 9.0, 57.152299038894355)
(52.0, 10.0, 51.823168312179362)
(52.0, 11.0, 56.847599260956486)
(52.0, 12.0, 54.119664084401812)
(52.0, 13.0, 51.48254213959359)
(52.0, 14.0, 50.997512335349171)
(52.0, 15.0, 51.941699351760363)
(52.0, 16.0, 54.446349133671106)
(52.0, 17.0, 51.517532673568425)
(52.0, 18.0, 54.191125953189477)
(52.0, 19.0, 54.105300431593307)
(52.0, 20.0, 56.821564927244268)
(52.0, 21.0, 49.297354909119029)
(52.0, 22.0, 53.981258261860191)
(52.0, 23.0, 52.765568989796606)
(52.0, 24.0, 50.766317762953271)
(52.0, 25.0, 48.745730532976722)
(52.0, 26.0, 54.927320715271094)
(52.0, 27.0, 53.169845177834027)
(52.0, 28.0, 55.622482798195676)
(52.0, 29.0, 51.409045910024716)
(52.0, 30.0, 50.462739530722352)
(52.0, 31.0, 52.284074438113066)
(52.0, 32.0, 56.649030132223047)
(52.0, 33.0, 52.535194408435963)
(52.0, 34.0, 54.010009301334378)
(52.0, 35.0, 52.761217369566424)
(52.0, 36.0, 51.374709488790344)
(52.0, 37.0, 50.82973983976305)
(52.0, 38.0, 52.010728286874397)
(52.0, 39.0, 52.600498210138298)
(52.0, 40.0, 50.722324681292541)
(52.0, 41.0, 58.233606280382958)
(52.0, 42.0, 50.747058572711239)
(52.0, 43.0, 53.319747930650699)
(52.0, 44.0, 51.912774834723095)
(52.0, 45.0, 54.621275698759931)
(52.0, 46.0, 48.598300012439296)
(52.0, 47.0, 51.300550527592151)
(52.0, 48.0, 52.3364329317263)
(52.0, 49.0, 52.269733313113335)
(52.0, 50.0, 49.167694634399624)
(52.0, 51.0, 51.691634555041141)
(52.0, 52.0, 52.242959760906949)
(52.0, 53.0, 53.587731709386546)
(52.0, 54.0, 51.68901561960768)
(52.0, 55.0, 52.969484810453352)
(52.0, 56.0, 52.474290168176843)
(52.0, 57.0, 49.708882267570871)
(52.0, 58.0, 55.029531235787353)
(52.0, 59.0, 52.114165736673471)
(52.0, 60.0, 55.709020447449817)
(52.0, 61.0, 51.871355756277254)
(52.0, 62.0, 53.143193290940786)
(52.0, 63.0, 50.677672223199806)
(52.0, 64.0, 53.87724702929021)
(52.0, 65.0, 53.631333934767454)
(52.0, 66.0, 51.998338685907498)
(52.0, 67.0, 49.695601756321025)
(52.0, 68.0, 55.224968470551872)
(52.0, 69.0, 50.922177185173823)
(52.0, 70.0, 51.964365034961773)
(52.0, 71.0, 54.886675669541972)
(52.0, 72.0, 52.671545171105187)
(52.0, 73.0, 55.027521330323488)
(52.0, 74.0, 50.886924313823215)
(52.0, 75.0, 52.840178154485628)
(52.0, 76.0, 54.16046211197353)
(52.0, 77.0, 52.303061530333437)
(52.0, 78.0, 54.117625271400577)
(52.0, 79.0, 51.348386883369038)
(52.0, 80.0, 56.519039295331353)
(52.0, 81.0, 55.236479767702058)
(52.0, 82.0, 55.385515561607427)
(52.0, 83.0, 54.893253564359554)
(52.0, 84.0, 51.549337413974882)
(52.0, 85.0, 53.129840033844793)
(52.0, 86.0, 50.455730407501051)
(52.0, 87.0, 52.075814413248509)
(52.0, 88.0, 50.31169945676298)
(52.0, 89.0, 55.585757928893415)
(52.0, 90.0, 51.678138346677478)
(52.0, 91.0, 47.851133489238876)
(52.0, 92.0, 55.116033068851522)
(52.0, 93.0, 54.012400003796287)
(52.0, 94.0, 54.605851487483847)
(52.0, 95.0, 53.508045330868853)
(52.0, 96.0, 56.614242642201773)
(52.0, 97.0, 56.374469837172754)
(52.0, 98.0, 55.183432937746886)
(52.0, 99.0, 55.247673525155626)
(53.0, 0.0, 53.785691290814498)
(53.0, 1.0, 50.935969283516563)
(53.0, 2.0, 51.569650272553972)
(53.0, 3.0, 51.951684599139988)
(53.0, 4.0, 54.30745532939995)
(53.0, 5.0, 55.064903041942344)
(53.0, 6.0, 55.711437422726291)
(53.0, 7.0, 54.693826806560253)
(53.0, 8.0, 58.36534332849952)
(53.0, 9.0, 58.097265635284543)
(53.0, 10.0, 51.24927080205164)
(53.0, 11.0, 58.301421750227092)
(53.0, 12.0, 54.061838028320381)
(53.0, 13.0, 52.427060514998935)
(53.0, 14.0, 52.874928475774766)
(53.0, 15.0, 56.000379407440931)
(53.0, 16.0, 53.644088526525138)
(53.0, 17.0, 52.798747912072784)
(53.0, 18.0, 54.082767114038347)
(53.0, 19.0, 53.952019649597709)
(53.0, 20.0, 58.306777102229155)
(53.0, 21.0, 52.272515256420263)
(53.0, 22.0, 51.480018597605351)
(53.0, 23.0, 55.691919831437957)
(53.0, 24.0, 51.93727231218881)
(53.0, 25.0, 46.979377565034895)
(53.0, 26.0, 56.806304945189183)
(53.0, 27.0, 54.391701122569806)
(53.0, 28.0, 55.181938221897667)
(53.0, 29.0, 51.871147686090062)
(53.0, 30.0, 53.764895162985411)
(53.0, 31.0, 54.934577550858172)
(53.0, 32.0, 55.721542962059388)
(53.0, 33.0, 53.447205415773553)
(53.0, 34.0, 57.234586479222223)
(53.0, 35.0, 55.060199569143819)
(53.0, 36.0, 50.961799405975547)
(53.0, 37.0, 52.401272228089752)
(53.0, 38.0, 52.887317044379529)
(53.0, 39.0, 53.338708257309776)
(53.0, 40.0, 52.257799444070024)
(53.0, 41.0, 54.999541884869743)
(53.0, 42.0, 50.134311541390353)
(53.0, 43.0, 53.032031377578441)
(53.0, 44.0, 52.240355454886938)
(53.0, 45.0, 56.990550886912771)
(53.0, 46.0, 51.231795028497487)
(53.0, 47.0, 48.706581722399811)
(53.0, 48.0, 51.423151260316928)
(53.0, 49.0, 50.363629344907586)
(53.0, 50.0, 49.684720527989406)
(53.0, 51.0, 48.728006685956608)
(53.0, 52.0, 52.053558813070879)
(53.0, 53.0, 55.224715968481725)
(53.0, 54.0, 48.59923033058331)
(53.0, 55.0, 53.13181379548687)
(53.0, 56.0, 52.8134140158364)
(53.0, 57.0, 47.010009122505878)
(53.0, 58.0, 53.851296409436415)
(53.0, 59.0, 54.59748566748884)
(53.0, 60.0, 54.272929505496052)
(53.0, 61.0, 51.767540957234495)
(53.0, 62.0, 53.802229929671171)
(53.0, 63.0, 49.636587138290523)
(53.0, 64.0, 55.235067116937223)
(53.0, 65.0, 54.020367760300012)
(53.0, 66.0, 51.626770852697533)
(53.0, 67.0, 49.593318954848414)
(53.0, 68.0, 54.557098577881874)
(53.0, 69.0, 51.483530463576415)
(53.0, 70.0, 52.742853582683189)
(53.0, 71.0, 54.588567218210713)
(53.0, 72.0, 54.586311964927006)
(53.0, 73.0, 53.233016353465942)
(53.0, 74.0, 52.078254628488729)
(53.0, 75.0, 52.230569528150895)
(53.0, 76.0, 54.984055054423628)
(53.0, 77.0, 50.084720081711694)
(53.0, 78.0, 55.781516947768374)
(53.0, 79.0, 51.014347175442197)
(53.0, 80.0, 55.440206120629654)
(53.0, 81.0, 57.737726270175841)
(53.0, 82.0, 53.884882968564924)
(53.0, 83.0, 55.038563403813249)
(53.0, 84.0, 51.963288688177826)
(53.0, 85.0, 51.104565448862317)
(53.0, 86.0, 52.374204428904804)
(53.0, 87.0, 53.786522365322405)
(53.0, 88.0, 49.635420235137772)
(53.0, 89.0, 58.224927704042074)
(53.0, 90.0, 53.179936491440778)
(53.0, 91.0, 48.98157021986448)
(53.0, 92.0, 56.762683325071244)
(53.0, 93.0, 54.804961185894285)
(53.0, 94.0, 54.694901526891265)
(53.0, 95.0, 55.771142670120398)
(53.0, 96.0, 57.687960780393979)
(53.0, 97.0, 56.745453668740524)
(53.0, 98.0, 59.681930487410924)
(53.0, 99.0, 56.146712795926213)
(54.0, 0.0, 52.106213627580146)
(54.0, 1.0, 50.391740019515098)
(54.0, 2.0, 49.065408554365575)
(54.0, 3.0, 49.434958033434214)
(54.0, 4.0, 53.018045970898442)
(54.0, 5.0, 51.810325691933045)
(54.0, 6.0, 52.350884994473482)
(54.0, 7.0, 51.714287178023902)
(54.0, 8.0, 54.243081274932891)
(54.0, 9.0, 56.782130438814328)
(54.0, 10.0, 50.003917564204784)
(54.0, 11.0, 54.123234909356299)
(54.0, 12.0, 50.64714213725324)
(54.0, 13.0, 50.09100683550156)
(54.0, 14.0, 48.659047971798387)
(54.0, 15.0, 50.46720988963169)
(54.0, 16.0, 50.83107563105483)
(54.0, 17.0, 49.301480968737401)
(54.0, 18.0, 52.944116669685961)
(54.0, 19.0, 52.802987308850163)
(54.0, 20.0, 52.587512851699564)
(54.0, 21.0, 50.084266140053607)
(54.0, 22.0, 50.655615273992993)
(54.0, 23.0, 50.241279777617535)
(54.0, 24.0, 49.688992747185438)
(54.0, 25.0, 44.108501184875152)
(54.0, 26.0, 53.94517599424659)
(54.0, 27.0, 50.376591946251153)
(54.0, 28.0, 52.9368885151192)
(54.0, 29.0, 51.962320559061794)
(54.0, 30.0, 48.10081944943235)
(54.0, 31.0, 47.950129582718453)
(54.0, 32.0, 52.994664098538919)
