(67.0, 44.0, 50.646070056185764)
(67.0, 45.0, 52.84931988837954)
(67.0, 46.0, 47.623780323110864)
(67.0, 47.0, 48.509503876744517)
(67.0, 48.0, 50.99270880916557)
(67.0, 49.0, 51.701203573860852)
(67.0, 50.0, 49.822597835155875)
(67.0, 51.0, 48.080153166844028)
(67.0, 52.0, 50.475343439056587)
(67.0, 53.0, 54.717075400969748)
(67.0, 54.0, 48.264891652615198)
(67.0, 55.0, 53.236357344339034)
(67.0, 56.0, 49.998573525634512)
(67.0, 57.0, 48.6866163492545)
(67.0, 58.0, 51.290146841739201)
(67.0, 59.0, 50.36670863695538)
(67.0, 60.0, 51.121347452280631)
(67.0, 61.0, 49.764510890782347)
(67.0, 62.0, 49.108464452159524)
(67.0, 63.0, 49.385948061982361)
(67.0, 64.0, 51.273813645026713)
(67.0, 65.0, 51.318042235490324)
(67.0, 66.0, 48.98808038108033)
(67.0, 67.0, 46.752763834848537)
(67.0, 68.0, 54.917787265428757)
(67.0, 69.0, 49.202721553737312)
(67.0, 70.0, 51.041104692799642)
(67.0, 71.0, 51.990479061901432)
(67.0, 72.0, 53.878072305467484)
(67.0, 73.0, 52.737695602369641)
(67.0, 74.0, 49.541654429961284)
(67.0, 75.0, 52.321044261043689)
(67.0, 76.0, 53.048267177763954)
(67.0, 77.0, 50.45123727411341)
(67.0, 78.0, 51.375124776676785)
(67.0, 79.0, 47.262698673214601)
(67.0, 80.0, 56.889544613358296)
(67.0, 81.0, 53.050263375668649)
(67.0, 82.0, 50.947095387232231)
(67.0, 83.0, 51.470582541616409)
(67.0, 84.0, 48.72304786172495)
(67.0, 85.0, 50.100002854917534)
(67.0, 86.0, 49.51548092847321)
(67.0, 87.0, 52.002838981774246)
(67.0, 88.0, 52.114308708353136)
(67.0, 89.0, 54.027050819439616)
(67.0, 90.0, 51.254687178179239)
(67.0, 91.0, 48.743705958663121)
(67.0, 92.0, 52.553836109628719)
(67.0, 93.0, 55.268796155329227)
(67.0, 94.0, 53.570168099436202)
(67.0, 95.0, 55.500519821836434)
(67.0, 96.0, 55.53358453300266)
(67.0, 97.0, 53.453966457085244)
(67.0, 98.0, 55.187328322178217)
(67.0, 99.0, 53.723916181692289)
(68.0, 0.0, 47.177260086557816)
(68.0, 1.0, 46.903261173456414)
(68.0, 2.0, 45.413089859581163)
(68.0, 3.0, 49.404402553467698)
(68.0, 4.0, 46.821057938836645)
(68.0, 5.0, 48.717842452988442)
(68.0, 6.0, 52.319557628931804)
(68.0, 7.0, 50.981449239494282)
(68.0, 8.0, 52.450360139370503)
(68.0, 9.0, 53.181664158137508)
(68.0, 10.0, 45.084224108848076)
(68.0, 11.0, 49.559591154440724)
(68.0, 12.0, 49.904769116489682)
(68.0, 13.0, 45.882678245468206)
(68.0, 14.0, 45.732304730122742)
(68.0, 15.0, 51.017986214026571)
(68.0, 16.0, 49.711703434960299)
(68.0, 17.0, 46.991223473709141)
(68.0, 18.0, 50.764063932250863)
(68.0, 19.0, 49.670789273521187)
(68.0, 20.0, 49.983740836101468)
(68.0, 21.0, 46.579585609026758)
(68.0, 22.0, 48.67806708291873)
(68.0, 23.0, 49.787810176630515)
(68.0, 24.0, 47.999147067507323)
(68.0, 25.0, 43.488220674946149)
(68.0, 26.0, 48.636342947947099)
(68.0, 27.0, 47.12147094874863)
(68.0, 28.0, 49.193171472977241)
(68.0, 29.0, 47.749019175474352)
(68.0, 30.0, 46.084994152351413)
(68.0, 31.0, 44.710628516046924)
(68.0, 32.0, 51.321454119491939)
(68.0, 33.0, 48.619346998592498)
(68.0, 34.0, 48.585111878460452)
(68.0, 35.0, 48.888280844023605)
(68.0, 36.0, 47.913562343787888)
(68.0, 37.0, 46.828354786778355)
(68.0, 38.0, 45.375073903462258)
(68.0, 39.0, 47.338362659292706)
(68.0, 40.0, 46.194708351312492)
(68.0, 41.0, 50.310386298796537)
(68.0, 42.0, 46.136740586546132)
(68.0, 43.0, 46.63351652566709)
(68.0, 44.0, 50.081886076984532)
(68.0, 45.0, 48.676145880706002)
(68.0, 46.0, 43.917265735535238)
(68.0, 47.0, 44.836035214883317)
(68.0, 48.0, 47.53440440285371)
(68.0, 49.0, 48.597402768855446)
(68.0, 50.0, 46.448348795953542)
(68.0, 51.0, 47.028897186456639)
(68.0, 52.0, 49.023494986272453)
(68.0, 53.0, 51.562959860838689)
(68.0, 54.0, 45.729522803348615)
(68.0, 55.0, 47.685455517985119)
(68.0, 56.0, 49.453927767914763)
(68.0, 57.0, 42.250956995393366)
(68.0, 58.0, 50.166361598681277)
(68.0, 59.0, 47.821687880909693)
(68.0, 60.0, 50.878522352104198)
(68.0, 61.0, 47.196050843989724)
(68.0, 62.0, 47.565338757483602)
(68.0, 63.0, 46.670037239923992)
(68.0, 64.0, 51.129090628463146)
(68.0, 65.0, 47.796267622728287)
(68.0, 66.0, 45.722247510838656)
(68.0, 67.0, 44.19935442790505)
(68.0, 68.0, 50.504424598413095)
(68.0, 69.0, 47.513067532327113)
(68.0, 70.0, 47.087464126396121)
(68.0, 71.0, 50.897584604122756)
(68.0, 72.0, 48.591478305177183)
(68.0, 73.0, 48.555102756371681)
(68.0, 74.0, 46.849342881047107)
(68.0, 75.0, 49.768391523274616)
(68.0, 76.0, 51.239565785050971)
(68.0, 77.0, 47.567148832936773)
(68.0, 78.0, 48.988291263674164)
(68.0, 79.0, 45.514304971012486)
(68.0, 80.0, 52.044059073777305)
(68.0, 81.0, 50.422652884287004)
(68.0, 82.0, 46.80239196448985)
(68.0, 83.0, 48.118182059992364)
(68.0, 84.0, 47.495503799985983)
(68.0, 85.0, 47.397233402344156)
(68.0, 86.0, 47.579680734618044)
(68.0, 87.0, 46.771186887925538)
(68.0, 88.0, 43.719207283879342)
(68.0, 89.0, 50.618814316276485)
(68.0, 90.0, 49.3963473205078)
(68.0, 91.0, 45.042592060291696)
(68.0, 92.0, 49.851231971898812)
(68.0, 93.0, 49.20400886332888)
(68.0, 94.0, 49.004289626252096)
(68.0, 95.0, 49.61378285578958)
(68.0, 96.0, 50.736686916875996)
(68.0, 97.0, 53.576537998659987)
(68.0, 98.0, 52.20953458032092)
(68.0, 99.0, 49.567117750262945)
(69.0, 0.0, 49.334205346012666)
(69.0, 1.0, 48.31449066799712)
(69.0, 2.0, 47.342968686058732)
(69.0, 3.0, 51.2712842049228)
(69.0, 4.0, 50.249130239734356)
(69.0, 5.0, 50.180015349881003)
(69.0, 6.0, 51.972692801690116)
(69.0, 7.0, 49.39648081670056)
(69.0, 8.0, 53.379486045226997)
(69.0, 9.0, 52.650852627194418)
(69.0, 10.0, 47.753891336060207)
(69.0, 11.0, 51.682157357290983)
(69.0, 12.0, 48.70229568056795)
(69.0, 13.0, 47.91259340382453)
(69.0, 14.0, 47.920997329248969)
(69.0, 15.0, 49.717528626021185)
(69.0, 16.0, 51.802367767995051)
(69.0, 17.0, 49.525184442508788)
(69.0, 18.0, 51.019836359280433)
(69.0, 19.0, 50.689927152964557)
(69.0, 20.0, 53.992732355592878)
(69.0, 21.0, 47.824201025656471)
(69.0, 22.0, 47.430783174484816)
(69.0, 23.0, 49.666151939834798)
(69.0, 24.0, 48.319422964999681)
(69.0, 25.0, 43.833357810373663)
(69.0, 26.0, 52.335851114944262)
(69.0, 27.0, 50.133553499987443)
(69.0, 28.0, 50.052898094178822)
(69.0, 29.0, 51.324375100592974)
(69.0, 30.0, 48.416877926774752)
(69.0, 31.0, 50.764080974272218)
(69.0, 32.0, 51.80453671441866)
(69.0, 33.0, 49.267637671425462)
(69.0, 34.0, 49.854536368801888)
(69.0, 35.0, 50.26001329101959)
(69.0, 36.0, 49.26173717782676)
(69.0, 37.0, 47.517580613983128)
(69.0, 38.0, 51.593972079274558)
(69.0, 39.0, 49.541717335502383)
(69.0, 40.0, 48.236996469488076)
(69.0, 41.0, 52.226975780392387)
(69.0, 42.0, 48.984374054750397)
(69.0, 43.0, 48.188164621288784)
(69.0, 44.0, 50.808990692622174)
(69.0, 45.0, 52.17875882624098)
(69.0, 46.0, 46.282991879705207)
(69.0, 47.0, 48.021285682876261)
(69.0, 48.0, 50.085113593443843)
(69.0, 49.0, 49.697330162016812)
(69.0, 50.0, 46.605575558942562)
(69.0, 51.0, 49.6892433676094)
(69.0, 52.0, 47.793428046776384)
(69.0, 53.0, 51.214912689503691)
(69.0, 54.0, 46.03810638337503)
(69.0, 55.0, 50.393027065871436)
(69.0, 56.0, 51.048479257839659)
(69.0, 57.0, 45.272430962708981)
(69.0, 58.0, 49.09468367631861)
(69.0, 59.0, 51.416549349411241)
(69.0, 60.0, 50.62918405857458)
(69.0, 61.0, 49.922240933601884)
(69.0, 62.0, 50.206040976444882)
(69.0, 63.0, 47.140901396858659)
(69.0, 64.0, 52.675152281460811)
(69.0, 65.0, 50.300682511538945)
(69.0, 66.0, 47.664934262856008)
(69.0, 67.0, 47.463968362031387)
(69.0, 68.0, 51.085087844488839)
(69.0, 69.0, 50.429009295785008)
(69.0, 70.0, 47.907648040759014)
(69.0, 71.0, 50.941484662302429)
(69.0, 72.0, 49.032608420194251)
(69.0, 73.0, 49.081922417655903)
(69.0, 74.0, 46.926212423090874)
(69.0, 75.0, 49.469622560011217)
(69.0, 76.0, 50.37103171669925)
(69.0, 77.0, 48.0126351134708)
(69.0, 78.0, 49.708653827601374)
(69.0, 79.0, 47.358466912705651)
(69.0, 80.0, 54.64358198459891)
(69.0, 81.0, 52.352191954673884)
(69.0, 82.0, 48.017509187625443)
(69.0, 83.0, 51.585067876621373)
(69.0, 84.0, 45.550685847082001)
(69.0, 85.0, 47.897962880296411)
(69.0, 86.0, 50.841382942255898)
(69.0, 87.0, 50.841606364209156)
(69.0, 88.0, 44.767013022433467)
(69.0, 89.0, 52.33709651807709)
(69.0, 90.0, 50.35880692524124)
(69.0, 91.0, 47.567397560190372)
(69.0, 92.0, 50.55524109002161)
(69.0, 93.0, 49.485702236950004)
(69.0, 94.0, 51.625751482410017)
(69.0, 95.0, 49.69820447033149)
(69.0, 96.0, 53.37343951387389)
(69.0, 97.0, 52.573689435099297)
(69.0, 98.0, 53.124601755135657)
(69.0, 99.0, 53.347986463332987)
(70.0, 0.0, 46.818851353167403)
(70.0, 1.0, 47.885779520756032)
(70.0, 2.0, 46.266527534964538)
(70.0, 3.0, 47.611751818784924)
(70.0, 4.0, 50.989751677961664)
(70.0, 5.0, 47.049150274092284)
(70.0, 6.0, 51.553609042710846)
(70.0, 7.0, 50.624713427295717)
(70.0, 8.0, 52.620729854677926)
(70.0, 9.0, 52.122284539798748)
(70.0, 10.0, 48.693147914445831)
(70.0, 11.0, 51.785971565186557)
(70.0, 12.0, 48.759331869519571)
(70.0, 13.0, 46.141481638386665)
(70.0, 14.0, 47.901947813315303)
(70.0, 15.0, 52.111065572720335)
(70.0, 16.0, 50.789437917836239)
(70.0, 17.0, 46.305484404331381)
(70.0, 18.0, 49.06884387097071)
(70.0, 19.0, 50.847501502585281)
(70.0, 20.0, 54.63619614149578)
(70.0, 21.0, 47.500060115960338)
(70.0, 22.0, 47.715189078943183)
(70.0, 23.0, 51.722120736125106)
(70.0, 24.0, 46.747057665099476)
(70.0, 25.0, 45.297877164527023)
(70.0, 26.0, 48.727191468304198)
(70.0, 27.0, 50.777870241156009)
(70.0, 28.0, 53.272854975433532)
(70.0, 29.0, 48.833701761805948)
(70.0, 30.0, 47.658010651271113)
(70.0, 31.0, 47.105509217462028)
(70.0, 32.0, 53.411944639294646)
(70.0, 33.0, 52.597015416316921)
(70.0, 34.0, 49.837227328186678)
(70.0, 35.0, 50.498235634028944)
(70.0, 36.0, 49.83517558285935)
(70.0, 37.0, 49.335206923337424)
(70.0, 38.0, 48.626145532284184)
(70.0, 39.0, 50.034952899274131)
(70.0, 40.0, 46.894269372536606)
(70.0, 41.0, 50.774108418904426)
(70.0, 42.0, 47.829848546381548)
(70.0, 43.0, 48.748466735934642)
(70.0, 44.0, 50.632823438746406)
(70.0, 45.0, 51.191155899049498)
(70.0, 46.0, 45.07708220314187)
(70.0, 47.0, 46.771546929566675)
(70.0, 48.0, 50.182797118812061)
(70.0, 49.0, 48.772232895357007)
(70.0, 50.0, 46.022396117146286)
(70.0, 51.0, 46.075370399290605)
(70.0, 52.0, 49.176728327637306)
(70.0, 53.0, 51.10632103764128)
(70.0, 54.0, 46.717545200770047)
(70.0, 55.0, 47.899278376893804)
(70.0, 56.0, 48.389724241371511)
(70.0, 57.0, 45.233596429551312)
(70.0, 58.0, 50.643497146774394)
(70.0, 59.0, 49.08317864543681)
(70.0, 60.0, 50.889999546642528)
(70.0, 61.0, 47.984629930350557)
(70.0, 62.0, 47.313203458193946)
(70.0, 63.0, 46.440401357614945)
(70.0, 64.0, 50.193926706371727)
(70.0, 65.0, 49.348050772489934)
(70.0, 66.0, 48.941712863567133)
(70.0, 67.0, 45.797040324194512)
(70.0, 68.0, 51.944500594473531)
(70.0, 69.0, 46.774797083579173)
(70.0, 70.0, 45.909548645528631)
(70.0, 71.0, 52.388002646748063)
(70.0, 72.0, 45.329880824392887)
(70.0, 73.0, 50.89888690018627)
(70.0, 74.0, 49.001542441221332)
(70.0, 75.0, 48.850698086880428)
(70.0, 76.0, 53.336390203103477)
(70.0, 77.0, 46.602652332322947)
(70.0, 78.0, 50.56998565316853)
(70.0, 79.0, 46.52496440640185)
(70.0, 80.0, 55.260844124677611)
(70.0, 81.0, 52.585524944330757)
(70.0, 82.0, 51.018993741417141)
(70.0, 83.0, 50.90662883837571)
(70.0, 84.0, 47.973904028751321)
(70.0, 85.0, 47.419429356966113)
(70.0, 86.0, 48.092445309853233)
(70.0, 87.0, 45.975354595073689)
(70.0, 88.0, 45.531208347476024)
(70.0, 89.0, 53.648364592183228)
(70.0, 90.0, 45.805625384478596)
(70.0, 91.0, 45.355057399749377)
(70.0, 92.0, 51.945113753026277)
(70.0, 93.0, 49.656524183651214)
(70.0, 94.0, 51.29367829921415)
(70.0, 95.0, 49.321747170857762)
(70.0, 96.0, 53.660906048152391)
(70.0, 97.0, 54.127534746803633)
(70.0, 98.0, 52.03402516707213)
(70.0, 99.0, 50.736429316965335)
(71.0, 0.0, 47.999794992868495)
(71.0, 1.0, 49.193979832603468)
(71.0, 2.0, 47.21812650715276)
(71.0, 3.0, 47.478652212200004)
(71.0, 4.0, 49.837039209718768)
(71.0, 5.0, 50.112885757524722)
(71.0, 6.0, 50.651613424878825)
(71.0, 7.0, 49.713655720905479)
(71.0, 8.0, 51.962837796805744)
(71.0, 9.0, 52.32521758962033)
(71.0, 10.0, 47.818594240501291)
(71.0, 11.0, 53.448383090825516)
(71.0, 12.0, 48.760190836380445)
(71.0, 13.0, 47.189692257237724)
(71.0, 14.0, 48.991262484636877)
(71.0, 15.0, 49.828943999049429)
(71.0, 16.0, 53.362937725309337)
(71.0, 17.0, 50.336311367860219)
(71.0, 18.0, 49.665671840837824)
(71.0, 19.0, 54.141042822358457)
(71.0, 20.0, 54.335372883082485)
(71.0, 21.0, 48.381740447152048)
(71.0, 22.0, 50.094336437456974)
(71.0, 23.0, 50.801643556419577)
(71.0, 24.0, 49.600254648005148)
(71.0, 25.0, 44.003090592284437)
(71.0, 26.0, 49.950319484618298)
(71.0, 27.0, 49.287939418936034)
(71.0, 28.0, 53.058315408846724)
(71.0, 29.0, 48.391994337267136)
(71.0, 30.0, 47.140805177363937)
(71.0, 31.0, 48.495673404107144)
(71.0, 32.0, 53.071448296580385)
(71.0, 33.0, 49.554406933116553)
(71.0, 34.0, 49.581091927387703)
(71.0, 35.0, 50.012523107027199)
(71.0, 36.0, 51.383613574110441)
(71.0, 37.0, 47.534453265937266)
(71.0, 38.0, 49.147102527487213)
(71.0, 39.0, 51.110102854625396)
(71.0, 40.0, 50.015449494367914)
(71.0, 41.0, 51.148849031498571)
(71.0, 42.0, 49.236669631138199)
(71.0, 43.0, 49.965562513918364)
(71.0, 44.0, 49.852333935148074)
(71.0, 45.0, 50.88567511523695)
(71.0, 46.0, 47.904368540990902)
(71.0, 47.0, 48.048893892224768)
(71.0, 48.0, 47.548545467771817)
(71.0, 49.0, 48.141899207743108)
(71.0, 50.0, 47.553965172788303)
(71.0, 51.0, 46.533622869544402)
(71.0, 52.0, 49.601885852320137)
(71.0, 53.0, 49.442930412049861)
(71.0, 54.0, 47.493384137086508)
(71.0, 55.0, 50.162084869540763)
(71.0, 56.0, 49.659789410445853)
(71.0, 57.0, 45.659741232940398)
(71.0, 58.0, 50.853941585375708)
(71.0, 59.0, 50.515004721303534)
(71.0, 60.0, 50.681598677272653)
(71.0, 61.0, 49.302497581363106)
(71.0, 62.0, 49.501847792565094)
(71.0, 63.0, 45.702002335706176)
(71.0, 64.0, 51.957275612825711)
(71.0, 65.0, 50.923027511445966)
(71.0, 66.0, 45.898923795678506)
(71.0, 67.0, 45.898008252648786)
(71.0, 68.0, 52.178048742574809)
(71.0, 69.0, 47.619272581424319)
(71.0, 70.0, 48.877603108874901)
(71.0, 71.0, 51.394249928057391)
(71.0, 72.0, 52.96559377870183)
(71.0, 73.0, 47.656899784192227)
(71.0, 74.0, 49.739632524524801)
(71.0, 75.0, 50.005462139308705)
(71.0, 76.0, 51.11996848550163)
(71.0, 77.0, 47.638068932329496)
(71.0, 78.0, 48.727500877246968)
(71.0, 79.0, 48.039254981483914)
(71.0, 80.0, 53.767027801248325)
(71.0, 81.0, 53.753489381906469)
(71.0, 82.0, 50.419126239266802)
(71.0, 83.0, 50.584638584914643)
(71.0, 84.0, 49.421787126193095)
(71.0, 85.0, 48.453713423701885)
(71.0, 86.0, 49.163559906096069)
(71.0, 87.0, 49.342078526256813)
(71.0, 88.0, 46.060736726581595)
(71.0, 89.0, 53.562632471660571)
(71.0, 90.0, 46.8324738530643)
(71.0, 91.0, 45.832666720257407)
(71.0, 92.0, 50.506974579123408)
(71.0, 93.0, 52.771333296571299)
(71.0, 94.0, 52.038478483084937)
(71.0, 95.0, 51.326714294819965)
(71.0, 96.0, 51.705732028675982)
(71.0, 97.0, 51.925270791922678)
(71.0, 98.0, 55.286948038250927)
(71.0, 99.0, 50.385388996969851)
(72.0, 0.0, 48.920308579587129)
(72.0, 1.0, 49.386178159560856)
(72.0, 2.0, 50.408910838253405)
(72.0, 3.0, 48.550361545140589)
(72.0, 4.0, 49.058814634191862)
(72.0, 5.0, 50.189339088711947)
(72.0, 6.0, 50.772886975732497)
(72.0, 7.0, 51.795978676802946)
(72.0, 8.0, 53.701695432901204)
(72.0, 9.0, 55.067846963086261)
(72.0, 10.0, 49.229345627823612)
(72.0, 11.0, 53.433256332357026)
(72.0, 12.0, 50.450543472686135)
(72.0, 13.0, 47.009958053944871)
(72.0, 14.0, 47.916594451716023)
(72.0, 15.0, 49.962435720350257)
(72.0, 16.0, 52.441844740646033)
(72.0, 17.0, 47.216279912311649)
(72.0, 18.0, 51.335972039581165)
(72.0, 19.0, 51.263966901842821)
(72.0, 20.0, 51.587084984375224)
(72.0, 21.0, 49.089112305997247)
(72.0, 22.0, 48.961518255316179)
(72.0, 23.0, 49.82350498520389)
(72.0, 24.0, 49.307430123050025)
(72.0, 25.0, 44.482112338825317)
(72.0, 26.0, 50.050816970134321)
(72.0, 27.0, 49.630035100561471)
(72.0, 28.0, 51.956919889904285)
(72.0, 29.0, 51.54509413092098)
(72.0, 30.0, 50.173899844279347)
(72.0, 31.0, 48.502432185531973)
(72.0, 32.0, 53.383450315779065)
(72.0, 33.0, 52.553239424453942)
(72.0, 34.0, 50.016836531727428)
(72.0, 35.0, 48.634639284918229)
(72.0, 36.0, 51.559938040534973)
(72.0, 37.0, 47.62125800349645)
(72.0, 38.0, 48.902433385243484)
(72.0, 39.0, 48.008763026815849)
(72.0, 40.0, 48.88104843469452)
(72.0, 41.0, 52.440457817158702)
(72.0, 42.0, 50.627825524969126)
(72.0, 43.0, 49.745501398608958)
(72.0, 44.0, 47.202455050986359)
(72.0, 45.0, 53.139589629785192)
(72.0, 46.0, 46.047558648963403)
(72.0, 47.0, 47.482511834724072)
(72.0, 48.0, 49.717378354921351)
(72.0, 49.0, 50.657311102800797)
(72.0, 50.0, 46.759427852886446)
(72.0, 51.0, 47.03667091857281)
(72.0, 52.0, 49.298145156353748)
(72.0, 53.0, 54.570327748179537)
(72.0, 54.0, 48.113551994640659)
(72.0, 55.0, 50.540278064735716)
(72.0, 56.0, 49.827868825829754)
(72.0, 57.0, 44.369623030560248)
(72.0, 58.0, 50.963196260851277)
(72.0, 59.0, 51.379534414193543)
(72.0, 60.0, 50.866983424621125)
(72.0, 61.0, 49.100351570290073)
(72.0, 62.0, 53.148906746806887)
(72.0, 63.0, 45.541048793763764)
(72.0, 64.0, 51.115716267413276)
(72.0, 65.0, 50.318791410525563)
(72.0, 66.0, 45.474605411400205)
(72.0, 67.0, 46.504908719408874)
(72.0, 68.0, 52.006188597109471)
(72.0, 69.0, 48.332863999617061)
(72.0, 70.0, 49.259257095992325)
(72.0, 71.0, 53.609057777286935)
(72.0, 72.0, 49.251203392501921)
(72.0, 73.0, 48.938410138816828)
(72.0, 74.0, 48.567372421540718)
(72.0, 75.0, 52.663333780047324)
(72.0, 76.0, 54.236825707534351)
(72.0, 77.0, 49.297123057443116)
(72.0, 78.0, 51.472243314266436)
(72.0, 79.0, 48.158440166265166)
(72.0, 80.0, 53.73950768308292)
(72.0, 81.0, 51.289463573802244)
(72.0, 82.0, 52.300430876489351)
(72.0, 83.0, 51.592150894005385)
(72.0, 84.0, 48.615940142124401)
(72.0, 85.0, 46.782622882023198)
(72.0, 86.0, 49.539548558555943)
(72.0, 87.0, 53.001567494310613)
(72.0, 88.0, 45.69169062294057)
(72.0, 89.0, 54.83369152560347)
(72.0, 90.0, 47.205036975850128)
(72.0, 91.0, 46.242269199124038)
(72.0, 92.0, 51.389019765078835)
(72.0, 93.0, 53.071747453241073)
(72.0, 94.0, 50.674757374338526)
(72.0, 95.0, 51.880593489587753)
(72.0, 96.0, 51.679535541729003)
(72.0, 97.0, 52.21508312327768)
(72.0, 98.0, 53.712320576532029)
(72.0, 99.0, 51.738976723861683)
(73.0, 0.0, 51.454810796165795)
(73.0, 1.0, 50.084515449393862)
(73.0, 2.0, 51.449272614851715)
(73.0, 3.0, 52.150866559566609)
(73.0, 4.0, 52.753453843763651)
(73.0, 5.0, 51.131347883673669)
(73.0, 6.0, 54.904725160145119)
(73.0, 7.0, 54.189465486689102)
(73.0, 8.0, 55.570834094487793)
(73.0, 9.0, 56.614494089193798)
(73.0, 10.0, 49.735043791931375)
(73.0, 11.0, 53.594866824359748)
(73.0, 12.0, 51.736966248763849)
(73.0, 13.0, 50.928677038786546)
(73.0, 14.0, 47.231266032141733)
(73.0, 15.0, 53.373108140209169)
(73.0, 16.0, 53.45439934311127)
(73.0, 17.0, 50.957605241132555)
(73.0, 18.0, 54.679455135661833)
(73.0, 19.0, 53.559262359001977)
(73.0, 20.0, 57.023133838026325)
(73.0, 21.0, 52.272505745096737)
(73.0, 22.0, 50.564533846559186)
(73.0, 23.0, 55.187542462915609)
(73.0, 24.0, 50.840281115382211)
(73.0, 25.0, 46.292637793627222)
(73.0, 26.0, 53.144457114785467)
(73.0, 27.0, 51.492014918231)
(73.0, 28.0, 53.150640482425658)
(73.0, 29.0, 50.731243352282455)
(73.0, 30.0, 49.638527293628485)
(73.0, 31.0, 51.876697386333362)
(73.0, 32.0, 54.391595142539515)
(73.0, 33.0, 52.48087331340291)
(73.0, 34.0, 49.63681363140941)
(73.0, 35.0, 52.558391238504271)
(73.0, 36.0, 52.793935036376908)
(73.0, 37.0, 50.902582150265388)
(73.0, 38.0, 51.786072720949377)
(73.0, 39.0, 49.795126881915678)
(73.0, 40.0, 50.61262405048619)
(73.0, 41.0, 51.982081440687175)
(73.0, 42.0, 48.866394219096634)
(73.0, 43.0, 48.452822027550496)
(73.0, 44.0, 50.358948349049321)
(73.0, 45.0, 53.573804747530758)
(73.0, 46.0, 46.466335819896635)
(73.0, 47.0, 51.304337191111614)
(73.0, 48.0, 50.739553040526744)
(73.0, 49.0, 49.772438585073047)
(73.0, 50.0, 48.258935221270633)
(73.0, 51.0, 49.817174353941695)
(73.0, 52.0, 50.886956728920204)
(73.0, 53.0, 53.898513345585684)
(73.0, 54.0, 47.703880390082332)
(73.0, 55.0, 48.664869647079314)
(73.0, 56.0, 53.125824453987917)
(73.0, 57.0, 46.89664249367074)
(73.0, 58.0, 53.77202214332678)
(73.0, 59.0, 51.960788103447072)
(73.0, 60.0, 53.235932241099945)
(73.0, 61.0, 50.217409214264904)
(73.0, 62.0, 50.961795148077059)
(73.0, 63.0, 49.114786591845615)
(73.0, 64.0, 52.363533439029524)
(73.0, 65.0, 51.706791497257903)
(73.0, 66.0, 50.413184656604386)
(73.0, 67.0, 48.240745416851574)
(73.0, 68.0, 54.74598424910355)
(73.0, 69.0, 51.869002381699858)
(73.0, 70.0, 52.562182052142219)
(73.0, 71.0, 54.649821014924797)
(73.0, 72.0, 52.22364087340398)
(73.0, 73.0, 51.69551822111714)
(73.0, 74.0, 49.509316141780424)
(73.0, 75.0, 52.371034712868109)
(73.0, 76.0, 53.055675148794606)
(73.0, 77.0, 48.802049039429548)
(73.0, 78.0, 50.550299582183357)
(73.0, 79.0, 51.524956825922928)
(73.0, 80.0, 55.766512590297459)
(73.0, 81.0, 53.665198671464992)
(73.0, 82.0, 51.129008995851912)
(73.0, 83.0, 51.626705345939783)
(73.0, 84.0, 48.292273895494404)
(73.0, 85.0, 47.588959249509102)
(73.0, 86.0, 49.732233041385442)
(73.0, 87.0, 54.232386932283617)
(73.0, 88.0, 48.205540715986643)
(73.0, 89.0, 55.602977329617175)
(73.0, 90.0, 53.368918817681212)
(73.0, 91.0, 47.907871893878152)
(73.0, 92.0, 55.15550937323178)
(73.0, 93.0, 54.024035852216372)
(73.0, 94.0, 53.096181797824968)
(73.0, 95.0, 52.911287690648891)
(73.0, 96.0, 53.487729454433953)
(73.0, 97.0, 56.140484603888666)
(73.0, 98.0, 54.658685878220822)
(73.0, 99.0, 52.436635055966562)
(74.0, 0.0, 50.578708979607001)
(74.0, 1.0, 50.130406513744347)
(74.0, 2.0, 49.963316984665489)
(74.0, 3.0, 51.319245066642253)
(74.0, 4.0, 49.933778807344311)
(74.0, 5.0, 50.600584140600105)
(74.0, 6.0, 53.936960640147134)
(74.0, 7.0, 51.868166019554124)
(74.0, 8.0, 55.716262380938332)
(74.0, 9.0, 55.87782254208652)
(74.0, 10.0, 50.869256625102295)
(74.0, 11.0, 57.23489305891934)
(74.0, 12.0, 52.476146698903754)
(74.0, 13.0, 48.04337449876121)
(74.0, 14.0, 49.827245301809995)
(74.0, 15.0, 52.803140868643879)
(74.0, 16.0, 51.012434324069062)
(74.0, 17.0, 49.330932649458148)
(74.0, 18.0, 54.388253748432319)
(74.0, 19.0, 54.768878511165184)
(74.0, 20.0, 55.226998261125146)
(74.0, 21.0, 49.048828840186474)
(74.0, 22.0, 51.470458119617369)
(74.0, 23.0, 49.867399423007598)
(74.0, 24.0, 48.680100147896958)
(74.0, 25.0, 46.064745628414954)
(74.0, 26.0, 51.699983481521585)
(74.0, 27.0, 51.398944212902158)
(74.0, 28.0, 52.750999932078244)
(74.0, 29.0, 51.573189859629309)
(74.0, 30.0, 50.872453673940669)
(74.0, 31.0, 48.918026951178604)
(74.0, 32.0, 54.112823484480799)
(74.0, 33.0, 53.723671981875157)
(74.0, 34.0, 53.893869686003086)
(74.0, 35.0, 51.183600038142565)
(74.0, 36.0, 52.283891064268857)
(74.0, 37.0, 48.481564705185932)
(74.0, 38.0, 51.234457506960652)
(74.0, 39.0, 51.755285832592513)
(74.0, 40.0, 48.60248203903889)
(74.0, 41.0, 53.135814811126849)
(74.0, 42.0, 50.360366397983434)
(74.0, 43.0, 51.455770202454779)
(74.0, 44.0, 51.450856659334185)
(74.0, 45.0, 54.263207705868503)
(74.0, 46.0, 47.921791011354308)
(74.0, 47.0, 49.434094760967454)
(74.0, 48.0, 49.93611301282936)
(74.0, 49.0, 50.570612359248003)
(74.0, 50.0, 48.086034312436396)
(74.0, 51.0, 48.854335832898471)
(74.0, 52.0, 51.341597006431599)
(74.0, 53.0, 54.485106529772267)
(74.0, 54.0, 49.147947154549655)
(74.0, 55.0, 52.68439011237912)
(74.0, 56.0, 51.370591634258062)
(74.0, 57.0, 48.20875258965475)
(74.0, 58.0, 50.50975442544604)
(74.0, 59.0, 53.50837161981238)
(74.0, 60.0, 53.227918481053351)
(74.0, 61.0, 49.108075085996816)
(74.0, 62.0, 53.83604638871536)
(74.0, 63.0, 47.221330031208254)
(74.0, 64.0, 52.396468174929048)
(74.0, 65.0, 52.797884949394373)
(74.0, 66.0, 49.743536073410283)
(74.0, 67.0, 49.105317141285823)
(74.0, 68.0, 51.3026203258744)
(74.0, 69.0, 51.96794218410291)
(74.0, 70.0, 50.565120119282334)
(74.0, 71.0, 53.841562128102765)
(74.0, 72.0, 53.200716395474316)
(74.0, 73.0, 50.390749479183)
(74.0, 74.0, 51.364870503593913)
(74.0, 75.0, 53.94910651903551)
(74.0, 76.0, 55.913472529105618)
(74.0, 77.0, 51.023059676032638)
(74.0, 78.0, 52.880183454074718)
(74.0, 79.0, 45.617436012935244)
(74.0, 80.0, 56.989742268815178)
(74.0, 81.0, 54.095675363326805)
(74.0, 82.0, 50.652459040601904)
(74.0, 83.0, 53.192347961984453)
(74.0, 84.0, 50.853703153581343)
(74.0, 85.0, 50.100407749319984)
(74.0, 86.0, 52.094271909104627)
(74.0, 87.0, 50.985139864222688)
(74.0, 88.0, 47.890580252194013)
(74.0, 89.0, 54.505445497913371)
(74.0, 90.0, 50.004851574416563)
(74.0, 91.0, 48.565738045059838)
(74.0, 92.0, 53.257331746420746)
(74.0, 93.0, 54.242707489242974)
