(54.0, 33.0, 54.286916041733541)
(54.0, 34.0, 53.130926602722283)
(54.0, 35.0, 52.148470956467406)
(54.0, 36.0, 51.004412057736033)
(54.0, 37.0, 49.615275470297945)
(54.0, 38.0, 48.799640404895385)
(54.0, 39.0, 52.280583446661943)
(54.0, 40.0, 51.439304355299278)
(54.0, 41.0, 52.022715770876466)
(54.0, 42.0, 49.558160223969423)
(54.0, 43.0, 50.974420290984391)
(54.0, 44.0, 49.960899693632044)
(54.0, 45.0, 54.377837991544723)
(54.0, 46.0, 49.035877962514995)
(54.0, 47.0, 47.791176866574688)
(54.0, 48.0, 50.140674603866806)
(54.0, 49.0, 48.100681217762599)
(54.0, 50.0, 48.203567227151467)
(54.0, 51.0, 51.764293054601708)
(54.0, 52.0, 51.684174408438238)
(54.0, 53.0, 54.719396637872421)
(54.0, 54.0, 48.510447207003608)
(54.0, 55.0, 52.359620124398333)
(54.0, 56.0, 52.118173752199098)
(54.0, 57.0, 46.003935909186495)
(54.0, 58.0, 52.06028215254188)
(54.0, 59.0, 51.617368938015588)
(54.0, 60.0, 52.873178561992965)
(54.0, 61.0, 49.858690546200791)
(54.0, 62.0, 51.449569937116664)
(54.0, 63.0, 47.041604617633446)
(54.0, 64.0, 52.791217107117888)
(54.0, 65.0, 50.33771937960563)
(54.0, 66.0, 48.512438490570247)
(54.0, 67.0, 46.910566018115688)
(54.0, 68.0, 53.60048437592431)
(54.0, 69.0, 49.92509359878818)
(54.0, 70.0, 52.344186686457817)
(54.0, 71.0, 54.104227715039201)
(54.0, 72.0, 50.79552957217647)
(54.0, 73.0, 51.904838764522985)
(54.0, 74.0, 49.946837246731931)
(54.0, 75.0, 53.440408433019797)
(54.0, 76.0, 52.692198241752948)
(54.0, 77.0, 46.585509080396506)
(54.0, 78.0, 53.413364301666661)
(54.0, 79.0, 48.801151252035154)
(54.0, 80.0, 55.125619228627791)
(54.0, 81.0, 54.916811578259612)
(54.0, 82.0, 48.833672341582506)
(54.0, 83.0, 53.604293274178033)
(54.0, 84.0, 48.483581090912864)
(54.0, 85.0, 49.532747623895233)
(54.0, 86.0, 50.410289838954427)
(54.0, 87.0, 48.28136278233076)
(54.0, 88.0, 45.927825561907568)
(54.0, 89.0, 56.497569809505265)
(54.0, 90.0, 49.38134014361853)
(54.0, 91.0, 48.395822756600921)
(54.0, 92.0, 53.886771694222546)
(54.0, 93.0, 52.471093539964713)
(54.0, 94.0, 53.161188605461888)
(54.0, 95.0, 51.766793938670929)
(54.0, 96.0, 53.670520053346038)
(54.0, 97.0, 52.704700954377458)
(54.0, 98.0, 55.499760113269431)
(54.0, 99.0, 54.411582744367465)
(55.0, 0.0, 52.876354785718128)
(55.0, 1.0, 52.166318840656928)
(55.0, 2.0, 52.315269537671767)
(55.0, 3.0, 53.165041162082744)
(55.0, 4.0, 53.384818927299271)
(55.0, 5.0, 53.100076152996209)
(55.0, 6.0, 55.881818637982398)
(55.0, 7.0, 55.149482533544173)
(55.0, 8.0, 58.616033371281439)
(55.0, 9.0, 57.692626358879011)
(55.0, 10.0, 49.885369315175176)
(55.0, 11.0, 56.011559061345523)
(55.0, 12.0, 52.678366720471452)
(55.0, 13.0, 52.064643514513151)
(55.0, 14.0, 53.280148448073874)
(55.0, 15.0, 54.265725455409111)
(55.0, 16.0, 52.399066696578046)
(55.0, 17.0, 50.905936563902642)
(55.0, 18.0, 53.015175736525052)
(55.0, 19.0, 55.186725356209188)
(55.0, 20.0, 57.759822788319454)
(55.0, 21.0, 49.646657608638293)
(55.0, 22.0, 53.455464054320274)
(55.0, 23.0, 53.844632815762168)
(55.0, 24.0, 52.498809358463618)
(55.0, 25.0, 48.322136634708727)
(55.0, 26.0, 54.723152036033547)
(55.0, 27.0, 52.634649618804545)
(55.0, 28.0, 54.337252364674164)
(55.0, 29.0, 54.561429213668873)
(55.0, 30.0, 49.730380420779156)
(55.0, 31.0, 50.761523472257295)
(55.0, 32.0, 57.09435602467326)
(55.0, 33.0, 53.969766803692124)
(55.0, 34.0, 53.938047255095583)
(55.0, 35.0, 55.510753196895529)
(55.0, 36.0, 53.313546937293779)
(55.0, 37.0, 49.525953593075023)
(55.0, 38.0, 52.576882529775958)
(55.0, 39.0, 50.231297442818672)
(55.0, 40.0, 51.784894218987745)
(55.0, 41.0, 55.88514259197968)
(55.0, 42.0, 51.457428225897551)
(55.0, 43.0, 52.607197198552029)
(55.0, 44.0, 53.174329338339476)
(55.0, 45.0, 55.633449095985839)
(55.0, 46.0, 51.124691879077218)
(55.0, 47.0, 51.428226599674659)
(55.0, 48.0, 52.158743305399454)
(55.0, 49.0, 52.531321741956631)
(55.0, 50.0, 49.761140401616174)
(55.0, 51.0, 49.837402610547691)
(55.0, 52.0, 52.411654394388734)
(55.0, 53.0, 54.661767265364759)
(55.0, 54.0, 48.810586461712766)
(55.0, 55.0, 53.768021842359609)
(55.0, 56.0, 52.984333652962121)
(55.0, 57.0, 47.739516626932698)
(55.0, 58.0, 54.804497355508673)
(55.0, 59.0, 52.709364345363021)
(55.0, 60.0, 55.275931738255878)
(55.0, 61.0, 51.536633364936399)
(55.0, 62.0, 53.26816989216843)
(55.0, 63.0, 49.977312950499766)
(55.0, 64.0, 55.438806774312951)
(55.0, 65.0, 52.132814822531515)
(55.0, 66.0, 52.001449504837282)
(55.0, 67.0, 48.381397654823587)
(55.0, 68.0, 55.36702849418527)
(55.0, 69.0, 52.069529877155844)
(55.0, 70.0, 53.28468248924419)
(55.0, 71.0, 54.30709703161105)
(55.0, 72.0, 53.782169175649663)
(55.0, 73.0, 53.587295582104304)
(55.0, 74.0, 51.899480380749083)
(55.0, 75.0, 55.667176888684658)
(55.0, 76.0, 57.088486219726541)
(55.0, 77.0, 48.904074675262734)
(55.0, 78.0, 55.152895721325891)
(55.0, 79.0, 50.139663633348235)
(55.0, 80.0, 57.091853883147962)
(55.0, 81.0, 55.099600313010491)
(55.0, 82.0, 52.473538429194747)
(55.0, 83.0, 53.65692772061027)
(55.0, 84.0, 52.7198295214437)
(55.0, 85.0, 51.922181317231761)
(55.0, 86.0, 51.483496228531578)
(55.0, 87.0, 52.344149710044967)
(55.0, 88.0, 49.563512565091884)
(55.0, 89.0, 56.389577729508545)
(55.0, 90.0, 52.688672287424914)
(55.0, 91.0, 50.890932365975921)
(55.0, 92.0, 56.584854606177856)
(55.0, 93.0, 55.178031163479936)
(55.0, 94.0, 55.743293169078058)
(55.0, 95.0, 54.324665133913768)
(55.0, 96.0, 56.120072630729524)
(55.0, 97.0, 55.996026583538388)
(55.0, 98.0, 57.196861881039439)
(55.0, 99.0, 54.902575178994958)
(56.0, 0.0, 49.96989722577986)
(56.0, 1.0, 47.721008606612358)
(56.0, 2.0, 48.873626203932218)
(56.0, 3.0, 51.081159407407696)
(56.0, 4.0, 49.993850445138939)
(56.0, 5.0, 49.279408202064822)
(56.0, 6.0, 51.139590958298911)
(56.0, 7.0, 48.512246314238197)
(56.0, 8.0, 54.532512643304656)
(56.0, 9.0, 52.996979471371681)
(56.0, 10.0, 48.904711366715695)
(56.0, 11.0, 52.565075310787925)
(56.0, 12.0, 48.523285411449031)
(56.0, 13.0, 48.560170782747214)
(56.0, 14.0, 47.784809740912252)
(56.0, 15.0, 50.791675811681039)
(56.0, 16.0, 53.053240574954273)
(56.0, 17.0, 48.054579322784072)
(56.0, 18.0, 51.991329684604466)
(56.0, 19.0, 52.986353023685979)
(56.0, 20.0, 50.744259783455476)
(56.0, 21.0, 48.85530382306181)
(56.0, 22.0, 48.334703590845137)
(56.0, 23.0, 51.535350624069196)
(56.0, 24.0, 48.831558867664754)
(56.0, 25.0, 44.944352220172327)
(56.0, 26.0, 51.498027758176526)
(56.0, 27.0, 51.303510036935293)
(56.0, 28.0, 52.657584064963146)
(56.0, 29.0, 52.075073193995593)
(56.0, 30.0, 50.397550528829626)
(56.0, 31.0, 47.72521296084021)
(56.0, 32.0, 54.799345143443645)
(56.0, 33.0, 51.475434222123262)
(56.0, 34.0, 49.801502203773623)
(56.0, 35.0, 47.787479013671032)
(56.0, 36.0, 50.726133123487507)
(56.0, 37.0, 47.022220546630876)
(56.0, 38.0, 49.521739317803906)
(56.0, 39.0, 48.52903656695355)
(56.0, 40.0, 47.443830178543124)
(56.0, 41.0, 51.617533202096475)
(56.0, 42.0, 48.645588904602519)
(56.0, 43.0, 48.133790171461236)
(56.0, 44.0, 49.590291063267685)
(56.0, 45.0, 49.685317175601689)
(56.0, 46.0, 47.047055757418704)
(56.0, 47.0, 47.682508346356613)
(56.0, 48.0, 49.233851383214315)
(56.0, 49.0, 47.940665605471807)
(56.0, 50.0, 46.824077198471961)
(56.0, 51.0, 51.225325112293554)
(56.0, 52.0, 49.5033550373861)
(56.0, 53.0, 53.227160310095542)
(56.0, 54.0, 46.939977200812358)
(56.0, 55.0, 51.098351977014204)
(56.0, 56.0, 53.086024893169352)
(56.0, 57.0, 44.731330943631228)
(56.0, 58.0, 53.144640510721359)
(56.0, 59.0, 50.380057557503704)
(56.0, 60.0, 52.79459536588152)
(56.0, 61.0, 50.440182650777956)
(56.0, 62.0, 50.561216286612662)
(56.0, 63.0, 48.285000847404433)
(56.0, 64.0, 51.303343676424561)
(56.0, 65.0, 50.97976498379694)
(56.0, 66.0, 47.971686890032757)
(56.0, 67.0, 47.059102266222176)
(56.0, 68.0, 51.563104232409671)
(56.0, 69.0, 51.174627433483806)
(56.0, 70.0, 49.357036775213516)
(56.0, 71.0, 52.091054796504807)
(56.0, 72.0, 50.199737552368546)
(56.0, 73.0, 50.868988423225609)
(56.0, 74.0, 47.174716295437683)
(56.0, 75.0, 51.685547183858951)
(56.0, 76.0, 51.089163591243441)
(56.0, 77.0, 49.080060361579193)
(56.0, 78.0, 50.308645030036431)
(56.0, 79.0, 48.17208290867076)
(56.0, 80.0, 55.145304526939071)
(56.0, 81.0, 52.888104607109511)
(56.0, 82.0, 51.725880795078822)
(56.0, 83.0, 48.73525301395852)
(56.0, 84.0, 49.869329970288028)
(56.0, 85.0, 48.379760149158798)
(56.0, 86.0, 48.649702661173194)
(56.0, 87.0, 49.069497366491788)
(56.0, 88.0, 45.821115720911173)
(56.0, 89.0, 54.219529855512377)
(56.0, 90.0, 50.793708541186895)
(56.0, 91.0, 45.199520083802724)
(56.0, 92.0, 53.353274855058494)
(56.0, 93.0, 49.70520948456997)
(56.0, 94.0, 53.861028840220726)
(56.0, 95.0, 50.502371340310951)
(56.0, 96.0, 49.788189362775967)
(56.0, 97.0, 54.158165031396727)
(56.0, 98.0, 55.181897600731759)
(56.0, 99.0, 52.605493129762451)
(57.0, 0.0, 50.312879320269815)
(57.0, 1.0, 50.695499432322464)
(57.0, 2.0, 49.898351400994386)
(57.0, 3.0, 48.932832222463979)
(57.0, 4.0, 47.512484317611268)
(57.0, 5.0, 50.873371331894468)
(57.0, 6.0, 53.049200731078955)
(57.0, 7.0, 51.461360632995635)
(57.0, 8.0, 53.592498652067341)
(57.0, 9.0, 56.104498574167621)
(57.0, 10.0, 50.723696873061044)
(57.0, 11.0, 54.435452311773787)
(57.0, 12.0, 51.039662490951642)
(57.0, 13.0, 48.178164824826681)
(57.0, 14.0, 50.483650999131484)
(57.0, 15.0, 51.663277827693818)
(57.0, 16.0, 52.370653762855213)
(57.0, 17.0, 48.528187865850903)
(57.0, 18.0, 52.180445544779843)
(57.0, 19.0, 50.097737823384179)
(57.0, 20.0, 53.163946264461885)
(57.0, 21.0, 48.703338872959257)
(57.0, 22.0, 48.935540795372475)
(57.0, 23.0, 51.18521463802508)
(57.0, 24.0, 48.960586931239575)
(57.0, 25.0, 43.610355678491899)
(57.0, 26.0, 52.666842536544493)
(57.0, 27.0, 50.862628594581324)
(57.0, 28.0, 52.699260339781191)
(57.0, 29.0, 52.330084734365819)
(57.0, 30.0, 49.248559983253543)
(57.0, 31.0, 49.100684206279851)
(57.0, 32.0, 54.110074967707178)
(57.0, 33.0, 52.925215354015656)
(57.0, 34.0, 48.016487346045665)
(57.0, 35.0, 50.443380385661868)
(57.0, 36.0, 51.407288086310984)
(57.0, 37.0, 49.329475329377992)
(57.0, 38.0, 49.407495585245528)
(57.0, 39.0, 49.976084598163865)
(57.0, 40.0, 47.663409044385119)
(57.0, 41.0, 52.33537550493768)
(57.0, 42.0, 49.995042556552853)
(57.0, 43.0, 50.587810493735191)
(57.0, 44.0, 50.717920495340195)
(57.0, 45.0, 52.314220711434089)
(57.0, 46.0, 47.307609188476953)
(57.0, 47.0, 46.574458877928237)
(57.0, 48.0, 49.658381215034723)
(57.0, 49.0, 50.322350495968081)
(57.0, 50.0, 47.519530635015478)
(57.0, 51.0, 48.006107582313518)
(57.0, 52.0, 49.586942659147333)
(57.0, 53.0, 50.951977251859915)
(57.0, 54.0, 47.096026698980275)
(57.0, 55.0, 51.255589791887324)
(57.0, 56.0, 50.598128420357781)
(57.0, 57.0, 46.20763281940674)
(57.0, 58.0, 52.58219633040126)
(57.0, 59.0, 52.851792914284424)
(57.0, 60.0, 50.921866657862083)
(57.0, 61.0, 47.406440352520512)
(57.0, 62.0, 51.79589190997082)
(57.0, 63.0, 49.667976199890759)
(57.0, 64.0, 52.744278496337898)
(57.0, 65.0, 50.748707601901764)
(57.0, 66.0, 49.619849408510476)
(57.0, 67.0, 45.377991653332273)
(57.0, 68.0, 53.167585201991479)
(57.0, 69.0, 49.883311983887992)
(57.0, 70.0, 50.91341217465714)
(57.0, 71.0, 50.962993541797275)
(57.0, 72.0, 51.271163969452601)
(57.0, 73.0, 50.211837046943799)
(57.0, 74.0, 49.582020775483002)
(57.0, 75.0, 52.339317741397736)
(57.0, 76.0, 52.087390093523808)
(57.0, 77.0, 47.347816658068588)
(57.0, 78.0, 52.575526932000287)
(57.0, 79.0, 47.012466204664008)
(57.0, 80.0, 54.95574755091166)
(57.0, 81.0, 52.456950770940594)
(57.0, 82.0, 48.864560845183917)
(57.0, 83.0, 52.101465325967283)
(57.0, 84.0, 50.136600620732978)
(57.0, 85.0, 47.790650163138949)
(57.0, 86.0, 50.660245227516768)
(57.0, 87.0, 51.104815389245985)
(57.0, 88.0, 47.356039583928258)
(57.0, 89.0, 53.801783354251825)
(57.0, 90.0, 50.090674430312475)
(57.0, 91.0, 46.685893792191578)
(57.0, 92.0, 54.16980447860076)
(57.0, 93.0, 48.750828356119754)
(57.0, 94.0, 51.291000976919165)
(57.0, 95.0, 48.125540242178289)
(57.0, 96.0, 51.793130301527604)
(57.0, 97.0, 51.100692266421561)
(57.0, 98.0, 54.443179191699699)
(57.0, 99.0, 54.408152014862708)
(58.0, 0.0, 51.569017119658213)
(58.0, 1.0, 51.239910787192393)
(58.0, 2.0, 53.002674986486788)
(58.0, 3.0, 53.565051266743879)
(58.0, 4.0, 52.18368374946958)
(58.0, 5.0, 52.691365854071108)
(58.0, 6.0, 55.87188957904138)
(58.0, 7.0, 53.928840407961971)
(58.0, 8.0, 56.065272063305862)
(58.0, 9.0, 58.168352244944302)
(58.0, 10.0, 50.182973006113144)
(58.0, 11.0, 54.34861880994815)
(58.0, 12.0, 54.029735456967096)
(58.0, 13.0, 50.84578229877512)
(58.0, 14.0, 52.791468440842237)
(58.0, 15.0, 55.191431297564364)
(58.0, 16.0, 54.886651596455479)
(58.0, 17.0, 49.879233260761076)
(58.0, 18.0, 55.605608592001161)
(58.0, 19.0, 54.550900373032633)
(58.0, 20.0, 57.485870533820261)
(58.0, 21.0, 50.159113549060123)
(58.0, 22.0, 51.504834088646703)
(58.0, 23.0, 55.1657777572903)
(58.0, 24.0, 52.322809217596784)
(58.0, 25.0, 48.125909075893091)
(58.0, 26.0, 53.529569960165389)
(58.0, 27.0, 51.206905294342604)
(58.0, 28.0, 55.125644004519827)
(58.0, 29.0, 51.574323256048487)
(58.0, 30.0, 52.771282533624344)
(58.0, 31.0, 50.996463351924945)
(58.0, 32.0, 57.048172721908273)
(58.0, 33.0, 56.756136498342443)
(58.0, 34.0, 55.743357779573174)
(58.0, 35.0, 55.368037924624041)
(58.0, 36.0, 52.168356105829503)
(58.0, 37.0, 53.234558459250771)
(58.0, 38.0, 52.018120193492614)
(58.0, 39.0, 52.089158100200585)
(58.0, 40.0, 51.551674279223256)
(58.0, 41.0, 54.305329482152025)
(58.0, 42.0, 51.680505561140549)
(58.0, 43.0, 52.822168237914155)
(58.0, 44.0, 53.233909642809053)
(58.0, 45.0, 55.77909224470875)
(58.0, 46.0, 48.104517335644857)
(58.0, 47.0, 49.612388687049631)
(58.0, 48.0, 52.553927434514335)
(58.0, 49.0, 51.918032732824329)
(58.0, 50.0, 51.689375503304404)
(58.0, 51.0, 50.310092703133364)
(58.0, 52.0, 51.767239284814238)
(58.0, 53.0, 55.036097797502968)
(58.0, 54.0, 52.724783115524652)
(58.0, 55.0, 52.378396934192843)
(58.0, 56.0, 53.961328962012132)
(58.0, 57.0, 48.124039687188315)
(58.0, 58.0, 52.083978896255196)
(58.0, 59.0, 53.417370094845879)
(58.0, 60.0, 56.21535209601501)
(58.0, 61.0, 50.3561207976772)
(58.0, 62.0, 53.242832863796082)
(58.0, 63.0, 50.403386824795227)
(58.0, 64.0, 56.019037975070859)
(58.0, 65.0, 52.102064524149185)
(58.0, 66.0, 51.420497629820801)
(58.0, 67.0, 49.865942851875957)
(58.0, 68.0, 56.241729494576973)
(58.0, 69.0, 51.013224059922678)
(58.0, 70.0, 54.657713380854474)
(58.0, 71.0, 56.098328830142634)
(58.0, 72.0, 51.955075739278698)
(58.0, 73.0, 56.066767174680038)
(58.0, 74.0, 52.384209481142598)
(58.0, 75.0, 54.855128687147193)
(58.0, 76.0, 55.31350710988113)
(58.0, 77.0, 49.697485101885334)
(58.0, 78.0, 52.94766628837435)
(58.0, 79.0, 48.524450952431067)
(58.0, 80.0, 57.271821275581388)
(58.0, 81.0, 55.777893972281824)
(58.0, 82.0, 55.2826912206259)
(58.0, 83.0, 55.85665976356362)
(58.0, 84.0, 50.792006913244279)
(58.0, 85.0, 51.604013587817519)
(58.0, 86.0, 52.190804756130404)
(58.0, 87.0, 52.93331857956953)
(58.0, 88.0, 51.229312072167531)
(58.0, 89.0, 57.564374415901213)
(58.0, 90.0, 52.76167788122595)
(58.0, 91.0, 49.751112998499039)
(58.0, 92.0, 55.35416935010106)
(58.0, 93.0, 53.338026388508524)
(58.0, 94.0, 54.73838765355589)
(58.0, 95.0, 53.917164048392408)
(58.0, 96.0, 54.504385493058564)
(58.0, 97.0, 54.261658190242628)
(58.0, 98.0, 57.168066529629236)
(58.0, 99.0, 57.09294163130339)
(59.0, 0.0, 48.153371723449709)
(59.0, 1.0, 46.633480800455558)
(59.0, 2.0, 46.062180398544506)
(59.0, 3.0, 48.688878964055021)
(59.0, 4.0, 46.75791900683565)
(59.0, 5.0, 48.408226024210876)
(59.0, 6.0, 49.335286598876166)
(59.0, 7.0, 44.865529958462588)
(59.0, 8.0, 50.535566946939632)
(59.0, 9.0, 49.728857870776594)
(59.0, 10.0, 45.96908685893807)
(59.0, 11.0, 51.294010537088667)
(59.0, 12.0, 46.89116064228741)
(59.0, 13.0, 44.154321675284542)
(59.0, 14.0, 47.871724699092873)
(59.0, 15.0, 48.391792069402428)
(59.0, 16.0, 49.104355419995997)
(59.0, 17.0, 48.480817280975614)
(59.0, 18.0, 48.142999147441628)
(59.0, 19.0, 50.211898289346721)
(59.0, 20.0, 49.583655137544909)
(59.0, 21.0, 46.604730446797468)
(59.0, 22.0, 47.802859177192829)
(59.0, 23.0, 48.142990129582444)
(59.0, 24.0, 46.684398137047999)
(59.0, 25.0, 43.288701729201414)
(59.0, 26.0, 49.18134303035248)
(59.0, 27.0, 46.956338706359674)
(59.0, 28.0, 49.822859670840693)
(59.0, 29.0, 48.064144772873647)
(59.0, 30.0, 46.312498122071304)
(59.0, 31.0, 47.813131482531645)
(59.0, 32.0, 53.08626319426449)
(59.0, 33.0, 49.520556319243624)
(59.0, 34.0, 47.997833856654779)
(59.0, 35.0, 46.846636646081777)
(59.0, 36.0, 47.416591508854012)
(59.0, 37.0, 46.153293541467256)
(59.0, 38.0, 46.122844978342357)
(59.0, 39.0, 47.025818750590382)
(59.0, 40.0, 48.881618658955318)
(59.0, 41.0, 49.857489630705253)
(59.0, 42.0, 46.35985516665761)
(59.0, 43.0, 46.916505553188841)
(59.0, 44.0, 47.91283581676727)
(59.0, 45.0, 49.678081896341141)
(59.0, 46.0, 45.860374530112026)
(59.0, 47.0, 45.185911910543609)
(59.0, 48.0, 49.715773271457842)
(59.0, 49.0, 45.890715227770563)
(59.0, 50.0, 43.934837166336905)
(59.0, 51.0, 46.976224692106683)
(59.0, 52.0, 47.123644273154284)
(59.0, 53.0, 50.42221928664933)
(59.0, 54.0, 44.61596087528298)
(59.0, 55.0, 48.937509614543274)
(59.0, 56.0, 47.675907224512244)
(59.0, 57.0, 44.04157392608986)
(59.0, 58.0, 50.494467541071316)
(59.0, 59.0, 47.641500829319853)
(59.0, 60.0, 48.60048845119347)
(59.0, 61.0, 45.761178611017975)
(59.0, 62.0, 47.458250639732668)
(59.0, 63.0, 46.45474479919767)
(59.0, 64.0, 48.3177542293801)
(59.0, 65.0, 49.336976968426939)
(59.0, 66.0, 44.887580114423642)
(59.0, 67.0, 45.108080659507372)
(59.0, 68.0, 48.88874178766676)
(59.0, 69.0, 47.169709034115144)
(59.0, 70.0, 45.394436042517732)
(59.0, 71.0, 49.696620382717299)
(59.0, 72.0, 47.121553084506715)
(59.0, 73.0, 48.83236156491202)
(59.0, 74.0, 46.332878747392485)
(59.0, 75.0, 47.052296645094941)
(59.0, 76.0, 49.338462253307362)
(59.0, 77.0, 47.798690037094161)
(59.0, 78.0, 48.143316065158139)
(59.0, 79.0, 46.38038350641073)
(59.0, 80.0, 50.715104854846004)
(59.0, 81.0, 49.358069401461009)
(59.0, 82.0, 48.407538889398339)
(59.0, 83.0, 48.946308339173754)
(59.0, 84.0, 46.558570274085739)
(59.0, 85.0, 44.930140195112884)
(59.0, 86.0, 46.631304804212931)
(59.0, 87.0, 48.213473346479148)
(59.0, 88.0, 45.313061388093715)
(59.0, 89.0, 52.450415659118164)
(59.0, 90.0, 44.588819342731078)
(59.0, 91.0, 42.332634346940189)
(59.0, 92.0, 49.445711870292094)
(59.0, 93.0, 49.885134539958081)
(59.0, 94.0, 50.415757083613457)
(59.0, 95.0, 48.200846783554752)
(59.0, 96.0, 48.921747238157636)
(59.0, 97.0, 48.292775481896768)
(59.0, 98.0, 49.730209884829328)
(59.0, 99.0, 49.089126008454045)
(60.0, 0.0, 51.977605693554118)
(60.0, 1.0, 49.896664894407252)
(60.0, 2.0, 48.409886625932714)
(60.0, 3.0, 50.673783429408367)
(60.0, 4.0, 50.530689941144246)
(60.0, 5.0, 52.89785026204116)
(60.0, 6.0, 53.168245476003129)
(60.0, 7.0, 50.862532961985373)
(60.0, 8.0, 54.040184427633676)
(60.0, 9.0, 56.99384361590274)
(60.0, 10.0, 51.094894230494589)
(60.0, 11.0, 54.508995172913288)
(60.0, 12.0, 51.857484296229266)
(60.0, 13.0, 50.347715164817913)
(60.0, 14.0, 52.708603954357763)
(60.0, 15.0, 53.729809862605293)
(60.0, 16.0, 53.483943792261144)
(60.0, 17.0, 51.696616082717753)
(60.0, 18.0, 55.49339408114907)
(60.0, 19.0, 53.166348756107062)
(60.0, 20.0, 55.897308651188084)
(60.0, 21.0, 52.237745586140839)
(60.0, 22.0, 50.379598665350798)
(60.0, 23.0, 51.56832424120212)
(60.0, 24.0, 51.273729866257241)
(60.0, 25.0, 46.851598011810388)
(60.0, 26.0, 54.42063377892778)
(60.0, 27.0, 51.566472306742476)
(60.0, 28.0, 55.040889551809727)
(60.0, 29.0, 51.661152444496487)
(60.0, 30.0, 52.07441016083969)
(60.0, 31.0, 51.288779850024973)
(60.0, 32.0, 55.982569677238828)
(60.0, 33.0, 55.028625145357211)
(60.0, 34.0, 54.842732553487195)
(60.0, 35.0, 51.266469786783972)
(60.0, 36.0, 50.495643664805925)
(60.0, 37.0, 49.192143358899571)
(60.0, 38.0, 51.111920162163443)
(60.0, 39.0, 51.920537142498844)
(60.0, 40.0, 48.300580580351124)
(60.0, 41.0, 54.639948178987673)
(60.0, 42.0, 50.986115167661325)
(60.0, 43.0, 50.709169259756159)
(60.0, 44.0, 51.533558378595835)
(60.0, 45.0, 54.611836142875262)
(60.0, 46.0, 48.842523760312879)
(60.0, 47.0, 49.415839250694134)
(60.0, 48.0, 49.622009463487991)
(60.0, 49.0, 53.739598785931548)
(60.0, 50.0, 49.517461318231426)
(60.0, 51.0, 47.246702398922658)
(60.0, 52.0, 49.422399964615877)
(60.0, 53.0, 53.211080366922928)
(60.0, 54.0, 47.894157945562682)
(60.0, 55.0, 56.072839146386201)
(60.0, 56.0, 51.118004874923258)
(60.0, 57.0, 47.65916245570186)
(60.0, 58.0, 51.503308332337902)
(60.0, 59.0, 51.950885876752317)
(60.0, 60.0, 54.506009847415129)
(60.0, 61.0, 49.388689426891837)
(60.0, 62.0, 52.525858649742027)
(60.0, 63.0, 48.06211399074229)
(60.0, 64.0, 50.775353080542018)
(60.0, 65.0, 53.357381549167101)
(60.0, 66.0, 50.664261753092212)
(60.0, 67.0, 47.837740390787197)
(60.0, 68.0, 53.607765182803448)
(60.0, 69.0, 50.66367352394262)
(60.0, 70.0, 51.179198491057619)
(60.0, 71.0, 53.82259604521105)
(60.0, 72.0, 51.849138218576144)
(60.0, 73.0, 52.825507188149054)
(60.0, 74.0, 50.914400159543938)
(60.0, 75.0, 51.493515284134148)
(60.0, 76.0, 54.207705413415937)
(60.0, 77.0, 51.166566459781428)
(60.0, 78.0, 52.697567141585075)
(60.0, 79.0, 47.554105891278766)
(60.0, 80.0, 57.462421528009941)
(60.0, 81.0, 54.305526457357885)
(60.0, 82.0, 52.324452557118661)
(60.0, 83.0, 52.513167960524626)
(60.0, 84.0, 50.36317702071981)
(60.0, 85.0, 50.897783261347897)
(60.0, 86.0, 52.594359424332062)
(60.0, 87.0, 52.349197541288191)
(60.0, 88.0, 50.274812158455504)
(60.0, 89.0, 55.933011647090467)
(60.0, 90.0, 49.772900345436383)
(60.0, 91.0, 48.733333254546174)
(60.0, 92.0, 54.255952373389171)
(60.0, 93.0, 54.328264701801757)
(60.0, 94.0, 53.934704620514495)
(60.0, 95.0, 53.543491487988852)
(60.0, 96.0, 54.461460360026521)
(60.0, 97.0, 53.244056069961118)
(60.0, 98.0, 56.596485605547009)
(60.0, 99.0, 53.488217714124048)
(61.0, 0.0, 50.171833887151209)
(61.0, 1.0, 51.476786287861962)
(61.0, 2.0, 49.874365479081035)
(61.0, 3.0, 53.676994568220003)
(61.0, 4.0, 53.317618786141139)
(61.0, 5.0, 50.350849208379387)
(61.0, 6.0, 54.974309730754698)
(61.0, 7.0, 52.407652358203478)
(61.0, 8.0, 55.348715092938249)
(61.0, 9.0, 55.988095444705976)
(61.0, 10.0, 48.002236148651384)
(61.0, 11.0, 54.07046716430532)
(61.0, 12.0, 50.650285905281009)
(61.0, 13.0, 49.977221136192249)
(61.0, 14.0, 48.708768998745001)
(61.0, 15.0, 52.852666517770302)
(61.0, 16.0, 53.297187143007356)
(61.0, 17.0, 50.351092778813815)
(61.0, 18.0, 53.132823090830833)
(61.0, 19.0, 52.81986860000805)
(61.0, 20.0, 56.982269920710813)
(61.0, 21.0, 52.422264946102402)
(61.0, 22.0, 49.10277312293087)
(61.0, 23.0, 55.805844325429732)
(61.0, 24.0, 52.640048596648029)
(61.0, 25.0, 45.492527433833402)
(61.0, 26.0, 54.277980446984948)
(61.0, 27.0, 52.637263095745496)
(61.0, 28.0, 54.111862190159528)
(61.0, 29.0, 49.762051555618463)
(61.0, 30.0, 50.812845825743608)
(61.0, 31.0, 50.227079323737676)
(61.0, 32.0, 55.801383511172659)
(61.0, 33.0, 54.059980213820708)
(61.0, 34.0, 52.540164219227677)
(61.0, 35.0, 50.556605337330055)
(61.0, 36.0, 52.051289789142857)
(61.0, 37.0, 49.857375973171827)
(61.0, 38.0, 50.629246230411617)
(61.0, 39.0, 51.114942654503523)
(61.0, 40.0, 50.302892302466063)
(61.0, 41.0, 50.588798774653355)
(61.0, 42.0, 51.595782704231738)
(61.0, 43.0, 49.39731913382483)
(61.0, 44.0, 53.312148241866737)
(61.0, 45.0, 52.757754779065536)
(61.0, 46.0, 49.339517305101523)
(61.0, 47.0, 48.461921351559582)
(61.0, 48.0, 51.243080123157569)
(61.0, 49.0, 50.77429367804676)
(61.0, 50.0, 50.414440937237814)
(61.0, 51.0, 48.459336157224783)
(61.0, 52.0, 49.594723417370048)
(61.0, 53.0, 53.370982173069301)
(61.0, 54.0, 50.547808853026872)
(61.0, 55.0, 52.174133670037598)
(61.0, 56.0, 52.466824774278862)
(61.0, 57.0, 46.055742911850601)
(61.0, 58.0, 50.267298192870186)
(61.0, 59.0, 52.377104824328555)
(61.0, 60.0, 53.865327125391744)
(61.0, 61.0, 53.433775835704886)
(61.0, 62.0, 50.070815345442853)
(61.0, 63.0, 47.467544345635083)
(61.0, 64.0, 54.510007621908485)
(61.0, 65.0, 52.279080807217738)
(61.0, 66.0, 49.713716623659266)
(61.0, 67.0, 46.671230190232883)
(61.0, 68.0, 53.807137818206712)
(61.0, 69.0, 50.791244482167826)
(61.0, 70.0, 50.456014433078366)
(61.0, 71.0, 54.331093099829872)
(61.0, 72.0, 51.388576192135773)
(61.0, 73.0, 53.057336226923582)
(61.0, 74.0, 50.91526097783958)
(61.0, 75.0, 54.441039105380597)
(61.0, 76.0, 51.831258028915904)
(61.0, 77.0, 48.616121656813391)
(61.0, 78.0, 52.302061744340726)
(61.0, 79.0, 48.021667817387595)
(61.0, 80.0, 56.605436884370583)
(61.0, 81.0, 56.916987118699097)
(61.0, 82.0, 50.809923162714647)
(61.0, 83.0, 52.68756752089277)
(61.0, 84.0, 47.747898653550514)
(61.0, 85.0, 49.187982432609253)
(61.0, 86.0, 50.601187231727152)
(61.0, 87.0, 50.324754087323946)
(61.0, 88.0, 47.367526699598443)
(61.0, 89.0, 54.134581754748943)
(61.0, 90.0, 51.565113473723784)
(61.0, 91.0, 48.240501917034834)
(61.0, 92.0, 53.452608716863082)
(61.0, 93.0, 51.456611988777574)
(61.0, 94.0, 52.495392057952564)
(61.0, 95.0, 53.685381617059349)
(61.0, 96.0, 54.970120953552531)
(61.0, 97.0, 54.530598709900872)
(61.0, 98.0, 55.358186740393265)
(61.0, 99.0, 53.544114375100349)
