(62.0, 0.0, 49.886741716221145)
(62.0, 1.0, 48.755756487758937)
(62.0, 2.0, 47.121503467263466)
(62.0, 3.0, 52.387712844688679)
(62.0, 4.0, 50.653004057838615)
(62.0, 5.0, 51.580346407934272)
(62.0, 6.0, 54.701147360952689)
(62.0, 7.0, 51.232853088186197)
(62.0, 8.0, 54.190900518153342)
(62.0, 9.0, 53.158626999551899)
(62.0, 10.0, 49.807661186275922)
(62.0, 11.0, 51.127651883205814)
(62.0, 12.0, 51.059111317564174)
(62.0, 13.0, 47.336114469386956)
(62.0, 14.0, 48.552373530330215)
(62.0, 15.0, 52.125592224303233)
(62.0, 16.0, 51.314859249530585)
(62.0, 17.0, 49.373941172908751)
(62.0, 18.0, 53.691810476070629)
(62.0, 19.0, 50.42439141640034)
(62.0, 20.0, 53.266804109852906)
(62.0, 21.0, 49.396040635845289)
(62.0, 22.0, 50.895992605272127)
(62.0, 23.0, 50.773840655630778)
(62.0, 24.0, 47.152728357098347)
(62.0, 25.0, 46.519618656758887)
(62.0, 26.0, 53.230051591133687)
(62.0, 27.0, 49.682349007503262)
(62.0, 28.0, 52.774356040024301)
(62.0, 29.0, 48.218404204272204)
(62.0, 30.0, 52.513319660766548)
(62.0, 31.0, 47.419757003978063)
(62.0, 32.0, 53.44103561210953)
(62.0, 33.0, 50.251268227842573)
(62.0, 34.0, 50.926863512520555)
(62.0, 35.0, 50.534816881858255)
(62.0, 36.0, 52.25823241284138)
(62.0, 37.0, 48.508878945566131)
(62.0, 38.0, 48.224724649151028)
(62.0, 39.0, 50.659884697778054)
(62.0, 40.0, 45.671921902917482)
(62.0, 41.0, 51.995684835357466)
(62.0, 42.0, 48.206284183232896)
(62.0, 43.0, 50.780397046330222)
(62.0, 44.0, 52.680281161698197)
(62.0, 45.0, 53.617139116579551)
(62.0, 46.0, 47.60706279948009)
(62.0, 47.0, 47.828648063751515)
(62.0, 48.0, 50.251928812708705)
(62.0, 49.0, 51.034752671019334)
(62.0, 50.0, 47.806412641147602)
(62.0, 51.0, 50.945756405184092)
(62.0, 52.0, 49.747498319965331)
(62.0, 53.0, 53.10396902341629)
(62.0, 54.0, 47.91606034607014)
(62.0, 55.0, 52.405898941669179)
(62.0, 56.0, 50.643984450645164)
(62.0, 57.0, 45.764834771839233)
(62.0, 58.0, 51.876697811468304)
(62.0, 59.0, 50.718940070816046)
(62.0, 60.0, 50.958583617330191)
(62.0, 61.0, 49.517508383920003)
(62.0, 62.0, 50.939839082368195)
(62.0, 63.0, 48.337233615239569)
(62.0, 64.0, 50.505961461552396)
(62.0, 65.0, 49.976614823821762)
(62.0, 66.0, 48.98962798138237)
(62.0, 67.0, 45.047336258362655)
(62.0, 68.0, 52.61819151074144)
(62.0, 69.0, 49.210979001490827)
(62.0, 70.0, 47.629761613808611)
(62.0, 71.0, 54.942883525650586)
(62.0, 72.0, 48.813703935063558)
(62.0, 73.0, 50.143650423524647)
(62.0, 74.0, 50.465035495765427)
(62.0, 75.0, 51.951999698158104)
(62.0, 76.0, 52.293341969111218)
(62.0, 77.0, 48.254709766568574)
(62.0, 78.0, 53.595972917017697)
(62.0, 79.0, 48.999682461007509)
(62.0, 80.0, 54.537121498407927)
(62.0, 81.0, 53.975004989313774)
(62.0, 82.0, 49.412247526431344)
(62.0, 83.0, 49.632472339603154)
(62.0, 84.0, 49.759085293672143)
(62.0, 85.0, 47.440575581635372)
(62.0, 86.0, 50.340354946934539)
(62.0, 87.0, 50.465852220680809)
(62.0, 88.0, 45.532252046364249)
(62.0, 89.0, 53.204384435304313)
(62.0, 90.0, 47.968433590704613)
(62.0, 91.0, 47.532286358217483)
(62.0, 92.0, 52.666675486262321)
(62.0, 93.0, 51.37003924942978)
(62.0, 94.0, 53.691604098376828)
(62.0, 95.0, 51.189339317630633)
(62.0, 96.0, 51.801879533343893)
(62.0, 97.0, 53.959484675768913)
(62.0, 98.0, 53.031373847399351)
(62.0, 99.0, 51.532018542100616)
(63.0, 0.0, 49.13231950066529)
(63.0, 1.0, 50.448294703013325)
(63.0, 2.0, 47.934245394077053)
(63.0, 3.0, 51.681568319527621)
(63.0, 4.0, 53.17536084663594)
(63.0, 5.0, 52.413717289076772)
(63.0, 6.0, 52.747891244109617)
(63.0, 7.0, 50.172932779283038)
(63.0, 8.0, 53.66529311353333)
(63.0, 9.0, 54.490558275160367)
(63.0, 10.0, 52.69920619417524)
(63.0, 11.0, 54.899942596872279)
(63.0, 12.0, 52.529722414456245)
(63.0, 13.0, 46.278715666835836)
(63.0, 14.0, 50.179831748359938)
(63.0, 15.0, 52.661867749180786)
(63.0, 16.0, 51.637382145572289)
(63.0, 17.0, 50.881782441276641)
(63.0, 18.0, 51.051666195299042)
(63.0, 19.0, 53.967184065249128)
(63.0, 20.0, 53.221597838564549)
(63.0, 21.0, 49.306752871529795)
(63.0, 22.0, 51.951086037785423)
(63.0, 23.0, 53.346731486425526)
(63.0, 24.0, 50.499956239810572)
(63.0, 25.0, 47.985772992555738)
(63.0, 26.0, 52.489343547235173)
(63.0, 27.0, 51.539352294917812)
(63.0, 28.0, 54.841709388528784)
(63.0, 29.0, 50.271569938655318)
(63.0, 30.0, 49.753171981280893)
(63.0, 31.0, 50.276419825038325)
(63.0, 32.0, 54.601083977004876)
(63.0, 33.0, 51.843332110912812)
(63.0, 34.0, 51.624120239214605)
(63.0, 35.0, 50.447237953810884)
(63.0, 36.0, 50.3490465689639)
(63.0, 37.0, 48.994946806391283)
(63.0, 38.0, 50.05303297170417)
(63.0, 39.0, 49.01659588654465)
(63.0, 40.0, 49.081247889577888)
(63.0, 41.0, 52.918857491765763)
(63.0, 42.0, 49.058366709638754)
(63.0, 43.0, 50.617984479605354)
(63.0, 44.0, 49.401514852150072)
(63.0, 45.0, 52.728523932705741)
(63.0, 46.0, 46.634111792895126)
(63.0, 47.0, 50.792928134122093)
(63.0, 48.0, 50.530072160194209)
(63.0, 49.0, 49.421885697809451)
(63.0, 50.0, 47.045844299363687)
(63.0, 51.0, 48.837715725740949)
(63.0, 52.0, 49.959124399729227)
(63.0, 53.0, 54.406705312096236)
(63.0, 54.0, 47.310871927701363)
(63.0, 55.0, 52.500038491306171)
(63.0, 56.0, 51.263736338160477)
(63.0, 57.0, 46.625520179930767)
(63.0, 58.0, 50.902902629025974)
(63.0, 59.0, 52.741230287019128)
(63.0, 60.0, 52.612848391516863)
(63.0, 61.0, 48.821947109026993)
(63.0, 62.0, 50.703895672702501)
(63.0, 63.0, 48.446664391780672)
(63.0, 64.0, 50.920216373509916)
(63.0, 65.0, 51.636673291313812)
(63.0, 66.0, 49.305906398112214)
(63.0, 67.0, 47.046369152383122)
(63.0, 68.0, 54.131309600959327)
(63.0, 69.0, 48.488752467264476)
(63.0, 70.0, 49.03911326171076)
(63.0, 71.0, 55.442414140959706)
(63.0, 72.0, 51.733868475445249)
(63.0, 73.0, 52.041745594087502)
(63.0, 74.0, 51.434475353441165)
(63.0, 75.0, 50.674643892326031)
(63.0, 76.0, 51.890309354114017)
(63.0, 77.0, 48.726326740994047)
(63.0, 78.0, 51.156300590526627)
(63.0, 79.0, 48.98727239923047)
(63.0, 80.0, 55.965331761900266)
(63.0, 81.0, 56.506802906852613)
(63.0, 82.0, 50.919830453208803)
(63.0, 83.0, 50.809288857218718)
(63.0, 84.0, 50.917870232641036)
(63.0, 85.0, 49.32288016293009)
(63.0, 86.0, 50.464068475393688)
(63.0, 87.0, 49.979478350407774)
(63.0, 88.0, 46.984847509921053)
(63.0, 89.0, 54.967031070769586)
(63.0, 90.0, 49.237109692603099)
(63.0, 91.0, 47.614732539138757)
(63.0, 92.0, 54.619697003351149)
(63.0, 93.0, 52.249100006359953)
(63.0, 94.0, 54.630042231826089)
(63.0, 95.0, 52.244501969541204)
(63.0, 96.0, 53.328318904175319)
(63.0, 97.0, 54.410681368257855)
(63.0, 98.0, 57.450383712595531)
(63.0, 99.0, 50.33756413511567)
(64.0, 0.0, 49.789304456335145)
(64.0, 1.0, 50.018170849475091)
(64.0, 2.0, 48.546225917557827)
(64.0, 3.0, 48.741429068220683)
(64.0, 4.0, 52.938685923139488)
(64.0, 5.0, 49.975377614378431)
(64.0, 6.0, 51.85457492624662)
(64.0, 7.0, 49.816902705526005)
(64.0, 8.0, 52.155571621855437)
(64.0, 9.0, 56.311667249429817)
(64.0, 10.0, 50.618447009545058)
(64.0, 11.0, 53.136178588198646)
(64.0, 12.0, 49.194091597530168)
(64.0, 13.0, 48.48592595166545)
(64.0, 14.0, 50.700720237801008)
(64.0, 15.0, 54.365600948803717)
(64.0, 16.0, 51.842090441346315)
(64.0, 17.0, 49.03571695352931)
(64.0, 18.0, 52.669291345405512)
(64.0, 19.0, 53.924944009839905)
(64.0, 20.0, 52.870552335510041)
(64.0, 21.0, 50.074047296109669)
(64.0, 22.0, 51.092109698443295)
(64.0, 23.0, 51.024368482607329)
(64.0, 24.0, 49.297158520392792)
(64.0, 25.0, 47.646178639550456)
(64.0, 26.0, 51.889416383871705)
(64.0, 27.0, 49.603302763483583)
(64.0, 28.0, 51.138258631639459)
(64.0, 29.0, 49.33488766682256)
(64.0, 30.0, 51.392069687429043)
(64.0, 31.0, 50.401430572728898)
(64.0, 32.0, 54.589983958051491)
(64.0, 33.0, 54.790888644481839)
(64.0, 34.0, 51.245266367674546)
(64.0, 35.0, 53.149333040423826)
(64.0, 36.0, 49.030471875862858)
(64.0, 37.0, 48.696832630325986)
(64.0, 38.0, 48.756032797410697)
(64.0, 39.0, 51.069210934807238)
(64.0, 40.0, 47.624904464391904)
(64.0, 41.0, 53.264495815717567)
(64.0, 42.0, 48.886971582605263)
(64.0, 43.0, 50.128073277289744)
(64.0, 44.0, 50.926647993659195)
(64.0, 45.0, 52.162608195979914)
(64.0, 46.0, 47.414341175625076)
(64.0, 47.0, 47.405327140528073)
(64.0, 48.0, 49.359973486969551)
(64.0, 49.0, 50.324299629623781)
(64.0, 50.0, 48.407046799667071)
(64.0, 51.0, 49.819352142605538)
(64.0, 52.0, 50.501887449174184)
(64.0, 53.0, 53.690688038270174)
(64.0, 54.0, 49.963137748571668)
(64.0, 55.0, 51.930939929908426)
(64.0, 56.0, 50.962543319349074)
(64.0, 57.0, 48.175527547114754)
(64.0, 58.0, 50.308379830411354)
(64.0, 59.0, 49.569633124633143)
(64.0, 60.0, 51.429892128500583)
(64.0, 61.0, 48.699324300175363)
(64.0, 62.0, 49.819617810134766)
(64.0, 63.0, 48.584413744261226)
(64.0, 64.0, 52.146330363128406)
(64.0, 65.0, 51.020279657720664)
(64.0, 66.0, 47.809097051370721)
(64.0, 67.0, 45.238056005209422)
(64.0, 68.0, 53.612855300807581)
(64.0, 69.0, 49.410071695954407)
(64.0, 70.0, 50.77023063226838)
(64.0, 71.0, 52.295971100633594)
(64.0, 72.0, 51.133415693431814)
(64.0, 73.0, 52.240238397499589)
(64.0, 74.0, 48.850169099504683)
(64.0, 75.0, 50.844073672936737)
(64.0, 76.0, 52.663969051474865)
(64.0, 77.0, 49.330272744357174)
(64.0, 78.0, 51.437853010587105)
(64.0, 79.0, 47.924975108126162)
(64.0, 80.0, 54.110431301302995)
(64.0, 81.0, 54.757195697768239)
(64.0, 82.0, 52.676614521894336)
(64.0, 83.0, 52.455204019446178)
(64.0, 84.0, 48.123890512162006)
(64.0, 85.0, 49.094947531262022)
(64.0, 86.0, 51.096244957017504)
(64.0, 87.0, 50.674347418506201)
(64.0, 88.0, 48.670386363452799)
(64.0, 89.0, 56.527357663658918)
(64.0, 90.0, 49.262980148619022)
(64.0, 91.0, 49.232946223471146)
(64.0, 92.0, 52.329353355757796)
(64.0, 93.0, 51.967794898868618)
(64.0, 94.0, 52.392804374513616)
(64.0, 95.0, 52.527419180150829)
(64.0, 96.0, 52.348580705288541)
(64.0, 97.0, 55.43038243066254)
(64.0, 98.0, 55.267430910937343)
(64.0, 99.0, 53.139491644085261)
(65.0, 0.0, 46.36295581131769)
(65.0, 1.0, 48.295060997306777)
(65.0, 2.0, 49.146440907822658)
(65.0, 3.0, 48.952257432627675)
(65.0, 4.0, 48.826826001689646)
(65.0, 5.0, 50.859165798445517)
(65.0, 6.0, 53.034919849314718)
(65.0, 7.0, 50.179172477319788)
(65.0, 8.0, 53.734717059776557)
(65.0, 9.0, 52.823657954435461)
(65.0, 10.0, 49.201437538828756)
(65.0, 11.0, 53.27164692585314)
(65.0, 12.0, 49.947728439203459)
(65.0, 13.0, 46.348730866112028)
(65.0, 14.0, 48.533202505499723)
(65.0, 15.0, 52.551470938904501)
(65.0, 16.0, 49.862264677097052)
(65.0, 17.0, 47.954123536328908)
(65.0, 18.0, 53.161439643884229)
(65.0, 19.0, 51.813327632607042)
(65.0, 20.0, 53.173448413756944)
(65.0, 21.0, 48.88964515495681)
(65.0, 22.0, 48.328904236682796)
(65.0, 23.0, 49.407552248029774)
(65.0, 24.0, 49.094721889697482)
(65.0, 25.0, 45.656149861284383)
(65.0, 26.0, 53.165492533844386)
(65.0, 27.0, 49.540342785678469)
(65.0, 28.0, 51.964425935102909)
(65.0, 29.0, 49.472418383198388)
(65.0, 30.0, 48.914291399618619)
(65.0, 31.0, 50.01806285220502)
(65.0, 32.0, 52.584812031780771)
(65.0, 33.0, 50.525851341062591)
(65.0, 34.0, 50.648399206616659)
(65.0, 35.0, 48.855146057418331)
(65.0, 36.0, 50.054664550046198)
(65.0, 37.0, 47.708872790625911)
(65.0, 38.0, 50.555602355001021)
(65.0, 39.0, 46.819551062127282)
(65.0, 40.0, 49.25386366445229)
(65.0, 41.0, 51.616123849394214)
(65.0, 42.0, 48.473348448142815)
(65.0, 43.0, 49.807606080684977)
(65.0, 44.0, 49.92226190015424)
(65.0, 45.0, 49.214323514551566)
(65.0, 46.0, 46.985602224494407)
(65.0, 47.0, 48.607918822442365)
(65.0, 48.0, 49.675304678991999)
(65.0, 49.0, 51.19475526579879)
(65.0, 50.0, 47.684672355748646)
(65.0, 51.0, 45.834186682949223)
(65.0, 52.0, 48.830222628565323)
(65.0, 53.0, 54.293370584552875)
(65.0, 54.0, 48.298305542736735)
(65.0, 55.0, 50.246915055684426)
(65.0, 56.0, 48.805712034065323)
(65.0, 57.0, 47.550522522495818)
(65.0, 58.0, 50.249886112651325)
(65.0, 59.0, 50.993759510289998)
(65.0, 60.0, 52.648124722580263)
(65.0, 61.0, 46.476811782462164)
(65.0, 62.0, 49.866814262729626)
(65.0, 63.0, 47.186563556676802)
(65.0, 64.0, 51.794693745722761)
(65.0, 65.0, 49.915602122642241)
(65.0, 66.0, 48.404355496850783)
(65.0, 67.0, 48.021963721542839)
(65.0, 68.0, 53.969264997741178)
(65.0, 69.0, 48.857425854076837)
(65.0, 70.0, 47.708848697809209)
(65.0, 71.0, 52.077617264099949)
(65.0, 72.0, 50.419421455151081)
(65.0, 73.0, 49.792376130239766)
(65.0, 74.0, 48.05609729360404)
(65.0, 75.0, 50.336150992203741)
(65.0, 76.0, 50.035062820056467)
(65.0, 77.0, 48.907128845594009)
(65.0, 78.0, 49.16897916023192)
(65.0, 79.0, 46.495144110529253)
(65.0, 80.0, 52.778238517429244)
(65.0, 81.0, 50.857320291478331)
(65.0, 82.0, 51.282868248033765)
(65.0, 83.0, 52.032343357988211)
(65.0, 84.0, 46.320870832198622)
(65.0, 85.0, 47.868963391989823)
(65.0, 86.0, 50.763658415263208)
(65.0, 87.0, 48.218360994752686)
(65.0, 88.0, 48.641849854444239)
(65.0, 89.0, 52.822053003027101)
(65.0, 90.0, 48.221431167671895)
(65.0, 91.0, 46.871617018733588)
(65.0, 92.0, 53.629166000892937)
(65.0, 93.0, 51.883204197564361)
(65.0, 94.0, 51.476826403774268)
(65.0, 95.0, 50.037221429739049)
(65.0, 96.0, 52.782801563234187)
(65.0, 97.0, 53.675502031579057)
(65.0, 98.0, 54.122369505818554)
(65.0, 99.0, 52.855850575855023)
(66.0, 0.0, 52.412889365005242)
(66.0, 1.0, 53.831101892175262)
(66.0, 2.0, 51.729943440724433)
(66.0, 3.0, 53.36803324859622)
(66.0, 4.0, 55.991559700964942)
(66.0, 5.0, 53.377293165200356)
(66.0, 6.0, 54.144118797516228)
(66.0, 7.0, 53.813216422739039)
(66.0, 8.0, 58.850523158862785)
(66.0, 9.0, 60.122366440196579)
(66.0, 10.0, 54.14793026527974)
(66.0, 11.0, 55.603524560994444)
(66.0, 12.0, 54.873075705831724)
(66.0, 13.0, 51.335875625981942)
(66.0, 14.0, 52.577981111656634)
(66.0, 15.0, 55.806625026311082)
(66.0, 16.0, 55.657460686510191)
(66.0, 17.0, 53.605849851105432)
(66.0, 18.0, 55.737941665578617)
(66.0, 19.0, 55.046217318066454)
(66.0, 20.0, 58.267554745126432)
(66.0, 21.0, 52.748378349617496)
(66.0, 22.0, 53.659239386762764)
(66.0, 23.0, 52.962182254191035)
(66.0, 24.0, 53.23829610219677)
(66.0, 25.0, 48.979898416934233)
(66.0, 26.0, 57.585963812154723)
(66.0, 27.0, 53.604244093243906)
(66.0, 28.0, 57.946722276736523)
(66.0, 29.0, 53.393407952773543)
(66.0, 30.0, 53.89487513672492)
(66.0, 31.0, 51.643282414177264)
(66.0, 32.0, 57.45280112726229)
(66.0, 33.0, 55.094570420081141)
(66.0, 34.0, 54.578892377561729)
(66.0, 35.0, 53.047463958337801)
(66.0, 36.0, 56.058130925969365)
(66.0, 37.0, 50.397538022746559)
(66.0, 38.0, 51.998171351550539)
(66.0, 39.0, 51.007093594427587)
(66.0, 40.0, 51.311651599216901)
(66.0, 41.0, 55.540385090630608)
(66.0, 42.0, 51.935953320892168)
(66.0, 43.0, 54.080225849283963)
(66.0, 44.0, 52.326647623902474)
(66.0, 45.0, 57.222647258889936)
(66.0, 46.0, 51.228862565214882)
(66.0, 47.0, 51.468185950041047)
(66.0, 48.0, 50.485046719469509)
(66.0, 49.0, 54.020584456899783)
(66.0, 50.0, 51.014006197344401)
(66.0, 51.0, 53.082505614623642)
(66.0, 52.0, 54.335623381770901)
(66.0, 53.0, 55.827021349268051)
(66.0, 54.0, 51.538605659743801)
(66.0, 55.0, 56.722857412474205)
(66.0, 56.0, 53.463295814964034)
(66.0, 57.0, 49.931324485950469)
(66.0, 58.0, 54.338503485004559)
(66.0, 59.0, 54.332816194752148)
(66.0, 60.0, 56.876513218789441)
(66.0, 61.0, 53.094819531116755)
(66.0, 62.0, 53.46521817579444)
(66.0, 63.0, 50.372505228114434)
(66.0, 64.0, 54.740089987706256)
(66.0, 65.0, 54.551337211253184)
(66.0, 66.0, 53.597388816943038)
(66.0, 67.0, 48.620063634349385)
(66.0, 68.0, 55.612336329380071)
(66.0, 69.0, 53.358457437354332)
(66.0, 70.0, 53.202753857596875)
(66.0, 71.0, 54.72856774505329)
(66.0, 72.0, 56.287420375991005)
(66.0, 73.0, 55.166019050927744)
(66.0, 74.0, 54.893245608126833)
(66.0, 75.0, 53.684172039373507)
(66.0, 76.0, 56.056341187652876)
(66.0, 77.0, 51.328666468452596)
(66.0, 78.0, 54.922622593415966)
(66.0, 79.0, 50.629867243452225)
(66.0, 80.0, 58.021245643157357)
(66.0, 81.0, 55.497147823501862)
(66.0, 82.0, 54.070355065687636)
(66.0, 83.0, 55.144209888386811)
(66.0, 84.0, 52.534315490498614)
(66.0, 85.0, 51.953212298523496)
(66.0, 86.0, 54.332589283251352)
(66.0, 87.0, 54.290929156472572)
(66.0, 88.0, 49.963735931672289)
(66.0, 89.0, 57.816616458282205)
(66.0, 90.0, 52.186565396447904)
(66.0, 91.0, 51.397125500574035)
(66.0, 92.0, 55.839026111739486)
(66.0, 93.0, 56.827731289937958)
(66.0, 94.0, 56.056215278248928)
(66.0, 95.0, 55.253033297003363)
(66.0, 96.0, 55.297521021978426)
(66.0, 97.0, 54.321432502774037)
(66.0, 98.0, 59.192846406692993)
(66.0, 99.0, 57.630363411653974)
(67.0, 0.0, 50.238325150205995)
(67.0, 1.0, 50.942816904040193)
(67.0, 2.0, 51.796082873560593)
(67.0, 3.0, 51.447804326419543)
(67.0, 4.0, 51.368965085349004)
(67.0, 5.0, 50.644891221852603)
(67.0, 6.0, 53.872165135825099)
(67.0, 7.0, 52.239527332555518)
(67.0, 8.0, 55.578766509147158)
(67.0, 9.0, 56.65760301829885)
(67.0, 10.0, 50.327057484647526)
(67.0, 11.0, 54.514553806712001)
(67.0, 12.0, 53.207283877380007)
(67.0, 13.0, 47.912592926400038)
(67.0, 14.0, 50.239212479140974)
(67.0, 15.0, 53.249598465085192)
(67.0, 16.0, 51.747838570705881)
(67.0, 17.0, 47.881960962188849)
(67.0, 18.0, 52.620204002569089)
(67.0, 19.0, 52.073479354592791)
(67.0, 20.0, 55.784735488230822)
(67.0, 21.0, 51.609099771859185)
(67.0, 22.0, 49.881763021133679)
(67.0, 23.0, 51.824139209426093)
(67.0, 24.0, 50.020679217637394)
(67.0, 25.0, 49.293108478529362)
(67.0, 26.0, 51.561230441544659)
(67.0, 27.0, 51.892758890255962)
(67.0, 28.0, 53.89950305906234)
(67.0, 29.0, 51.101297110244481)
(67.0, 30.0, 50.346397672487448)
(67.0, 31.0, 50.815308167120889)
(67.0, 32.0, 55.706221920822429)
(67.0, 33.0, 54.022625767746263)
(67.0, 34.0, 50.621707359848024)
(67.0, 35.0, 50.570329023321975)
(67.0, 36.0, 52.683892475808889)
(67.0, 37.0, 48.430723769298133)
(67.0, 38.0, 49.865270938244606)
(67.0, 39.0, 47.505748697562424)
(67.0, 40.0, 49.14454423933006)
(67.0, 41.0, 50.898365437508311)
(67.0, 42.0, 49.999640401725763)
(67.0, 43.0, 50.960245830535555)
