(39.0, 13.0, 48.524774127507143)
(39.0, 14.0, 46.960910110684388)
(39.0, 15.0, 50.986607836180028)
(39.0, 16.0, 50.715841667930206)
(39.0, 17.0, 50.264051667148792)
(39.0, 18.0, 51.640071199493853)
(39.0, 19.0, 52.624973389781601)
(39.0, 20.0, 52.275032726911263)
(39.0, 21.0, 48.353419879996665)
(39.0, 22.0, 49.180043992455055)
(39.0, 23.0, 52.887057667752231)
(39.0, 24.0, 48.383042578884002)
(39.0, 25.0, 43.065233427290501)
(39.0, 26.0, 51.689027454695108)
(39.0, 27.0, 48.406204800829627)
(39.0, 28.0, 52.415914358192353)
(39.0, 29.0, 51.194475673473235)
(39.0, 30.0, 48.074679807858786)
(39.0, 31.0, 50.713280790781511)
(39.0, 32.0, 53.062192156991145)
(39.0, 33.0, 51.234852128173273)
(39.0, 34.0, 51.690929522859918)
(39.0, 35.0, 50.640010293174484)
(39.0, 36.0, 49.175765957259244)
(39.0, 37.0, 49.093072818564842)
(39.0, 38.0, 50.801990943315538)
(39.0, 39.0, 48.478482407554345)
(39.0, 40.0, 48.992111782185901)
(39.0, 41.0, 52.473514102204824)
(39.0, 42.0, 49.592280356861629)
(39.0, 43.0, 51.025765056203539)
(39.0, 44.0, 49.693774065140936)
(39.0, 45.0, 51.419125138402848)
(39.0, 46.0, 48.058309223408621)
(39.0, 47.0, 47.088147974735982)
(39.0, 48.0, 47.484394915080671)
(39.0, 49.0, 49.345018212282298)
(39.0, 50.0, 47.420189064371115)
(39.0, 51.0, 48.179402306804711)
(39.0, 52.0, 47.042728496739954)
(39.0, 53.0, 53.249128986075817)
(39.0, 54.0, 46.587011300535892)
(39.0, 55.0, 49.267416779202676)
(39.0, 56.0, 50.414961134254668)
(39.0, 57.0, 48.794700330385176)
(39.0, 58.0, 51.343207316235045)
(39.0, 59.0, 51.143590477093142)
(39.0, 60.0, 55.128476476995111)
(39.0, 61.0, 49.212601803468402)
(39.0, 62.0, 49.994294888377581)
(39.0, 63.0, 47.140743095411516)
(39.0, 64.0, 51.789983871676917)
(39.0, 65.0, 50.621808597921117)
(39.0, 66.0, 46.66163297358672)
(39.0, 67.0, 49.029268296417285)
(39.0, 68.0, 52.651071247671304)
(39.0, 69.0, 48.156584126511348)
(39.0, 70.0, 49.277442640103402)
(39.0, 71.0, 52.446917226083215)
(39.0, 72.0, 51.095839280165293)
(39.0, 73.0, 48.956478810141128)
(39.0, 74.0, 47.649332090899328)
(39.0, 75.0, 49.539419811231483)
(39.0, 76.0, 53.481185794959273)
(39.0, 77.0, 47.474746536006698)
(39.0, 78.0, 50.757628286140701)
(39.0, 79.0, 47.583812145269803)
(39.0, 80.0, 54.054319880995251)
(39.0, 81.0, 53.78112555420789)
(39.0, 82.0, 49.232927824061001)
(39.0, 83.0, 52.589262946811608)
(39.0, 84.0, 45.713034616989184)
(39.0, 85.0, 47.893636613669557)
(39.0, 86.0, 48.701270360732863)
(39.0, 87.0, 51.563326133149495)
(39.0, 88.0, 49.531050336678824)
(39.0, 89.0, 53.91471764619898)
(39.0, 90.0, 49.239763049383569)
(39.0, 91.0, 46.837382744969659)
(39.0, 92.0, 53.378725533425083)
(39.0, 93.0, 50.625669962268809)
(39.0, 94.0, 53.027158497212561)
(39.0, 95.0, 52.51874616097281)
(39.0, 96.0, 52.932692305460172)
(39.0, 97.0, 51.718054512675224)
(39.0, 98.0, 53.496651275943258)
(39.0, 99.0, 51.323435780906664)
(40.0, 0.0, 48.624125517758436)
(40.0, 1.0, 47.857283140640831)
(40.0, 2.0, 46.91048871142727)
(40.0, 3.0, 51.453351695905468)
(40.0, 4.0, 49.819788675316545)
(40.0, 5.0, 48.989084819135485)
(40.0, 6.0, 51.433479197504724)
(40.0, 7.0, 48.500433819204673)
(40.0, 8.0, 52.05815760633773)
(40.0, 9.0, 51.505727691077411)
(40.0, 10.0, 47.670821814838291)
(40.0, 11.0, 49.863432719899265)
(40.0, 12.0, 49.176093058275988)
(40.0, 13.0, 45.401692831049118)
(40.0, 14.0, 47.11229854360046)
(40.0, 15.0, 51.308958341131088)
(40.0, 16.0, 50.201637285105967)
(40.0, 17.0, 47.982732658811955)
(40.0, 18.0, 50.600107756237271)
(40.0, 19.0, 49.084676192199311)
(40.0, 20.0, 54.175845877304504)
(40.0, 21.0, 46.146312175067301)
(40.0, 22.0, 47.301923126618981)
(40.0, 23.0, 51.795550171843011)
(40.0, 24.0, 48.139303176756798)
(40.0, 25.0, 46.99501497926088)
(40.0, 26.0, 51.365604191312009)
(40.0, 27.0, 50.198922158258874)
(40.0, 28.0, 49.87996849300972)
(40.0, 29.0, 48.485828253339292)
(40.0, 30.0, 48.139294749597866)
(40.0, 31.0, 49.430143278309458)
(40.0, 32.0, 54.433809111677832)
(40.0, 33.0, 50.971932244186227)
(40.0, 34.0, 49.633724045658859)
(40.0, 35.0, 47.440359288461423)
(40.0, 36.0, 48.785442027111422)
(40.0, 37.0, 46.431380783794026)
(40.0, 38.0, 49.487477423656152)
(40.0, 39.0, 48.509255097218073)
(40.0, 40.0, 49.186228106534401)
(40.0, 41.0, 50.567490933613627)
(40.0, 42.0, 48.590022127613707)
(40.0, 43.0, 47.834092150552785)
(40.0, 44.0, 50.162823603288011)
(40.0, 45.0, 51.625173970884632)
(40.0, 46.0, 45.503352045471914)
(40.0, 47.0, 46.414037944206321)
(40.0, 48.0, 49.980732476520281)
(40.0, 49.0, 47.484122751332954)
(40.0, 50.0, 44.740729468069155)
(40.0, 51.0, 47.440854325516085)
(40.0, 52.0, 45.812139651577887)
(40.0, 53.0, 51.139375945404133)
(40.0, 54.0, 47.48389034930419)
(40.0, 55.0, 48.76182334990007)
(40.0, 56.0, 50.590501055938013)
(40.0, 57.0, 43.986370564866732)
(40.0, 58.0, 49.549600252150505)
(40.0, 59.0, 50.718385865538373)
(40.0, 60.0, 49.773573477667327)
(40.0, 61.0, 46.992084397839541)
(40.0, 62.0, 48.062025910049101)
(40.0, 63.0, 46.594739200416328)
(40.0, 64.0, 48.531036883091531)
(40.0, 65.0, 49.277716987108136)
(40.0, 66.0, 47.980780746300873)
(40.0, 67.0, 44.089150078432908)
(40.0, 68.0, 52.211884626762142)
(40.0, 69.0, 48.502371661747667)
(40.0, 70.0, 47.444076441350035)
(40.0, 71.0, 52.310679676795687)
(40.0, 72.0, 49.028165064670986)
(40.0, 73.0, 50.276428793346156)
(40.0, 74.0, 46.675623985777214)
(40.0, 75.0, 49.448149098753632)
(40.0, 76.0, 51.44289026302468)
(40.0, 77.0, 47.780809192245258)
(40.0, 78.0, 50.074675002974686)
(40.0, 79.0, 45.040244231790702)
(40.0, 80.0, 54.232522848450486)
(40.0, 81.0, 52.848954242890414)
(40.0, 82.0, 52.237705954641513)
(40.0, 83.0, 48.041369565040043)
(40.0, 84.0, 46.983392610561786)
(40.0, 85.0, 46.284950738026126)
(40.0, 86.0, 48.567624170285711)
(40.0, 87.0, 47.47997190188233)
(40.0, 88.0, 46.496992371511325)
(40.0, 89.0, 54.034331103160255)
(40.0, 90.0, 48.642182429564073)
(40.0, 91.0, 45.378230472703152)
(40.0, 92.0, 50.3261433039903)
(40.0, 93.0, 50.337065832634934)
(40.0, 94.0, 51.329932744494769)
(40.0, 95.0, 48.520274309550018)
(40.0, 96.0, 51.536671410163336)
(40.0, 97.0, 50.647978614306012)
(40.0, 98.0, 51.106140901724153)
(40.0, 99.0, 50.31536041104502)
(41.0, 0.0, 50.238405655113141)
(41.0, 1.0, 49.087842510903876)
(41.0, 2.0, 48.123501624330999)
(41.0, 3.0, 52.066741073930359)
(41.0, 4.0, 51.677639369285778)
(41.0, 5.0, 49.446261355006989)
(41.0, 6.0, 50.629737871168714)
(41.0, 7.0, 51.708105149612528)
(41.0, 8.0, 52.347791012020146)
(41.0, 9.0, 53.425055048794192)
(41.0, 10.0, 46.687392435606398)
(41.0, 11.0, 53.862526707919386)
(41.0, 12.0, 50.562324465180524)
(41.0, 13.0, 46.984329990445438)
(41.0, 14.0, 50.931236291168617)
(41.0, 15.0, 51.21149490429179)
(41.0, 16.0, 50.48618864514178)
(41.0, 17.0, 46.286603268007589)
(41.0, 18.0, 51.686882585857298)
(41.0, 19.0, 50.512126519485676)
(41.0, 20.0, 54.178292690900548)
(41.0, 21.0, 48.493407977423722)
(41.0, 22.0, 50.098862987474732)
(41.0, 23.0, 53.878408611737065)
(41.0, 24.0, 47.183569604837061)
(41.0, 25.0, 43.191225829559144)
(41.0, 26.0, 51.212703238454964)
(41.0, 27.0, 49.34760226061065)
(41.0, 28.0, 53.207886424613882)
(41.0, 29.0, 51.624640544455353)
(41.0, 30.0, 49.160552710197265)
(41.0, 31.0, 48.036030104322755)
(41.0, 32.0, 55.088857221216571)
(41.0, 33.0, 50.906008214811692)
(41.0, 34.0, 51.236982918374579)
(41.0, 35.0, 52.150419203829557)
(41.0, 36.0, 50.353740730886216)
(41.0, 37.0, 46.549453053876974)
(41.0, 38.0, 49.977139640695015)
(41.0, 39.0, 48.059879003206156)
(41.0, 40.0, 47.187867517819015)
(41.0, 41.0, 50.943523337136227)
(41.0, 42.0, 48.657035651912516)
(41.0, 43.0, 49.808874684638596)
(41.0, 44.0, 50.526607711423949)
(41.0, 45.0, 49.808658675313069)
(41.0, 46.0, 48.175998119239388)
(41.0, 47.0, 47.889830086892701)
(41.0, 48.0, 50.969798213873823)
(41.0, 49.0, 48.966554383226942)
(41.0, 50.0, 46.931038555195585)
(41.0, 51.0, 48.688973351397678)
(41.0, 52.0, 49.397329875675332)
(41.0, 53.0, 52.861585507855843)
(41.0, 54.0, 47.70221948880279)
(41.0, 55.0, 50.326245388238924)
(41.0, 56.0, 52.27339771037159)
(41.0, 57.0, 45.22794556040904)
(41.0, 58.0, 52.028542000613953)
(41.0, 59.0, 50.563929064374051)
(41.0, 60.0, 51.368127466987922)
(41.0, 61.0, 48.822047157394778)
(41.0, 62.0, 51.800821886685966)
(41.0, 63.0, 47.430042215037361)
(41.0, 64.0, 50.170764124446322)
(41.0, 65.0, 51.19080656451284)
(41.0, 66.0, 49.043432688381948)
(41.0, 67.0, 45.308513779467063)
(41.0, 68.0, 53.484199993092929)
(41.0, 69.0, 50.394248541154838)
(41.0, 70.0, 51.905866815469196)
(41.0, 71.0, 51.283993950425796)
(41.0, 72.0, 49.211284948277168)
(41.0, 73.0, 50.567344374569373)
(41.0, 74.0, 48.933207765029451)
(41.0, 75.0, 51.099276338946126)
(41.0, 76.0, 51.850165561762978)
(41.0, 77.0, 48.175879005951515)
(41.0, 78.0, 48.441683579169265)
(41.0, 79.0, 47.692043306839267)
(41.0, 80.0, 54.081521376742991)
(41.0, 81.0, 50.440634398631786)
(41.0, 82.0, 51.431922388569994)
(41.0, 83.0, 50.540621176521391)
(41.0, 84.0, 47.725188881017097)
(41.0, 85.0, 48.177008751434386)
(41.0, 86.0, 47.206297577702571)
(41.0, 87.0, 48.372117680211232)
(41.0, 88.0, 47.892477782085955)
(41.0, 89.0, 55.50134091457025)
(41.0, 90.0, 49.590220683989948)
(41.0, 91.0, 44.784927211809027)
(41.0, 92.0, 50.024955202019711)
(41.0, 93.0, 53.804899561677757)
(41.0, 94.0, 53.057529323512739)
(41.0, 95.0, 50.612282852203805)
(41.0, 96.0, 51.594224062066289)
(41.0, 97.0, 52.926637042356006)
(41.0, 98.0, 55.657432133333046)
(41.0, 99.0, 51.327026092102464)
(42.0, 0.0, 48.175404186732003)
(42.0, 1.0, 47.755767468885473)
(42.0, 2.0, 47.855384450788378)
(42.0, 3.0, 49.96397564456106)
(42.0, 4.0, 51.832711592626154)
(42.0, 5.0, 50.266336740033182)
(42.0, 6.0, 50.522534974340587)
(42.0, 7.0, 50.423079904963217)
(42.0, 8.0, 53.294277171638925)
(42.0, 9.0, 54.203200193739434)
(42.0, 10.0, 46.554436414630601)
(42.0, 11.0, 53.051010561520343)
(42.0, 12.0, 49.148542128409581)
(42.0, 13.0, 47.376034399398556)
(42.0, 14.0, 46.10179278089938)
(42.0, 15.0, 51.543531109972854)
(42.0, 16.0, 51.347608680223175)
(42.0, 17.0, 49.678814075993266)
(42.0, 18.0, 53.044254709537455)
(42.0, 19.0, 52.203587122874907)
(42.0, 20.0, 54.739255766149974)
(42.0, 21.0, 48.033482133804384)
(42.0, 22.0, 48.553638238902586)
(42.0, 23.0, 52.681695892654503)
(42.0, 24.0, 49.871581401156774)
(42.0, 25.0, 43.380814909946309)
(42.0, 26.0, 53.357971399964967)
(42.0, 27.0, 49.38877297846571)
(42.0, 28.0, 50.975143558780019)
(42.0, 29.0, 48.067877071455669)
(42.0, 30.0, 48.505353992974833)
(42.0, 31.0, 49.646620271017582)
(42.0, 32.0, 53.022430982376378)
(42.0, 33.0, 50.314677104287057)
(42.0, 34.0, 50.260752210410814)
(42.0, 35.0, 47.62427482605414)
(42.0, 36.0, 49.824859475549999)
(42.0, 37.0, 47.955591414589819)
(42.0, 38.0, 49.775845279674172)
(42.0, 39.0, 49.440683820533302)
(42.0, 40.0, 47.398969557990625)
(42.0, 41.0, 50.309911649223096)
(42.0, 42.0, 48.327709009377067)
(42.0, 43.0, 51.145995981326024)
(42.0, 44.0, 52.854175053808817)
(42.0, 45.0, 53.808502706785831)
(42.0, 46.0, 44.656128944706253)
(42.0, 47.0, 49.435045005114532)
(42.0, 48.0, 48.564436914722634)
(42.0, 49.0, 48.198399296641938)
(42.0, 50.0, 46.331667603305611)
(42.0, 51.0, 48.576792657986985)
(42.0, 52.0, 51.740417665038891)
(42.0, 53.0, 51.150738133041443)
(42.0, 54.0, 47.428115825850838)
(42.0, 55.0, 50.62549096403356)
(42.0, 56.0, 50.216379829747773)
(42.0, 57.0, 45.019301105463711)
(42.0, 58.0, 51.682637612349055)
(42.0, 59.0, 49.912539949586382)
(42.0, 60.0, 53.049852629192529)
(42.0, 61.0, 49.47387658325021)
(42.0, 62.0, 50.803566340765798)
(42.0, 63.0, 48.04865520264503)
(42.0, 64.0, 51.9503688362079)
(42.0, 65.0, 50.537121814522663)
(42.0, 66.0, 47.299851495773041)
(42.0, 67.0, 45.911436208132542)
(42.0, 68.0, 51.421904064092082)
(42.0, 69.0, 52.617662783702258)
(42.0, 70.0, 49.089792338961502)
(42.0, 71.0, 52.142964729857027)
(42.0, 72.0, 51.018252001058215)
(42.0, 73.0, 49.650280720092582)
(42.0, 74.0, 49.242233850485498)
(42.0, 75.0, 51.89542980180093)
(42.0, 76.0, 51.938039942172018)
(42.0, 77.0, 49.832522376868056)
(42.0, 78.0, 51.49969133036209)
(42.0, 79.0, 48.21205811144759)
(42.0, 80.0, 54.59272467228277)
(42.0, 81.0, 51.956373958449909)
(42.0, 82.0, 50.65636058707922)
(42.0, 83.0, 52.038244538869392)
(42.0, 84.0, 49.701535683992965)
(42.0, 85.0, 46.959793897321291)
(42.0, 86.0, 49.46869137761847)
(42.0, 87.0, 50.955956996273116)
(42.0, 88.0, 46.193237934716493)
(42.0, 89.0, 53.301613261717037)
(42.0, 90.0, 48.8281093342882)
(42.0, 91.0, 44.926352275364636)
(42.0, 92.0, 51.493284671933296)
(42.0, 93.0, 51.665793713030538)
(42.0, 94.0, 50.960535205478934)
(42.0, 95.0, 52.546292143917313)
(42.0, 96.0, 51.918050366558163)
(42.0, 97.0, 51.815530535584834)
(42.0, 98.0, 53.641557221409101)
(42.0, 99.0, 53.268335879547138)
(43.0, 0.0, 49.563608127690244)
(43.0, 1.0, 49.510687601801479)
(43.0, 2.0, 48.541008736631404)
(43.0, 3.0, 50.859307171901825)
(43.0, 4.0, 50.95196859528734)
(43.0, 5.0, 50.314078641607551)
(43.0, 6.0, 53.564984231514906)
(43.0, 7.0, 52.922900386454607)
(43.0, 8.0, 56.733090054946715)
(43.0, 9.0, 57.37817532346407)
(43.0, 10.0, 51.034291308214648)
(43.0, 11.0, 54.991068882352209)
(43.0, 12.0, 51.302429031794119)
(43.0, 13.0, 49.85810049262377)
(43.0, 14.0, 48.110191835754719)
(43.0, 15.0, 52.871488217107853)
(43.0, 16.0, 52.904557300755357)
(43.0, 17.0, 50.606932015369189)
(43.0, 18.0, 52.798266096690128)
(43.0, 19.0, 54.08806941822025)
(43.0, 20.0, 55.728826567685836)
(43.0, 21.0, 51.578446317174503)
(43.0, 22.0, 50.233385676609302)
(43.0, 23.0, 53.451219102281563)
(43.0, 24.0, 52.204447381141676)
(43.0, 25.0, 46.919471435290376)
(43.0, 26.0, 52.412464493015392)
(43.0, 27.0, 54.22853258796637)
(43.0, 28.0, 53.312828651722697)
(43.0, 29.0, 51.044923239602142)
(43.0, 30.0, 50.205754983670474)
(43.0, 31.0, 51.141766123937501)
(43.0, 32.0, 55.398175573644536)
(43.0, 33.0, 54.035017717174249)
(43.0, 34.0, 51.556420173897351)
(43.0, 35.0, 51.54775144707461)
(43.0, 36.0, 51.976442995180136)
(43.0, 37.0, 49.019436390902385)
(43.0, 38.0, 52.523455853131438)
(43.0, 39.0, 50.742666904727947)
(43.0, 40.0, 49.572817002008932)
(43.0, 41.0, 53.289579782080665)
(43.0, 42.0, 49.55458406842299)
(43.0, 43.0, 50.596460730480274)
(43.0, 44.0, 50.851825039407643)
(43.0, 45.0, 54.805480505398776)
(43.0, 46.0, 50.189237987860011)
(43.0, 47.0, 50.437336350576089)
(43.0, 48.0, 52.215400429322905)
(43.0, 49.0, 52.055688488502838)
(43.0, 50.0, 49.90244356972061)
(43.0, 51.0, 49.866597704084839)
(43.0, 52.0, 50.828484458217389)
(43.0, 53.0, 51.992217065229099)
(43.0, 54.0, 46.249435804311503)
(43.0, 55.0, 54.016599983718187)
(43.0, 56.0, 51.476406488019506)
(43.0, 57.0, 48.438975755988082)
(43.0, 58.0, 51.496511528462833)
(43.0, 59.0, 50.986910214443839)
(43.0, 60.0, 52.609394239092907)
(43.0, 61.0, 49.80622678601501)
(43.0, 62.0, 51.18889981877679)
(43.0, 63.0, 48.149733973847404)
(43.0, 64.0, 53.619046767955929)
(43.0, 65.0, 51.848696797501574)
(43.0, 66.0, 50.749705617287852)
(43.0, 67.0, 48.75424052765996)
(43.0, 68.0, 53.577036743702557)
(43.0, 69.0, 51.698421134485905)
(43.0, 70.0, 49.689797552350754)
(43.0, 71.0, 53.640746375742907)
(43.0, 72.0, 50.781953229658626)
(43.0, 73.0, 52.406666107647652)
(43.0, 74.0, 50.229403809657157)
(43.0, 75.0, 53.404200851172725)
(43.0, 76.0, 54.236046008259351)
(43.0, 77.0, 49.51232744008027)
(43.0, 78.0, 51.288054263683918)
(43.0, 79.0, 50.858264893208485)
(43.0, 80.0, 56.059140024613768)
(43.0, 81.0, 54.647528327947292)
(43.0, 82.0, 53.365649283542794)
(43.0, 83.0, 51.909705958009354)
(43.0, 84.0, 50.446020284955338)
(43.0, 85.0, 51.319483893435276)
(43.0, 86.0, 48.838221162579174)
(43.0, 87.0, 50.090383811266165)
(43.0, 88.0, 47.722147338377958)
(43.0, 89.0, 53.858234291450728)
(43.0, 90.0, 51.859127804251756)
(43.0, 91.0, 49.243489762279893)
(43.0, 92.0, 54.093065121978114)
(43.0, 93.0, 50.860133149552937)
(43.0, 94.0, 53.783958321870976)
(43.0, 95.0, 54.196150339197587)
(43.0, 96.0, 56.661506007660734)
(43.0, 97.0, 55.959776595910739)
(43.0, 98.0, 56.477987341781457)
(43.0, 99.0, 53.330478246259915)
(44.0, 0.0, 51.245148534141961)
(44.0, 1.0, 51.174432277654276)
(44.0, 2.0, 50.464952462555125)
(44.0, 3.0, 50.909749436775215)
(44.0, 4.0, 54.078232353527312)
(44.0, 5.0, 51.936716512262812)
(44.0, 6.0, 53.387513541197293)
(44.0, 7.0, 52.774283520507979)
(44.0, 8.0, 54.161792569777298)
(44.0, 9.0, 58.612855422036247)
(44.0, 10.0, 51.606000834371251)
(44.0, 11.0, 56.423577920318991)
(44.0, 12.0, 53.034992392474038)
(44.0, 13.0, 51.504911446142742)
(44.0, 14.0, 49.982902067766005)
(44.0, 15.0, 52.659490738369023)
(44.0, 16.0, 52.694510819076321)
(44.0, 17.0, 50.921238895079263)
(44.0, 18.0, 53.368366957073789)
(44.0, 19.0, 52.993590624253628)
(44.0, 20.0, 53.521150323381967)
(44.0, 21.0, 50.615712011657152)
(44.0, 22.0, 53.749528622929574)
(44.0, 23.0, 54.936725028871145)
(44.0, 24.0, 53.247947001441382)
(44.0, 25.0, 46.531471661109606)
(44.0, 26.0, 56.140324889525168)
(44.0, 27.0, 53.635819638941754)
(44.0, 28.0, 53.079592793380314)
(44.0, 29.0, 54.192612672940513)
(44.0, 30.0, 49.925560888371528)
(44.0, 31.0, 50.597295667378859)
(44.0, 32.0, 56.509834152282728)
(44.0, 33.0, 52.303196500712872)
(44.0, 34.0, 52.595719722657762)
(44.0, 35.0, 51.939140765652752)
(44.0, 36.0, 50.467633575370257)
(44.0, 37.0, 48.506498908044051)
(44.0, 38.0, 52.449213310312729)
(44.0, 39.0, 52.058547184286155)
(44.0, 40.0, 51.044768336867236)
(44.0, 41.0, 55.240723191483809)
(44.0, 42.0, 51.60748495426229)
(44.0, 43.0, 50.70217202137357)
(44.0, 44.0, 52.764663194580073)
(44.0, 45.0, 53.168650734194188)
(44.0, 46.0, 50.100175650741207)
(44.0, 47.0, 50.031774287913599)
(44.0, 48.0, 49.981652397931825)
(44.0, 49.0, 51.578643335063703)
(44.0, 50.0, 47.196260828879019)
(44.0, 51.0, 50.664447293647754)
(44.0, 52.0, 49.911871365097745)
(44.0, 53.0, 53.694995701813305)
(44.0, 54.0, 48.182494285097974)
(44.0, 55.0, 54.954124833440112)
(44.0, 56.0, 51.223420710756663)
(44.0, 57.0, 48.624155380534148)
(44.0, 58.0, 51.900558378487673)
(44.0, 59.0, 51.626499376254358)
(44.0, 60.0, 55.124381355026991)
(44.0, 61.0, 51.718379821079949)
(44.0, 62.0, 52.577131847461445)
(44.0, 63.0, 48.275457613333394)
(44.0, 64.0, 52.951109549114577)
(44.0, 65.0, 51.01313054815143)
(44.0, 66.0, 50.261171134314665)
(44.0, 67.0, 47.536317716433182)
(44.0, 68.0, 56.457028591758458)
(44.0, 69.0, 53.180888171840643)
(44.0, 70.0, 51.857612413285665)
(44.0, 71.0, 53.745252609470491)
(44.0, 72.0, 50.738642715680569)
(44.0, 73.0, 51.730774963810774)
(44.0, 74.0, 49.651426301616596)
(44.0, 75.0, 52.835553077215508)
(44.0, 76.0, 54.090116091400517)
(44.0, 77.0, 50.461569782963934)
(44.0, 78.0, 52.28530271722461)
(44.0, 79.0, 49.782228188540046)
(44.0, 80.0, 54.486907500123053)
(44.0, 81.0, 55.573352665030626)
(44.0, 82.0, 51.12803833714662)
(44.0, 83.0, 51.235188525812788)
(44.0, 84.0, 50.003253250861505)
(44.0, 85.0, 53.733102261011368)
(44.0, 86.0, 50.652488915490899)
(44.0, 87.0, 51.274575134003918)
(44.0, 88.0, 49.622940864027747)
(44.0, 89.0, 54.06852519303947)
(44.0, 90.0, 52.617653122857874)
(44.0, 91.0, 49.651318237055378)
(44.0, 92.0, 53.558980962601495)
(44.0, 93.0, 53.143790525689042)
(44.0, 94.0, 52.331802912482374)
(44.0, 95.0, 54.21396273906015)
(44.0, 96.0, 56.433268906819841)
(44.0, 97.0, 53.397358582414128)
(44.0, 98.0, 55.445743143795042)
(44.0, 99.0, 54.32012600172007)
(45.0, 0.0, 46.199998006580003)
(45.0, 1.0, 46.257050132213138)
(45.0, 2.0, 47.101975480976961)
(45.0, 3.0, 48.946630368030625)
(45.0, 4.0, 48.132861859594556)
(45.0, 5.0, 48.409781774457116)
(45.0, 6.0, 50.256893826365271)
(45.0, 7.0, 49.084462882088779)
(45.0, 8.0, 51.30035550852709)
(45.0, 9.0, 51.858487285524177)
(45.0, 10.0, 47.090614897911763)
(45.0, 11.0, 51.570246987218965)
(45.0, 12.0, 48.385166543641191)
(45.0, 13.0, 44.56869914074484)
(45.0, 14.0, 45.516164034081683)
(45.0, 15.0, 48.472420351979359)
(45.0, 16.0, 50.716076454695227)
(45.0, 17.0, 46.851459305528977)
(45.0, 18.0, 46.973312491398858)
(45.0, 19.0, 52.275653178650209)
(45.0, 20.0, 50.813971155347105)
(45.0, 21.0, 44.474892708138398)
(45.0, 22.0, 48.667419216139464)
(45.0, 23.0, 49.144717904102585)
(45.0, 24.0, 45.994228702425573)
(45.0, 25.0, 45.496735493507785)
(45.0, 26.0, 49.530631353352788)
(45.0, 27.0, 47.00331647697989)
(45.0, 28.0, 50.153626444990039)
(45.0, 29.0, 49.165300084209164)
(45.0, 30.0, 46.777863873085252)
(45.0, 31.0, 46.349696186269007)
(45.0, 32.0, 53.07336739026259)
(45.0, 33.0, 47.226848161020698)
(45.0, 34.0, 47.441326964076666)
(45.0, 35.0, 48.266675814468307)
(45.0, 36.0, 48.340825154169686)
(45.0, 37.0, 45.238670886571562)
(45.0, 38.0, 47.636673729916239)
(45.0, 39.0, 46.179452058718837)
(45.0, 40.0, 46.254497692162104)
(45.0, 41.0, 50.063016425433396)
(45.0, 42.0, 46.617270636648684)
(45.0, 43.0, 47.459235940291492)
(45.0, 44.0, 50.064773946209911)
(45.0, 45.0, 49.094888082055178)
(45.0, 46.0, 46.300893109282555)
(45.0, 47.0, 45.262630391927487)
(45.0, 48.0, 46.913367428323028)
(45.0, 49.0, 47.527343987974362)
(45.0, 50.0, 46.943293366659553)
(45.0, 51.0, 47.226292163474525)
(45.0, 52.0, 49.149345146384107)
(45.0, 53.0, 52.46212247730179)
(45.0, 54.0, 46.225622012975407)
(45.0, 55.0, 49.168340186719242)
(45.0, 56.0, 50.285777626636737)
(45.0, 57.0, 42.875865712897834)
(45.0, 58.0, 50.220951489171938)
(45.0, 59.0, 49.020800256297001)
(45.0, 60.0, 49.835921734501248)
(45.0, 61.0, 48.323709711202)
(45.0, 62.0, 47.61883291704396)
(45.0, 63.0, 48.777550150603133)
(45.0, 64.0, 49.846846446427321)
(45.0, 65.0, 49.108945571437275)
(45.0, 66.0, 46.44567145850052)
(45.0, 67.0, 43.341597055502056)
(45.0, 68.0, 50.754049865406984)
(45.0, 69.0, 47.739289695307676)
(45.0, 70.0, 50.768515445164233)
(45.0, 71.0, 49.114106970192047)
(45.0, 72.0, 48.015633568876702)
(45.0, 73.0, 48.827446578283997)
(45.0, 74.0, 44.763983010032376)
(45.0, 75.0, 50.733639013216205)
(45.0, 76.0, 51.05940759582483)
(45.0, 77.0, 47.978542141983553)
(45.0, 78.0, 49.275023639025981)
(45.0, 79.0, 45.988534813049547)
(45.0, 80.0, 53.213917365914725)
(45.0, 81.0, 50.355691483039848)
(45.0, 82.0, 47.955816629118878)
(45.0, 83.0, 48.712943487255728)
(45.0, 84.0, 46.378362662496947)
(45.0, 85.0, 48.476025920503716)
(45.0, 86.0, 46.668164061603598)
(45.0, 87.0, 47.291519675906969)
(45.0, 88.0, 44.762456889096356)
(45.0, 89.0, 53.264112743323125)
(45.0, 90.0, 47.719704632609691)
(45.0, 91.0, 44.817686157945573)
(45.0, 92.0, 51.56477155386591)
(45.0, 93.0, 50.111772355794088)
(45.0, 94.0, 51.830857298523959)
(45.0, 95.0, 50.247048034234723)
(45.0, 96.0, 51.943704927157498)
(45.0, 97.0, 51.503666340084912)
(45.0, 98.0, 52.947070247394166)
(45.0, 99.0, 49.501013508502098)
(46.0, 0.0, 45.290893835565242)
(46.0, 1.0, 47.63406822855567)
(46.0, 2.0, 47.152493838862483)
(46.0, 3.0, 48.955508657032752)
(46.0, 4.0, 51.155303798183702)
(46.0, 5.0, 50.791149792064402)
(46.0, 6.0, 49.631465788831434)
(46.0, 7.0, 49.095671675407488)
(46.0, 8.0, 49.903209128935927)
(46.0, 9.0, 52.022170518614161)
(46.0, 10.0, 46.393416920280664)
(46.0, 11.0, 51.15238274272798)
(46.0, 12.0, 48.319119937960949)
(46.0, 13.0, 45.137486541601923)
(46.0, 14.0, 46.996107506963661)
(46.0, 15.0, 49.790434425861925)
(46.0, 16.0, 50.731148110292111)
(46.0, 17.0, 48.13948650347016)
(46.0, 18.0, 49.357248646614238)
(46.0, 19.0, 50.073213918796739)
(46.0, 20.0, 52.055697491390731)
(46.0, 21.0, 47.28236243972772)
(46.0, 22.0, 47.687883721192421)
(46.0, 23.0, 50.103967269289264)
(46.0, 24.0, 46.707805522823747)
(46.0, 25.0, 42.854408856665785)
(46.0, 26.0, 50.027992181096465)
(46.0, 27.0, 49.926736798641343)
(46.0, 28.0, 51.635910502951972)
(46.0, 29.0, 45.786215468930976)
(46.0, 30.0, 48.05127804048135)
(46.0, 31.0, 44.676269039832874)
(46.0, 32.0, 52.393061059208478)
(46.0, 33.0, 50.557143946734278)
(46.0, 34.0, 49.550761905268104)
(46.0, 35.0, 47.167231757961716)
(46.0, 36.0, 47.540055512813488)
(46.0, 37.0, 46.234404569573428)
(46.0, 38.0, 46.241047999779738)
(46.0, 39.0, 48.270610924145913)
(46.0, 40.0, 48.200842464955898)
(46.0, 41.0, 49.703104458765452)
(46.0, 42.0, 47.40897693877838)
(46.0, 43.0, 48.760691317319647)
(46.0, 44.0, 49.384206598405875)
(46.0, 45.0, 49.163476000220669)
(46.0, 46.0, 46.508987574019613)
(46.0, 47.0, 46.746390101676958)
(46.0, 48.0, 46.631446852388756)
(46.0, 49.0, 47.382866182495576)
(46.0, 50.0, 44.714724792222242)
(46.0, 51.0, 45.350518546562952)
(46.0, 52.0, 48.637722962657662)
(46.0, 53.0, 50.098176210436698)
(46.0, 54.0, 43.771486554982573)
(46.0, 55.0, 48.042096338053483)
(46.0, 56.0, 47.526984378796811)
(46.0, 57.0, 44.694342401771891)
(46.0, 58.0, 49.446047768528366)
(46.0, 59.0, 51.558742579052904)
(46.0, 60.0, 51.148115341109637)
(46.0, 61.0, 47.68668710230186)
(46.0, 62.0, 49.074645917410251)
(46.0, 63.0, 45.345741920843636)
(46.0, 64.0, 50.000100068035735)
(46.0, 65.0, 48.131692897131323)
(46.0, 66.0, 48.338461407335913)
(46.0, 67.0, 45.099996240794134)
(46.0, 68.0, 48.692772067413898)
(46.0, 69.0, 46.64617453634542)
(46.0, 70.0, 44.885480376128143)
(46.0, 71.0, 50.730934231487097)
(46.0, 72.0, 46.784181828136226)
(46.0, 73.0, 49.701457760747665)
(46.0, 74.0, 47.333290874802771)
(46.0, 75.0, 46.509400578184952)
