(28.0, 19.0, 50.589096029295121)
(28.0, 20.0, 50.5293245102065)
(28.0, 21.0, 48.395915394084156)
(28.0, 22.0, 47.310044366791338)
(28.0, 23.0, 48.175685366790063)
(28.0, 24.0, 48.076701465766988)
(28.0, 25.0, 44.482951703562151)
(28.0, 26.0, 50.035340536405293)
(28.0, 27.0, 47.846000744240754)
(28.0, 28.0, 51.980161803521838)
(28.0, 29.0, 49.064801989795129)
(28.0, 30.0, 47.556788422765415)
(28.0, 31.0, 46.201997299489776)
(28.0, 32.0, 53.056184035215892)
(28.0, 33.0, 49.10382008319079)
(28.0, 34.0, 48.325675745867116)
(28.0, 35.0, 47.348991770859513)
(28.0, 36.0, 49.3386781608151)
(28.0, 37.0, 46.490433574662532)
(28.0, 38.0, 46.723305968473355)
(28.0, 39.0, 47.027003266829681)
(28.0, 40.0, 46.724108784383731)
(28.0, 41.0, 51.950694085027237)
(28.0, 42.0, 47.517696397561323)
(28.0, 43.0, 47.126831686383881)
(28.0, 44.0, 46.995344035340295)
(28.0, 45.0, 50.428607600507696)
(28.0, 46.0, 46.288821885571821)
(28.0, 47.0, 44.278391337575606)
(28.0, 48.0, 47.091560275949966)
(28.0, 49.0, 48.051329313972296)
(28.0, 50.0, 46.798684165735978)
(28.0, 51.0, 46.555883117440388)
(28.0, 52.0, 46.90556613737612)
(28.0, 53.0, 50.251795170037582)
(28.0, 54.0, 46.81134119920182)
(28.0, 55.0, 49.325842666534015)
(28.0, 56.0, 47.218097289003616)
(28.0, 57.0, 42.151452420978515)
(28.0, 58.0, 49.966140762843949)
(28.0, 59.0, 47.947761855025249)
(28.0, 60.0, 48.174432694066347)
(28.0, 61.0, 45.117918231936372)
(28.0, 62.0, 49.4235936292662)
(28.0, 63.0, 46.279973246178571)
(28.0, 64.0, 49.922267424152082)
(28.0, 65.0, 48.210988723169464)
(28.0, 66.0, 44.033952705763099)
(28.0, 67.0, 43.646767982101508)
(28.0, 68.0, 50.203439199390907)
(28.0, 69.0, 47.210639171760334)
(28.0, 70.0, 49.37384878677652)
(28.0, 71.0, 51.281621273212522)
(28.0, 72.0, 48.953820730960459)
(28.0, 73.0, 49.464863054076844)
(28.0, 74.0, 47.971490819012018)
(28.0, 75.0, 49.714282344104134)
(28.0, 76.0, 52.737492219960657)
(28.0, 77.0, 46.346364320885868)
(28.0, 78.0, 48.730539575501808)
(28.0, 79.0, 45.657510047650412)
(28.0, 80.0, 51.117960084830422)
(28.0, 81.0, 50.384128862285564)
(28.0, 82.0, 48.06275005392807)
(28.0, 83.0, 48.198639866458706)
(28.0, 84.0, 46.596016964932168)
(28.0, 85.0, 46.399503183353843)
(28.0, 86.0, 47.906970263685437)
(28.0, 87.0, 47.578244259520936)
(28.0, 88.0, 45.988878257783625)
(28.0, 89.0, 48.880215256925503)
(28.0, 90.0, 45.281578093973309)
(28.0, 91.0, 44.592263266464826)
(28.0, 92.0, 50.369415420426193)
(28.0, 93.0, 48.794706282375358)
(28.0, 94.0, 48.768506932872171)
(28.0, 95.0, 48.877446778765488)
(28.0, 96.0, 51.682198220401666)
(28.0, 97.0, 49.551038685828402)
(28.0, 98.0, 51.239457540484338)
(28.0, 99.0, 49.965358489538019)
(29.0, 0.0, 45.958483624272993)
(29.0, 1.0, 46.846375792026997)
(29.0, 2.0, 48.491077373599595)
(29.0, 3.0, 48.454103272544003)
(29.0, 4.0, 48.065159034957226)
(29.0, 5.0, 48.933437488905753)
(29.0, 6.0, 50.110570254149422)
(29.0, 7.0, 53.522115664471769)
(29.0, 8.0, 52.140530493140261)
(29.0, 9.0, 53.045805129497637)
(29.0, 10.0, 48.791197887610153)
(29.0, 11.0, 51.444807958648212)
(29.0, 12.0, 49.293243417722493)
(29.0, 13.0, 47.279542391570331)
(29.0, 14.0, 46.738261331964566)
(29.0, 15.0, 50.658979197454023)
(29.0, 16.0, 49.362483775893978)
(29.0, 17.0, 48.161596315740361)
(29.0, 18.0, 50.813759064651819)
(29.0, 19.0, 50.868879085588688)
(29.0, 20.0, 50.946669361843874)
(29.0, 21.0, 49.035026100634376)
(29.0, 22.0, 46.941022188346835)
(29.0, 23.0, 51.593112582663643)
(29.0, 24.0, 48.797030452397635)
(29.0, 25.0, 46.257518660489602)
(29.0, 26.0, 48.610533941352799)
(29.0, 27.0, 48.698365072351535)
(29.0, 28.0, 51.161825441883714)
(29.0, 29.0, 50.220297103785036)
(29.0, 30.0, 48.905601791169076)
(29.0, 31.0, 47.80017452157503)
(29.0, 32.0, 54.379854684322147)
(29.0, 33.0, 50.984930033804481)
(29.0, 34.0, 47.501657781376252)
(29.0, 35.0, 48.152508082465914)
(29.0, 36.0, 49.248947807243709)
(29.0, 37.0, 47.879777893127468)
(29.0, 38.0, 47.712411396967362)
(29.0, 39.0, 47.959040875016854)
(29.0, 40.0, 48.413903427614692)
(29.0, 41.0, 51.983164819303866)
(29.0, 42.0, 48.147948597361562)
(29.0, 43.0, 47.694392062945987)
(29.0, 44.0, 50.931387672957172)
(29.0, 45.0, 49.756946746812503)
(29.0, 46.0, 45.795157427318301)
(29.0, 47.0, 44.321864824755323)
(29.0, 48.0, 48.793427449575745)
(29.0, 49.0, 49.58581281733769)
(29.0, 50.0, 45.338951611112449)
(29.0, 51.0, 45.328572996884049)
(29.0, 52.0, 49.254082585984953)
(29.0, 53.0, 51.807497194802444)
(29.0, 54.0, 47.499758801152709)
(29.0, 55.0, 49.277640347531531)
(29.0, 56.0, 48.350769474098769)
(29.0, 57.0, 44.93170407086847)
(29.0, 58.0, 50.590081462244839)
(29.0, 59.0, 49.612907244064445)
(29.0, 60.0, 50.127019544761168)
(29.0, 61.0, 46.79820678304273)
(29.0, 62.0, 51.469335066079445)
(29.0, 63.0, 46.759135982214886)
(29.0, 64.0, 49.022126807449524)
(29.0, 65.0, 47.597199138416251)
(29.0, 66.0, 45.965694570421732)
(29.0, 67.0, 43.724540010586068)
(29.0, 68.0, 52.388446373801628)
(29.0, 69.0, 47.994063336812374)
(29.0, 70.0, 47.845356216179127)
(29.0, 71.0, 50.308150023998948)
(29.0, 72.0, 48.175283852133362)
(29.0, 73.0, 50.827775799315766)
(29.0, 74.0, 47.437431073093435)
(29.0, 75.0, 50.278303347655225)
(29.0, 76.0, 51.588101302563416)
(29.0, 77.0, 48.119359837110601)
(29.0, 78.0, 49.046518422614085)
(29.0, 79.0, 47.066961380117569)
(29.0, 80.0, 52.352340525234112)
(29.0, 81.0, 49.960368594367722)
(29.0, 82.0, 50.079689500105957)
(29.0, 83.0, 49.305836413720243)
(29.0, 84.0, 46.899374828689666)
(29.0, 85.0, 46.41622798417751)
(29.0, 86.0, 48.912020434922511)
(29.0, 87.0, 48.856901979962103)
(29.0, 88.0, 46.834488422557364)
(29.0, 89.0, 53.036801037313609)
(29.0, 90.0, 46.236681024133574)
(29.0, 91.0, 46.21178817713205)
(29.0, 92.0, 50.421447455106005)
(29.0, 93.0, 51.252063765832474)
(29.0, 94.0, 50.303528170585579)
(29.0, 95.0, 51.251697706051047)
(29.0, 96.0, 52.137684037135159)
(29.0, 97.0, 52.664427873655612)
(29.0, 98.0, 50.995478709493256)
(29.0, 99.0, 48.744613336852147)
(30.0, 0.0, 50.829556580949458)
(30.0, 1.0, 49.121259798490826)
(30.0, 2.0, 51.060795769566219)
(30.0, 3.0, 52.690659347081436)
(30.0, 4.0, 51.544049444015336)
(30.0, 5.0, 51.195798228783019)
(30.0, 6.0, 52.183809605317009)
(30.0, 7.0, 54.901052761926579)
(30.0, 8.0, 55.70885335895629)
(30.0, 9.0, 55.955807886431245)
(30.0, 10.0, 49.620053945368724)
(30.0, 11.0, 56.462028450549312)
(30.0, 12.0, 52.803436420960495)
(30.0, 13.0, 51.894669202013439)
(30.0, 14.0, 52.508289513736031)
(30.0, 15.0, 53.345093219066072)
(30.0, 16.0, 51.167957219149592)
(30.0, 17.0, 52.927670653339192)
(30.0, 18.0, 55.812939324442389)
(30.0, 19.0, 52.4841496243099)
(30.0, 20.0, 56.122559811659166)
(30.0, 21.0, 52.579779105085287)
(30.0, 22.0, 50.194400232511697)
(30.0, 23.0, 52.80926877924783)
(30.0, 24.0, 50.369208161234852)
(30.0, 25.0, 45.428562336485136)
(30.0, 26.0, 54.331847568552462)
(30.0, 27.0, 51.437315489638863)
(30.0, 28.0, 54.026837828408475)
(30.0, 29.0, 52.66496347564312)
(30.0, 30.0, 49.99408551651733)
(30.0, 31.0, 52.203773001544825)
(30.0, 32.0, 56.798494483572455)
(30.0, 33.0, 52.698822415793728)
(30.0, 34.0, 51.397989056980585)
(30.0, 35.0, 52.298488813770781)
(30.0, 36.0, 49.91479416243655)
(30.0, 37.0, 48.778522925054261)
(30.0, 38.0, 50.41024638189203)
(30.0, 39.0, 50.82413906517931)
(30.0, 40.0, 50.334800635417778)
(30.0, 41.0, 53.532663303321407)
(30.0, 42.0, 50.352059660408315)
(30.0, 43.0, 53.107632560504364)
(30.0, 44.0, 50.976839127606027)
(30.0, 45.0, 56.529466077232065)
(30.0, 46.0, 49.815786245304935)
(30.0, 47.0, 48.248597095466543)
(30.0, 48.0, 50.312454980604763)
(30.0, 49.0, 50.235526564604882)
(30.0, 50.0, 50.543495931313778)
(30.0, 51.0, 49.401033276126689)
(30.0, 52.0, 51.238179584335228)
(30.0, 53.0, 53.552221200747546)
(30.0, 54.0, 48.50462166818815)
(30.0, 55.0, 52.887118789229547)
(30.0, 56.0, 51.750137290090748)
(30.0, 57.0, 46.231443196707474)
(30.0, 58.0, 53.60283113932941)
(30.0, 59.0, 52.331035464848796)
(30.0, 60.0, 53.637222510935125)
(30.0, 61.0, 50.093443161062886)
(30.0, 62.0, 53.590703578301905)
(30.0, 63.0, 47.398996989568808)
(30.0, 64.0, 53.89451265568168)
(30.0, 65.0, 51.791988539676609)
(30.0, 66.0, 51.547625468139366)
(30.0, 67.0, 48.441193444237527)
(30.0, 68.0, 55.540058194648594)
(30.0, 69.0, 49.989034463284831)
(30.0, 70.0, 51.665545093821848)
(30.0, 71.0, 52.871811613909813)
(30.0, 72.0, 52.364466896234134)
(30.0, 73.0, 51.897829812167629)
(30.0, 74.0, 51.443278870793236)
(30.0, 75.0, 53.624248418788902)
(30.0, 76.0, 56.202224280474411)
(30.0, 77.0, 49.963500056762264)
(30.0, 78.0, 51.407996371597591)
(30.0, 79.0, 51.176753956579645)
(30.0, 80.0, 56.085354678381584)
(30.0, 81.0, 53.559518225349471)
(30.0, 82.0, 52.379110966959566)
(30.0, 83.0, 52.327959958989695)
(30.0, 84.0, 49.556150677607469)
(30.0, 85.0, 51.063597091048237)
(30.0, 86.0, 50.372444562066093)
(30.0, 87.0, 51.625762882813156)
(30.0, 88.0, 49.594726824799963)
(30.0, 89.0, 56.551968046711899)
(30.0, 90.0, 49.46482906556146)
(30.0, 91.0, 48.996856241238945)
(30.0, 92.0, 53.667615603974141)
(30.0, 93.0, 54.20870723381605)
(30.0, 94.0, 53.317913586325531)
(30.0, 95.0, 55.020031606789132)
(30.0, 96.0, 53.781485350027218)
(30.0, 97.0, 54.252204687019479)
(30.0, 98.0, 57.323187385492389)
(30.0, 99.0, 51.662270053548937)
(31.0, 0.0, 46.631510925373931)
(31.0, 1.0, 46.051391214431582)
(31.0, 2.0, 44.69750402657904)
(31.0, 3.0, 47.361713057828311)
(31.0, 4.0, 47.174834780070071)
(31.0, 5.0, 44.199804257765948)
(31.0, 6.0, 50.521373506513669)
(31.0, 7.0, 48.33271959184853)
(31.0, 8.0, 50.142779090156218)
(31.0, 9.0, 50.078066409788732)
(31.0, 10.0, 45.094496938863429)
(31.0, 11.0, 49.279609444822057)
(31.0, 12.0, 46.570236385602428)
(31.0, 13.0, 40.673806562092935)
(31.0, 14.0, 43.917643652656949)
(31.0, 15.0, 45.602244970071823)
(31.0, 16.0, 46.071673176269115)
(31.0, 17.0, 44.495334887592044)
(31.0, 18.0, 46.312461419051544)
(31.0, 19.0, 46.95811013689385)
(31.0, 20.0, 48.631728684239064)
(31.0, 21.0, 42.379956499384498)
(31.0, 22.0, 45.557062450441236)
(31.0, 23.0, 48.272589170902357)
(31.0, 24.0, 45.159651247964682)
(31.0, 25.0, 43.035286919574055)
(31.0, 26.0, 45.528704895680832)
(31.0, 27.0, 45.365915151380193)
(31.0, 28.0, 48.396623623466411)
(31.0, 29.0, 44.161485784636838)
(31.0, 30.0, 46.435242030668718)
(31.0, 31.0, 46.21757074123888)
(31.0, 32.0, 52.110615034279121)
(31.0, 33.0, 46.912472423658606)
(31.0, 34.0, 46.919616058599487)
(31.0, 35.0, 46.312099021847629)
(31.0, 36.0, 47.738313138041676)
(31.0, 37.0, 44.066622965430064)
(31.0, 38.0, 45.569301301066872)
(31.0, 39.0, 45.389982933938242)
(31.0, 40.0, 44.048429701705288)
(31.0, 41.0, 49.159590874564365)
(31.0, 42.0, 46.548816810535953)
(31.0, 43.0, 47.031328499634142)
(31.0, 44.0, 45.78254863450428)
(31.0, 45.0, 49.142158635277497)
(31.0, 46.0, 44.008678943961186)
(31.0, 47.0, 43.293832174745653)
(31.0, 48.0, 46.011914051570081)
(31.0, 49.0, 43.837619976093848)
(31.0, 50.0, 43.589721633259003)
(31.0, 51.0, 45.31949196602239)
(31.0, 52.0, 46.970196425994295)
(31.0, 53.0, 49.199113136002637)
(31.0, 54.0, 45.099565217553234)
(31.0, 55.0, 46.047464754231356)
(31.0, 56.0, 47.576141537689033)
(31.0, 57.0, 43.466495392417961)
(31.0, 58.0, 48.893607202608692)
(31.0, 59.0, 47.874797657744551)
(31.0, 60.0, 47.015147053192365)
(31.0, 61.0, 45.529796014113202)
(31.0, 62.0, 45.759605760728896)
(31.0, 63.0, 44.798956936229153)
(31.0, 64.0, 47.567916357866338)
(31.0, 65.0, 44.672808517403318)
(31.0, 66.0, 44.944360132254971)
(31.0, 67.0, 42.002791749220322)
(31.0, 68.0, 50.10001070159106)
(31.0, 69.0, 43.582250675113663)
(31.0, 70.0, 44.717939733051935)
(31.0, 71.0, 48.225688350243743)
(31.0, 72.0, 46.279337738035949)
(31.0, 73.0, 46.263925432383019)
(31.0, 74.0, 46.138674952884358)
(31.0, 75.0, 47.897172718885443)
(31.0, 76.0, 46.811096696124068)
(31.0, 77.0, 45.262020207539472)
(31.0, 78.0, 45.94864245990977)
(31.0, 79.0, 45.840473354720352)
(31.0, 80.0, 49.48362026110695)
(31.0, 81.0, 48.371465985579917)
(31.0, 82.0, 47.352300415340707)
(31.0, 83.0, 46.289085045558046)
(31.0, 84.0, 44.738940666317411)
(31.0, 85.0, 45.084901499667666)
(31.0, 86.0, 46.371099867823418)
(31.0, 87.0, 47.205541325119221)
(31.0, 88.0, 43.173225419724908)
(31.0, 89.0, 48.974995067623865)
(31.0, 90.0, 45.942572170669756)
(31.0, 91.0, 43.797814859516436)
(31.0, 92.0, 47.067347709746187)
(31.0, 93.0, 46.537762989802061)
(31.0, 94.0, 48.40201067451315)
(31.0, 95.0, 48.730934769695835)
(31.0, 96.0, 47.870177029235464)
(31.0, 97.0, 49.774697037410746)
(31.0, 98.0, 47.570075466732433)
(31.0, 99.0, 47.832630174293044)
(32.0, 0.0, 47.026661584128476)
(32.0, 1.0, 44.487391112066952)
(32.0, 2.0, 47.191994219437007)
(32.0, 3.0, 47.648224396662194)
(32.0, 4.0, 46.326676506091871)
(32.0, 5.0, 45.544533420754178)
(32.0, 6.0, 50.256905918581801)
(32.0, 7.0, 48.578540531424721)
(32.0, 8.0, 48.500006077623858)
(32.0, 9.0, 50.762460601393457)
(32.0, 10.0, 44.663573498471507)
(32.0, 11.0, 47.581115371094143)
(32.0, 12.0, 44.477638503647242)
(32.0, 13.0, 45.474590757369349)
(32.0, 14.0, 46.070007498812245)
(32.0, 15.0, 49.77342476305153)
(32.0, 16.0, 48.808113172660484)
(32.0, 17.0, 45.788797913450743)
(32.0, 18.0, 50.120116038520621)
(32.0, 19.0, 47.598687214656039)
(32.0, 20.0, 49.908079447082308)
(32.0, 21.0, 45.605614475615958)
(32.0, 22.0, 44.498044179070675)
(32.0, 23.0, 48.570383819674205)
(32.0, 24.0, 46.07642548237957)
(32.0, 25.0, 43.02504175938455)
(32.0, 26.0, 49.905460217535328)
(32.0, 27.0, 44.794109160927029)
(32.0, 28.0, 48.026209424150949)
(32.0, 29.0, 47.000366387037253)
(32.0, 30.0, 46.920813469841178)
(32.0, 31.0, 45.25785241045692)
(32.0, 32.0, 49.558109718857601)
(32.0, 33.0, 47.164023439661904)
(32.0, 34.0, 48.694465405693094)
(32.0, 35.0, 47.096549006967869)
(32.0, 36.0, 46.217978814490046)
(32.0, 37.0, 45.828378290676845)
(32.0, 38.0, 45.724391853336044)
(32.0, 39.0, 47.310909411468671)
(32.0, 40.0, 45.818098530405315)
(32.0, 41.0, 48.661187830894988)
(32.0, 42.0, 45.089350724060594)
(32.0, 43.0, 45.197735667062204)
(32.0, 44.0, 50.031853996558823)
(32.0, 45.0, 47.573940595093624)
(32.0, 46.0, 43.246011293885388)
(32.0, 47.0, 45.39501394543062)
(32.0, 48.0, 46.543867537969618)
(32.0, 49.0, 47.558368521195604)
(32.0, 50.0, 43.120075093294098)
(32.0, 51.0, 43.587157930827672)
(32.0, 52.0, 45.022242890778742)
(32.0, 53.0, 48.285390181240473)
(32.0, 54.0, 42.864926427155353)
(32.0, 55.0, 48.244045853280483)
(32.0, 56.0, 46.249984229948872)
(32.0, 57.0, 42.58199302818776)
(32.0, 58.0, 46.685991439977499)
(32.0, 59.0, 47.212186322829339)
(32.0, 60.0, 49.025246213484621)
(32.0, 61.0, 44.658351996913197)
(32.0, 62.0, 45.573245769545366)
(32.0, 63.0, 44.28091869714217)
(32.0, 64.0, 49.455045856406599)
(32.0, 65.0, 48.313883597777121)
(32.0, 66.0, 46.067114511767983)
(32.0, 67.0, 42.574136518422762)
(32.0, 68.0, 50.1416957129194)
(32.0, 69.0, 48.055939191315986)
(32.0, 70.0, 46.077568278210776)
(32.0, 71.0, 48.19118738621701)
(32.0, 72.0, 46.709787720527892)
(32.0, 73.0, 47.87816567366977)
(32.0, 74.0, 45.626529640499953)
(32.0, 75.0, 48.385038348759892)
(32.0, 76.0, 49.017247880894885)
(32.0, 77.0, 44.510240976864573)
(32.0, 78.0, 48.466620465028072)
(32.0, 79.0, 43.431666096216006)
(32.0, 80.0, 53.175211890821203)
(32.0, 81.0, 50.094581237204657)
(32.0, 82.0, 49.360526797130973)
(32.0, 83.0, 46.810858357648257)
(32.0, 84.0, 46.483243936271414)
(32.0, 85.0, 45.675483306860784)
(32.0, 86.0, 46.796832920487603)
(32.0, 87.0, 47.612178166869811)
(32.0, 88.0, 44.98620368170689)
(32.0, 89.0, 50.356271893214881)
(32.0, 90.0, 46.569684774205498)
(32.0, 91.0, 42.348852816766566)
(32.0, 92.0, 51.343472862890039)
(32.0, 93.0, 50.005217661487393)
(32.0, 94.0, 48.005952429568957)
(32.0, 95.0, 47.465232458770814)
(32.0, 96.0, 51.017109786773943)
(32.0, 97.0, 50.161439000834001)
(32.0, 98.0, 49.308207262326789)
(32.0, 99.0, 50.931205317071054)
(33.0, 0.0, 46.862778291041877)
(33.0, 1.0, 45.75665713521181)
(33.0, 2.0, 45.404234597722962)
(33.0, 3.0, 46.382032556851115)
(33.0, 4.0, 45.745188370515677)
(33.0, 5.0, 45.209954456957774)
(33.0, 6.0, 48.29776593470622)
(33.0, 7.0, 48.757816114637677)
(33.0, 8.0, 49.600242765443383)
(33.0, 9.0, 51.057971053568139)
(33.0, 10.0, 46.148631226255318)
(33.0, 11.0, 50.129717168443158)
(33.0, 12.0, 47.694017837240452)
(33.0, 13.0, 44.244619990853224)
(33.0, 14.0, 45.537319042627814)
(33.0, 15.0, 48.074223563420574)
(33.0, 16.0, 47.08580920455087)
(33.0, 17.0, 48.095087058016304)
(33.0, 18.0, 46.648090848924696)
(33.0, 19.0, 47.857415008558945)
(33.0, 20.0, 49.184700447393823)
(33.0, 21.0, 45.835542503245676)
(33.0, 22.0, 47.144165522818724)
(33.0, 23.0, 47.368959157807609)
(33.0, 24.0, 46.596701149264234)
(33.0, 25.0, 43.313241868256817)
(33.0, 26.0, 48.693322650789142)
(33.0, 27.0, 44.504472019215441)
(33.0, 28.0, 46.899033403945722)
(33.0, 29.0, 47.479781229025775)
(33.0, 30.0, 43.719142186160724)
(33.0, 31.0, 44.479632168035778)
(33.0, 32.0, 50.889848292323784)
(33.0, 33.0, 46.111254289942231)
(33.0, 34.0, 47.524683286044542)
(33.0, 35.0, 45.502157776347588)
(33.0, 36.0, 46.178378031302678)
(33.0, 37.0, 45.174664372015116)
(33.0, 38.0, 46.493909897441448)
(33.0, 39.0, 44.697137547263665)
(33.0, 40.0, 45.507873595832571)
(33.0, 41.0, 49.138874558514075)
(33.0, 42.0, 45.603000053389906)
(33.0, 43.0, 45.209028429009017)
(33.0, 44.0, 48.529467021508694)
(33.0, 45.0, 48.774430745644111)
(33.0, 46.0, 45.174871335632488)
(33.0, 47.0, 44.879764175338721)
(33.0, 48.0, 45.303947703827809)
(33.0, 49.0, 44.682870184294416)
(33.0, 50.0, 42.179631762756308)
(33.0, 51.0, 44.914065904575693)
(33.0, 52.0, 46.465070628569428)
(33.0, 53.0, 49.482195055027077)
(33.0, 54.0, 42.514234553844545)
(33.0, 55.0, 47.286408588780155)
(33.0, 56.0, 45.661409673061328)
(33.0, 57.0, 44.643457987953774)
(33.0, 58.0, 47.777722710084674)
