(87.0, 33.0, 52.344368772196596)
(87.0, 34.0, 51.67256888832096)
(87.0, 35.0, 51.520920864791194)
(87.0, 36.0, 51.15506984381787)
(87.0, 37.0, 50.678082175324143)
(87.0, 38.0, 52.763401677117365)
(87.0, 39.0, 51.37629814906667)
(87.0, 40.0, 50.461597411077648)
(87.0, 41.0, 52.823422230004759)
(87.0, 42.0, 49.611968549147612)
(87.0, 43.0, 53.169878188197742)
(87.0, 44.0, 51.582115241042331)
(87.0, 45.0, 53.212824161775167)
(87.0, 46.0, 48.683077251889095)
(87.0, 47.0, 50.418782016271649)
(87.0, 48.0, 51.760550146523613)
(87.0, 49.0, 51.837904598384775)
(87.0, 50.0, 48.054618658970973)
(87.0, 51.0, 51.021821990378434)
(87.0, 52.0, 54.401121348135675)
(87.0, 53.0, 52.294348779982627)
(87.0, 54.0, 45.792694133848102)
(87.0, 55.0, 51.895109721646051)
(87.0, 56.0, 51.506747499548212)
(87.0, 57.0, 48.281817253755833)
(87.0, 58.0, 52.618006899372887)
(87.0, 59.0, 53.101299776779854)
(87.0, 60.0, 52.268005576135593)
(87.0, 61.0, 50.469476282527737)
(87.0, 62.0, 53.43976987987682)
(87.0, 63.0, 48.541700273367532)
(87.0, 64.0, 51.853263386600091)
(87.0, 65.0, 52.210509865555949)
(87.0, 66.0, 49.776248530909598)
(87.0, 67.0, 47.723166573198768)
(87.0, 68.0, 52.21743559741374)
(87.0, 69.0, 49.637265489909012)
(87.0, 70.0, 50.601308621726211)
(87.0, 71.0, 51.861180028564135)
(87.0, 72.0, 50.612648806711391)
(87.0, 73.0, 54.267038960558246)
(87.0, 74.0, 49.900921926698807)
(87.0, 75.0, 51.723439453362296)
(87.0, 76.0, 52.909361380492911)
(87.0, 77.0, 47.197093864868677)
(87.0, 78.0, 54.323678112275346)
(87.0, 79.0, 48.610151781841161)
(87.0, 80.0, 57.049647542148897)
(87.0, 81.0, 55.952243156510626)
(87.0, 82.0, 52.918176624878868)
(87.0, 83.0, 52.1480731297125)
(87.0, 84.0, 50.876070746109463)
(87.0, 85.0, 50.849958318047953)
(87.0, 86.0, 49.849516367472404)
(87.0, 87.0, 51.251034953168116)
(87.0, 88.0, 47.950261464380617)
(87.0, 89.0, 56.096316223731364)
(87.0, 90.0, 50.06676413707963)
(87.0, 91.0, 49.504859515310443)
(87.0, 92.0, 52.953193787281023)
(87.0, 93.0, 52.354034243130364)
(87.0, 94.0, 55.015461637474068)
(87.0, 95.0, 52.060294888225492)
(87.0, 96.0, 53.834633095550714)
(87.0, 97.0, 55.373567047994662)
(87.0, 98.0, 56.173625167197372)
(87.0, 99.0, 52.320249414750521)
(88.0, 0.0, 47.210592813058383)
(88.0, 1.0, 46.399598711100566)
(88.0, 2.0, 45.790443039159157)
(88.0, 3.0, 47.913469751852972)
(88.0, 4.0, 48.315690230770777)
(88.0, 5.0, 47.028099805979494)
(88.0, 6.0, 48.738328648613894)
(88.0, 7.0, 47.896434325472541)
(88.0, 8.0, 51.285629139435088)
(88.0, 9.0, 50.459808212560191)
(88.0, 10.0, 46.738626208060012)
(88.0, 11.0, 48.689841532450828)
(88.0, 12.0, 47.177241527899007)
(88.0, 13.0, 44.598531658150904)
(88.0, 14.0, 43.914307688365369)
(88.0, 15.0, 50.089925507373991)
(88.0, 16.0, 48.386668316076303)
(88.0, 17.0, 49.053730345838126)
(88.0, 18.0, 50.135676768746748)
(88.0, 19.0, 48.290868163694725)
(88.0, 20.0, 51.919759515721552)
(88.0, 21.0, 47.167933104898296)
(88.0, 22.0, 47.191267352248161)
(88.0, 23.0, 50.794121852692015)
(88.0, 24.0, 47.977362051389832)
(88.0, 25.0, 42.149534585170642)
(88.0, 26.0, 49.217281285982942)
(88.0, 27.0, 50.08249763819753)
(88.0, 28.0, 46.628265589673902)
(88.0, 29.0, 47.22850666272484)
(88.0, 30.0, 47.613993327535397)
(88.0, 31.0, 47.737057641988905)
(88.0, 32.0, 50.599415711932593)
(88.0, 33.0, 47.209614680622643)
(88.0, 34.0, 47.492911338432798)
(88.0, 35.0, 46.360609161118504)
(88.0, 36.0, 46.027390586572778)
(88.0, 37.0, 45.403791924712991)
(88.0, 38.0, 44.971623157181483)
(88.0, 39.0, 46.464095094632043)
(88.0, 40.0, 46.680714433738601)
(88.0, 41.0, 50.85954263663978)
(88.0, 42.0, 47.571372157145575)
(88.0, 43.0, 47.626940056633707)
(88.0, 44.0, 46.668838196369236)
(88.0, 45.0, 46.870326033057367)
(88.0, 46.0, 42.21528496429351)
(88.0, 47.0, 45.064420752254307)
(88.0, 48.0, 45.852277179724325)
(88.0, 49.0, 47.870777039139277)
(88.0, 50.0, 45.443434456572106)
(88.0, 51.0, 45.782388541107608)
(88.0, 52.0, 45.960742279563476)
(88.0, 53.0, 49.051979263581345)
(88.0, 54.0, 44.951457088297062)
(88.0, 55.0, 47.289375113134795)
(88.0, 56.0, 46.624824171667107)
(88.0, 57.0, 44.469742399163344)
(88.0, 58.0, 48.43568848728372)
(88.0, 59.0, 48.338381982388022)
(88.0, 60.0, 49.101257335907732)
(88.0, 61.0, 45.686323738877846)
(88.0, 62.0, 48.053045336331863)
(88.0, 63.0, 44.804693745243952)
(88.0, 64.0, 48.862213148242134)
(88.0, 65.0, 47.616765779329953)
(88.0, 66.0, 46.523315703115266)
(88.0, 67.0, 45.987840244530169)
(88.0, 68.0, 52.0887609972416)
(88.0, 69.0, 48.2394470191255)
(88.0, 70.0, 45.478966804752218)
(88.0, 71.0, 47.944523346800928)
(88.0, 72.0, 46.068877651448673)
(88.0, 73.0, 47.694571450328297)
(88.0, 74.0, 45.088117557409845)
(88.0, 75.0, 45.993032974759757)
(88.0, 76.0, 49.930213816924564)
(88.0, 77.0, 46.673305749515251)
(88.0, 78.0, 49.209046891770932)
(88.0, 79.0, 46.219637532521617)
(88.0, 80.0, 50.791098286166068)
(88.0, 81.0, 50.455437983799229)
(88.0, 82.0, 48.572626871602807)
(88.0, 83.0, 47.256813572211676)
(88.0, 84.0, 45.502489723923901)
(88.0, 85.0, 46.242100924563296)
(88.0, 86.0, 46.788979434940984)
(88.0, 87.0, 46.900938857919819)
(88.0, 88.0, 44.057571778145558)
(88.0, 89.0, 51.151701272747452)
(88.0, 90.0, 46.791414018651835)
(88.0, 91.0, 43.273937678380278)
(88.0, 92.0, 50.702864243391375)
(88.0, 93.0, 48.865009659552143)
(88.0, 94.0, 49.824077483407294)
(88.0, 95.0, 47.608156097060828)
(88.0, 96.0, 50.29586225323353)
(88.0, 97.0, 49.195340804458674)
(88.0, 98.0, 51.800577202569592)
(88.0, 99.0, 49.751914405167767)
(89.0, 0.0, 48.68177908671246)
(89.0, 1.0, 47.767548971126033)
(89.0, 2.0, 50.895673305326248)
(89.0, 3.0, 50.662949612354609)
(89.0, 4.0, 51.975374643447012)
(89.0, 5.0, 50.12820444260857)
(89.0, 6.0, 51.032178814733626)
(89.0, 7.0, 51.013519708033066)
(89.0, 8.0, 51.127626537642548)
(89.0, 9.0, 55.651265537705854)
(89.0, 10.0, 47.480363025395405)
(89.0, 11.0, 53.581414920721159)
(89.0, 12.0, 49.543767937418593)
(89.0, 13.0, 48.272481856254231)
(89.0, 14.0, 48.302354759559805)
(89.0, 15.0, 51.501145733384092)
(89.0, 16.0, 51.589658940487659)
(89.0, 17.0, 48.129211576218687)
(89.0, 18.0, 52.177668984159311)
(89.0, 19.0, 53.288088609253961)
(89.0, 20.0, 54.939626016771086)
(89.0, 21.0, 49.716775873941998)
(89.0, 22.0, 50.525187206245732)
(89.0, 23.0, 50.621652752347799)
(89.0, 24.0, 48.105253201905633)
(89.0, 25.0, 45.362989651665814)
(89.0, 26.0, 52.928804464571066)
(89.0, 27.0, 48.151804405973493)
(89.0, 28.0, 51.393319941850535)
(89.0, 29.0, 49.27403866732859)
(89.0, 30.0, 48.900630739539928)
(89.0, 31.0, 49.422945946051499)
(89.0, 32.0, 52.977067329920722)
(89.0, 33.0, 54.297194743913614)
(89.0, 34.0, 52.012727816510179)
(89.0, 35.0, 52.370769167044564)
(89.0, 36.0, 49.526039140443274)
(89.0, 37.0, 49.490184164953305)
(89.0, 38.0, 49.274708934862772)
(89.0, 39.0, 49.514831620169062)
(89.0, 40.0, 48.525604630698972)
(89.0, 41.0, 53.555920436792157)
(89.0, 42.0, 48.151667704375875)
(89.0, 43.0, 51.327179579024026)
(89.0, 44.0, 50.318394287256282)
(89.0, 45.0, 55.497282704973259)
(89.0, 46.0, 47.56801465602782)
(89.0, 47.0, 47.219828599991473)
(89.0, 48.0, 50.23809835312948)
(89.0, 49.0, 48.862697409955693)
(89.0, 50.0, 47.041515461936669)
(89.0, 51.0, 49.060405789038512)
(89.0, 52.0, 51.856037152652945)
(89.0, 53.0, 52.697428128161476)
(89.0, 54.0, 47.08562335290177)
(89.0, 55.0, 51.662233763648992)
(89.0, 56.0, 50.69976732229847)
(89.0, 57.0, 46.652653220877887)
(89.0, 58.0, 52.41017005823764)
(89.0, 59.0, 52.211947658433161)
(89.0, 60.0, 52.207202038794286)
(89.0, 61.0, 48.52691106309841)
(89.0, 62.0, 50.119486550004467)
(89.0, 63.0, 45.590349483938809)
(89.0, 64.0, 51.238352522365844)
(89.0, 65.0, 51.994003185265079)
(89.0, 66.0, 48.161427656536389)
(89.0, 67.0, 48.19041376352223)
(89.0, 68.0, 52.361871808827374)
(89.0, 69.0, 49.231372447987198)
(89.0, 70.0, 49.706851457238749)
(89.0, 71.0, 52.210709232632901)
(89.0, 72.0, 48.693195181209816)
(89.0, 73.0, 51.262574567362606)
(89.0, 74.0, 50.236416407886196)
(89.0, 75.0, 51.448642802060661)
(89.0, 76.0, 54.225196395101221)
(89.0, 77.0, 48.391431420738186)
(89.0, 78.0, 53.587275337231475)
(89.0, 79.0, 46.034318782230493)
(89.0, 80.0, 53.647222390864357)
(89.0, 81.0, 53.06767172309403)
(89.0, 82.0, 50.917659095412318)
(89.0, 83.0, 50.761702027741094)
(89.0, 84.0, 47.642401863821561)
(89.0, 85.0, 48.898136586503313)
(89.0, 86.0, 49.311778846007321)
(89.0, 87.0, 50.041360198476312)
(89.0, 88.0, 48.258319726938375)
(89.0, 89.0, 53.85743858079266)
(89.0, 90.0, 48.519640813625173)
(89.0, 91.0, 47.123029875264848)
(89.0, 92.0, 53.127903667462945)
(89.0, 93.0, 52.960754809412791)
(89.0, 94.0, 52.435472370317015)
(89.0, 95.0, 51.94851092027924)
(89.0, 96.0, 51.724166139960602)
(89.0, 97.0, 54.192816230076119)
(89.0, 98.0, 54.508930533730776)
(89.0, 99.0, 51.617358679164852)
(90.0, 0.0, 48.129065949439656)
(90.0, 1.0, 47.738290277477041)
(90.0, 2.0, 48.730755254037945)
(90.0, 3.0, 49.622697911081374)
(90.0, 4.0, 48.097222241006619)
(90.0, 5.0, 46.361814306381319)
(90.0, 6.0, 49.906660004929492)
(90.0, 7.0, 49.406965894532298)
(90.0, 8.0, 52.894889285365068)
(90.0, 9.0, 54.716362540539812)
(90.0, 10.0, 45.052798559325971)
(90.0, 11.0, 50.456355538579146)
(90.0, 12.0, 48.676438379666656)
(90.0, 13.0, 47.293651872127604)
(90.0, 14.0, 48.298755094839308)
(90.0, 15.0, 50.593071041448006)
(90.0, 16.0, 49.525441067814157)
(90.0, 17.0, 46.725751362410236)
(90.0, 18.0, 52.290224618067761)
(90.0, 19.0, 49.162094485151748)
(90.0, 20.0, 54.208238397837661)
(90.0, 21.0, 45.651110630494095)
(90.0, 22.0, 48.447111633064978)
(90.0, 23.0, 50.151202846281379)
(90.0, 24.0, 48.260244338442547)
(90.0, 25.0, 45.068814320949869)
(90.0, 26.0, 50.661699447107097)
(90.0, 27.0, 46.454580330687463)
(90.0, 28.0, 48.150894488853567)
(90.0, 29.0, 49.480744975049241)
(90.0, 30.0, 46.612910064920911)
(90.0, 31.0, 46.575735589232309)
(90.0, 32.0, 52.347802970015962)
(90.0, 33.0, 49.578309663161363)
(90.0, 34.0, 49.924617555754608)
(90.0, 35.0, 49.865839910690951)
(90.0, 36.0, 49.103814839270896)
(90.0, 37.0, 47.077160515466488)
(90.0, 38.0, 49.507170953312745)
(90.0, 39.0, 49.882152059659674)
(90.0, 40.0, 45.921331143638291)
(90.0, 41.0, 49.173748709393934)
(90.0, 42.0, 49.265131853929724)
(90.0, 43.0, 47.364012073175644)
(90.0, 44.0, 50.333507264998076)
(90.0, 45.0, 50.255441201677478)
(90.0, 46.0, 46.217325614140691)
(90.0, 47.0, 47.299131984319573)
(90.0, 48.0, 48.824256702116514)
(90.0, 49.0, 47.131406948707806)
(90.0, 50.0, 45.997830417599225)
(90.0, 51.0, 49.068681205780962)
(90.0, 52.0, 48.485379185434127)
(90.0, 53.0, 50.79304584375565)
(90.0, 54.0, 44.46812819747862)
(90.0, 55.0, 49.637034429549743)
(90.0, 56.0, 50.447276236971426)
(90.0, 57.0, 43.588613838186411)
(90.0, 58.0, 49.549651666161424)
(90.0, 59.0, 51.781049432950589)
(90.0, 60.0, 51.461379153177063)
(90.0, 61.0, 47.499243631237007)
(90.0, 62.0, 47.704978474247781)
(90.0, 63.0, 44.60254556983088)
(90.0, 64.0, 49.818498694423297)
(90.0, 65.0, 50.383291987092406)
(90.0, 66.0, 45.429535848968484)
(90.0, 67.0, 47.219765362961461)
(90.0, 68.0, 51.232100782880281)
(90.0, 69.0, 50.448572133481129)
(90.0, 70.0, 49.630093451389129)
(90.0, 71.0, 49.833719129466537)
(90.0, 72.0, 49.395896076729301)
(90.0, 73.0, 49.646365848916574)
(90.0, 74.0, 46.758780507460017)
(90.0, 75.0, 50.359187220695013)
(90.0, 76.0, 49.187322772158382)
(90.0, 77.0, 46.510966978534967)
(90.0, 78.0, 50.143904301527762)
(90.0, 79.0, 46.182618999711053)
(90.0, 80.0, 55.032902246160056)
(90.0, 81.0, 51.064688584884763)
(90.0, 82.0, 49.224810014774448)
(90.0, 83.0, 50.290022955837074)
(90.0, 84.0, 50.708914940557406)
(90.0, 85.0, 46.818556181679249)
(90.0, 86.0, 47.570320637633586)
(90.0, 87.0, 48.091124268418355)
(90.0, 88.0, 45.153163209312567)
(90.0, 89.0, 51.961395231660951)
(90.0, 90.0, 47.221653871832196)
(90.0, 91.0, 45.457849754014504)
(90.0, 92.0, 50.474217466125992)
(90.0, 93.0, 51.763117581519353)
(90.0, 94.0, 50.803061725576086)
(90.0, 95.0, 48.723181149616423)
(90.0, 96.0, 50.830423682883513)
(90.0, 97.0, 53.626430147878196)
(90.0, 98.0, 54.537725891839273)
(90.0, 99.0, 49.545148221862604)
(91.0, 0.0, 46.887078661990806)
(91.0, 1.0, 43.624610476306302)
(91.0, 2.0, 47.818503920258834)
(91.0, 3.0, 48.080992528645524)
(91.0, 4.0, 48.180962495727634)
(91.0, 5.0, 48.446077683102821)
(91.0, 6.0, 49.218459682349938)
(91.0, 7.0, 47.387031431650641)
(91.0, 8.0, 49.835094206990156)
(91.0, 9.0, 50.192626861642069)
(91.0, 10.0, 46.187943654584352)
(91.0, 11.0, 50.483617080841725)
(91.0, 12.0, 48.142852519032147)
(91.0, 13.0, 43.041216572059206)
(91.0, 14.0, 45.927711297730525)
(91.0, 15.0, 50.932684530444284)
(91.0, 16.0, 47.220160713754758)
(91.0, 17.0, 45.961796969169228)
(91.0, 18.0, 49.35167376535415)
(91.0, 19.0, 49.02419944210979)
(91.0, 20.0, 51.852902262988437)
(91.0, 21.0, 47.663664504887301)
(91.0, 22.0, 45.411942691285191)
(91.0, 23.0, 48.072719011461231)
(91.0, 24.0, 45.821193729425232)
(91.0, 25.0, 42.684518573678041)
(91.0, 26.0, 49.238694950031935)
(91.0, 27.0, 47.902219761280847)
(91.0, 28.0, 48.732526067154097)
(91.0, 29.0, 49.223977142504275)
(91.0, 30.0, 46.764055060756974)
(91.0, 31.0, 46.57733842557559)
(91.0, 32.0, 51.074047250185217)
(91.0, 33.0, 51.216267319521101)
(91.0, 34.0, 48.928332163746013)
(91.0, 35.0, 45.708953135049995)
(91.0, 36.0, 46.375439288574142)
(91.0, 37.0, 46.002338660146179)
(91.0, 38.0, 46.62864482855759)
(91.0, 39.0, 47.465521328323817)
(91.0, 40.0, 44.975031090572656)
(91.0, 41.0, 48.852633789512481)
(91.0, 42.0, 47.653508581229488)
(91.0, 43.0, 46.965572576523705)
(91.0, 44.0, 46.644149159231766)
(91.0, 45.0, 49.269076114102489)
(91.0, 46.0, 44.553058916032541)
(91.0, 47.0, 44.575713309004378)
(91.0, 48.0, 47.865251061135325)
(91.0, 49.0, 48.757476250510855)
(91.0, 50.0, 46.154170929905348)
(91.0, 51.0, 46.165213388952147)
(91.0, 52.0, 47.328264903910267)
(91.0, 53.0, 51.49146131932617)
(91.0, 54.0, 44.012331120967261)
(91.0, 55.0, 47.410708183626198)
(91.0, 56.0, 49.233730554096013)
(91.0, 57.0, 45.606979625246197)
(91.0, 58.0, 52.125501014974162)
(91.0, 59.0, 49.772648760713111)
(91.0, 60.0, 49.877079583880416)
(91.0, 61.0, 46.620085730592379)
(91.0, 62.0, 47.975502675627752)
(91.0, 63.0, 44.616612121838024)
(91.0, 64.0, 48.627882809772089)
(91.0, 65.0, 47.931039741703813)
(91.0, 66.0, 45.051265500814708)
(91.0, 67.0, 42.008664807662576)
