(74.0, 94.0, 52.376496039841477)
(74.0, 95.0, 52.018373543656836)
(74.0, 96.0, 52.311140820814138)
(74.0, 97.0, 50.426253666951666)
(74.0, 98.0, 55.255430547117847)
(74.0, 99.0, 54.920265069325154)
(75.0, 0.0, 46.349306111354608)
(75.0, 1.0, 45.024906639530847)
(75.0, 2.0, 47.450404795039489)
(75.0, 3.0, 46.120668213435252)
(75.0, 4.0, 49.858966737659955)
(75.0, 5.0, 47.897402316175629)
(75.0, 6.0, 49.88443260666709)
(75.0, 7.0, 49.805904588125571)
(75.0, 8.0, 52.998009608283155)
(75.0, 9.0, 52.32745197941567)
(75.0, 10.0, 46.52518061822245)
(75.0, 11.0, 50.233144079149064)
(75.0, 12.0, 48.124523615029432)
(75.0, 13.0, 48.6618926748082)
(75.0, 14.0, 46.964230384528513)
(75.0, 15.0, 48.661793993002568)
(75.0, 16.0, 46.249207478505859)
(75.0, 17.0, 46.190403750338021)
(75.0, 18.0, 49.290939132891666)
(75.0, 19.0, 49.785776193067328)
(75.0, 20.0, 53.100023993293192)
(75.0, 21.0, 45.807275714851961)
(75.0, 22.0, 46.064187737237887)
(75.0, 23.0, 48.40681612684682)
(75.0, 24.0, 48.718079639323626)
(75.0, 25.0, 44.449731036876614)
(75.0, 26.0, 49.514643703247188)
(75.0, 27.0, 48.998821649086509)
(75.0, 28.0, 48.89841372694422)
(75.0, 29.0, 47.528824511971621)
(75.0, 30.0, 45.830421632870369)
(75.0, 31.0, 45.065266674658268)
(75.0, 32.0, 53.919827575702968)
(75.0, 33.0, 49.626097506422916)
(75.0, 34.0, 49.963594959238257)
(75.0, 35.0, 49.169090854493831)
(75.0, 36.0, 47.610498352352451)
(75.0, 37.0, 46.194365595227431)
(75.0, 38.0, 46.705830238189165)
(75.0, 39.0, 46.643628642560074)
(75.0, 40.0, 46.880487797930314)
(75.0, 41.0, 50.340744551028635)
(75.0, 42.0, 48.077422233119123)
(75.0, 43.0, 48.228242280700826)
(75.0, 44.0, 48.294397792126993)
(75.0, 45.0, 49.63628235763607)
(75.0, 46.0, 44.881673640267898)
(75.0, 47.0, 45.576775848374524)
(75.0, 48.0, 46.698386104888506)
(75.0, 49.0, 49.057011590178718)
(75.0, 50.0, 46.956264286114788)
(75.0, 51.0, 46.032282816390065)
(75.0, 52.0, 48.060871462039024)
(75.0, 53.0, 49.815496237560851)
(75.0, 54.0, 45.753796111203187)
(75.0, 55.0, 50.209591144996324)
(75.0, 56.0, 49.040195226843991)
(75.0, 57.0, 44.397835056939805)
(75.0, 58.0, 48.94733298023354)
(75.0, 59.0, 48.333870943147062)
(75.0, 60.0, 50.214911205981437)
(75.0, 61.0, 47.697330169799457)
(75.0, 62.0, 49.945668143376807)
(75.0, 63.0, 45.820104491946537)
(75.0, 64.0, 49.19084215585255)
(75.0, 65.0, 49.470358852040405)
(75.0, 66.0, 44.237138017663334)
(75.0, 67.0, 45.777568982187923)
(75.0, 68.0, 51.400829886094073)
(75.0, 69.0, 48.902417395687102)
(75.0, 70.0, 50.226551208594415)
(75.0, 71.0, 50.585092740133192)
(75.0, 72.0, 49.199707932791526)
(75.0, 73.0, 48.486600698846964)
(75.0, 74.0, 46.338694012952637)
(75.0, 75.0, 48.921742300701922)
(75.0, 76.0, 49.853852778257938)
(75.0, 77.0, 44.970866089634441)
(75.0, 78.0, 49.805108430767092)
(75.0, 79.0, 45.824634329242976)
(75.0, 80.0, 51.235645933158331)
(75.0, 81.0, 51.4641970244802)
(75.0, 82.0, 49.920208342222594)
(75.0, 83.0, 50.91314203618515)
(75.0, 84.0, 47.48246721029949)
(75.0, 85.0, 47.384987126365573)
(75.0, 86.0, 48.32116770933473)
(75.0, 87.0, 48.704125503091554)
(75.0, 88.0, 44.494068729669536)
(75.0, 89.0, 53.863710928116063)
(75.0, 90.0, 45.022321065406778)
(75.0, 91.0, 44.829875759944287)
(75.0, 92.0, 50.205360630472221)
(75.0, 93.0, 48.577230645496144)
(75.0, 94.0, 49.710858603311848)
(75.0, 95.0, 50.927313147893123)
(75.0, 96.0, 49.525853087619311)
(75.0, 97.0, 49.604392140398083)
(75.0, 98.0, 52.921935078296215)
(75.0, 99.0, 52.420347607620002)
(76.0, 0.0, 51.221291244412768)
(76.0, 1.0, 49.472905710343198)
(76.0, 2.0, 51.969214744746054)
(76.0, 3.0, 49.831320754525493)
(76.0, 4.0, 53.142409979796668)
(76.0, 5.0, 51.185296108279452)
(76.0, 6.0, 53.081429656443831)
(76.0, 7.0, 55.014973272143948)
(76.0, 8.0, 55.77625700861244)
(76.0, 9.0, 55.963306917746579)
(76.0, 10.0, 51.096710651857052)
(76.0, 11.0, 53.344202166191813)
(76.0, 12.0, 49.887470375205858)
(76.0, 13.0, 51.213419482445886)
(76.0, 14.0, 49.96366440924001)
(76.0, 15.0, 53.502583260094269)
(76.0, 16.0, 53.154966506233428)
(76.0, 17.0, 50.51545591883017)
(76.0, 18.0, 54.247607928117972)
(76.0, 19.0, 52.554592821821466)
(76.0, 20.0, 55.065880072960972)
(76.0, 21.0, 51.676700764323712)
(76.0, 22.0, 49.01132572669205)
(76.0, 23.0, 55.35710630824785)
(76.0, 24.0, 49.60183802371607)
(76.0, 25.0, 45.739495193519559)
(76.0, 26.0, 52.033976947579902)
(76.0, 27.0, 50.1743208696696)
(76.0, 28.0, 53.673958470022214)
(76.0, 29.0, 54.001941004896807)
(76.0, 30.0, 52.335273098436303)
(76.0, 31.0, 49.831746678853754)
(76.0, 32.0, 56.349728070649263)
(76.0, 33.0, 53.89334040789479)
(76.0, 34.0, 49.425668301669099)
(76.0, 35.0, 49.687545182547808)
(76.0, 36.0, 53.492946117452291)
(76.0, 37.0, 52.886869874903894)
(76.0, 38.0, 51.695880882028334)
(76.0, 39.0, 50.644850737111618)
(76.0, 40.0, 49.101415918003227)
(76.0, 41.0, 55.092078600029375)
(76.0, 42.0, 50.463746458509661)
(76.0, 43.0, 49.528120730959515)
(76.0, 44.0, 52.467799069166162)
(76.0, 45.0, 54.030511714120365)
(76.0, 46.0, 47.157015313077991)
(76.0, 47.0, 50.11801311976356)
(76.0, 48.0, 52.955690303173888)
(76.0, 49.0, 53.522438940109971)
(76.0, 50.0, 48.268289633434534)
(76.0, 51.0, 51.705522149628131)
(76.0, 52.0, 50.054347276257417)
(76.0, 53.0, 54.261417341568645)
(76.0, 54.0, 50.404138795803917)
(76.0, 55.0, 52.224987982106931)
(76.0, 56.0, 53.888367393671132)
(76.0, 57.0, 47.170668925120061)
(76.0, 58.0, 51.569708283794128)
(76.0, 59.0, 53.83112627016969)
(76.0, 60.0, 54.168137845296435)
(76.0, 61.0, 51.052723912344149)
(76.0, 62.0, 50.823406673767153)
(76.0, 63.0, 50.67585669238845)
(76.0, 64.0, 55.982735848480083)
(76.0, 65.0, 51.452338983045337)
(76.0, 66.0, 51.769171318352925)
(76.0, 67.0, 47.092308623014951)
(76.0, 68.0, 56.438829977749151)
(76.0, 69.0, 50.857014505517519)
(76.0, 70.0, 51.09265720389763)
(76.0, 71.0, 53.056232898420106)
(76.0, 72.0, 52.074167020435119)
(76.0, 73.0, 54.224533968649098)
(76.0, 74.0, 49.60026559703369)
(76.0, 75.0, 52.558654907275695)
(76.0, 76.0, 54.578273051770587)
(76.0, 77.0, 50.761804880554756)
(76.0, 78.0, 51.904229371442398)
(76.0, 79.0, 49.475623699106379)
(76.0, 80.0, 57.178197717777877)
(76.0, 81.0, 54.286867112089382)
(76.0, 82.0, 51.50596806994146)
(76.0, 83.0, 51.90197575355176)
(76.0, 84.0, 48.364206981138246)
(76.0, 85.0, 49.97424838632039)
(76.0, 86.0, 51.989357744391157)
(76.0, 87.0, 51.713988034692974)
(76.0, 88.0, 48.310865192506824)
(76.0, 89.0, 54.432167229523003)
(76.0, 90.0, 50.403353718253129)
(76.0, 91.0, 49.982054729956062)
(76.0, 92.0, 55.561690425956428)
(76.0, 93.0, 52.399755502926453)
(76.0, 94.0, 52.422822463338463)
(76.0, 95.0, 53.222513934870094)
(76.0, 96.0, 55.377209545572029)
(76.0, 97.0, 54.097800987189586)
(76.0, 98.0, 55.28734039845979)
(76.0, 99.0, 54.079309938961458)
(77.0, 0.0, 41.893772469394406)
(77.0, 1.0, 45.059015272431779)
(77.0, 2.0, 45.024613992572853)
(77.0, 3.0, 45.886368116935444)
(77.0, 4.0, 45.495604832792559)
(77.0, 5.0, 44.911728721017859)
(77.0, 6.0, 48.364773916482179)
(77.0, 7.0, 45.241981752309975)
(77.0, 8.0, 48.478489309002171)
(77.0, 9.0, 48.648434936894404)
(77.0, 10.0, 44.730113971078403)
(77.0, 11.0, 45.663117309595712)
(77.0, 12.0, 45.663228748230608)
(77.0, 13.0, 43.123034838343948)
(77.0, 14.0, 43.715730033408107)
(77.0, 15.0, 44.778403371902726)
(77.0, 16.0, 44.62160022941719)
(77.0, 17.0, 43.924429031818747)
(77.0, 18.0, 45.395170812727741)
(77.0, 19.0, 45.884296090502609)
(77.0, 20.0, 48.324262649519156)
(77.0, 21.0, 42.152326788931717)
(77.0, 22.0, 42.747515781065388)
(77.0, 23.0, 45.851819576468827)
(77.0, 24.0, 43.649457087241842)
(77.0, 25.0, 39.233347581186344)
(77.0, 26.0, 45.655160933588768)
(77.0, 27.0, 47.799815356405198)
(77.0, 28.0, 44.011297235312114)
(77.0, 29.0, 44.238975540969783)
(77.0, 30.0, 41.782441826921456)
(77.0, 31.0, 40.602688937262798)
(77.0, 32.0, 46.481078969062679)
(77.0, 33.0, 45.126489148492674)
(77.0, 34.0, 44.86849897591852)
(77.0, 35.0, 44.661375090831754)
(77.0, 36.0, 43.559528920196271)
(77.0, 37.0, 41.398496002311603)
(77.0, 38.0, 43.023700294586256)
(77.0, 39.0, 40.587957806949689)
(77.0, 40.0, 42.40659573730256)
(77.0, 41.0, 45.644186431228491)
(77.0, 42.0, 44.152086360540657)
(77.0, 43.0, 43.597866273926641)
(77.0, 44.0, 45.621078526015779)
(77.0, 45.0, 45.220406740349475)
(77.0, 46.0, 42.959675406358471)
(77.0, 47.0, 40.232580681152257)
(77.0, 48.0, 43.301109355646219)
(77.0, 49.0, 44.088394293031619)
(77.0, 50.0, 41.264915961649002)
(77.0, 51.0, 42.460633742109522)
(77.0, 52.0, 42.512835505064871)
(77.0, 53.0, 46.037297229663238)
(77.0, 54.0, 42.842234689717614)
(77.0, 55.0, 44.445886049953373)
(77.0, 56.0, 43.300309299965051)
(77.0, 57.0, 41.078014410877884)
(77.0, 58.0, 43.256179603515392)
(77.0, 59.0, 44.491171448820708)
(77.0, 60.0, 44.793720598281041)
(77.0, 61.0, 42.531163176692417)
(77.0, 62.0, 42.640984321180909)
(77.0, 63.0, 42.539951032850247)
(77.0, 64.0, 44.189388968537912)
(77.0, 65.0, 44.174747695730048)
(77.0, 66.0, 40.855333888011259)
(77.0, 67.0, 39.627677549707037)
(77.0, 68.0, 45.84641599083659)
(77.0, 69.0, 44.896894477859441)
(77.0, 70.0, 43.761905647022068)
(77.0, 71.0, 46.324866725251375)
(77.0, 72.0, 44.129479552512606)
(77.0, 73.0, 43.856586912988327)
(77.0, 74.0, 44.358544425486727)
(77.0, 75.0, 46.638414922182108)
(77.0, 76.0, 46.028044158002601)
(77.0, 77.0, 43.031947712163209)
(77.0, 78.0, 44.61585444101329)
(77.0, 79.0, 41.545574585127781)
(77.0, 80.0, 47.183871677710044)
(77.0, 81.0, 46.137603009510869)
(77.0, 82.0, 44.884596881366527)
(77.0, 83.0, 45.519813422765694)
(77.0, 84.0, 42.987584883206516)
(77.0, 85.0, 42.120601217869869)
(77.0, 86.0, 44.083504120861839)
(77.0, 87.0, 44.586462644717471)
(77.0, 88.0, 43.432277831871176)
(77.0, 89.0, 49.007176997598741)
(77.0, 90.0, 44.054412327837312)
(77.0, 91.0, 43.600628671039885)
(77.0, 92.0, 45.966289776136868)
(77.0, 93.0, 44.435103817065901)
(77.0, 94.0, 45.583631204133169)
(77.0, 95.0, 44.888938655556132)
(77.0, 96.0, 48.750617302330738)
(77.0, 97.0, 46.375805891552446)
(77.0, 98.0, 47.425777272277386)
(77.0, 99.0, 46.105118530602937)
(78.0, 0.0, 48.417986586639891)
(78.0, 1.0, 48.467295285133353)
(78.0, 2.0, 46.671125456142832)
(78.0, 3.0, 45.680294537107962)
(78.0, 4.0, 49.375646580509631)
(78.0, 5.0, 51.842724437929625)
(78.0, 6.0, 52.279364924490601)
(78.0, 7.0, 51.132938233488666)
(78.0, 8.0, 52.823271711334982)
(78.0, 9.0, 54.558828939003376)
(78.0, 10.0, 47.774134379672688)
(78.0, 11.0, 51.369429110051612)
(78.0, 12.0, 52.142835590069083)
(78.0, 13.0, 48.329641450838778)
(78.0, 14.0, 47.221886647578621)
(78.0, 15.0, 51.528851488581125)
(78.0, 16.0, 52.251664881304123)
(78.0, 17.0, 47.616154492406778)
(78.0, 18.0, 51.325209734971466)
(78.0, 19.0, 50.976841239183443)
(78.0, 20.0, 53.294178455792157)
(78.0, 21.0, 47.83812629986565)
(78.0, 22.0, 48.001509381043611)
(78.0, 23.0, 51.569602323020419)
(78.0, 24.0, 48.241785549079609)
(78.0, 25.0, 43.773828145647066)
(78.0, 26.0, 52.363549182897103)
(78.0, 27.0, 48.3441647182471)
(78.0, 28.0, 51.38981134588596)
(78.0, 29.0, 49.2291008026559)
(78.0, 30.0, 48.901023573289805)
(78.0, 31.0, 49.179034687041771)
(78.0, 32.0, 52.734881803429275)
(78.0, 33.0, 50.775772806142598)
(78.0, 34.0, 48.423399998106007)
(78.0, 35.0, 48.950710095036975)
(78.0, 36.0, 49.892234294298262)
(78.0, 37.0, 46.749912210553049)
(78.0, 38.0, 49.40023085939626)
(78.0, 39.0, 48.641363446632603)
(78.0, 40.0, 46.834175359428485)
(78.0, 41.0, 49.757723237744386)
(78.0, 42.0, 48.030853081013703)
(78.0, 43.0, 50.047326400280724)
(78.0, 44.0, 51.884228830091274)
(78.0, 45.0, 51.892297843454031)
(78.0, 46.0, 46.780168473758039)
(78.0, 47.0, 48.406069093827952)
(78.0, 48.0, 47.121387804766329)
(78.0, 49.0, 51.635119914480278)
(78.0, 50.0, 46.650030570849474)
(78.0, 51.0, 47.282928891143669)
(78.0, 52.0, 48.067621210866612)
(78.0, 53.0, 51.835902263590825)
(78.0, 54.0, 47.483322048304274)
(78.0, 55.0, 50.55398210369043)
(78.0, 56.0, 49.101588252951245)
(78.0, 57.0, 46.256373831921138)
(78.0, 58.0, 50.457449752343535)
(78.0, 59.0, 50.41858751931273)
(78.0, 60.0, 52.98843040229491)
(78.0, 61.0, 49.808143868960954)
(78.0, 62.0, 49.39285878980256)
(78.0, 63.0, 45.67918418637089)
(78.0, 64.0, 51.73556209986873)
(78.0, 65.0, 51.802580221199634)
(78.0, 66.0, 48.849639727537635)
(78.0, 67.0, 45.247975583363285)
(78.0, 68.0, 52.173237193550676)
(78.0, 69.0, 48.226881449579921)
(78.0, 70.0, 49.845539838925546)
(78.0, 71.0, 51.656822241754071)
(78.0, 72.0, 50.005555306028782)
(78.0, 73.0, 49.062851194330364)
(78.0, 74.0, 48.965833801168138)
(78.0, 75.0, 49.578875519409003)
(78.0, 76.0, 52.543193242903087)
(78.0, 77.0, 46.527809794070244)
(78.0, 78.0, 51.759697523059444)
(78.0, 79.0, 46.996942686811884)
(78.0, 80.0, 55.451775476172372)
(78.0, 81.0, 51.957685471851612)
(78.0, 82.0, 50.524617771922664)
(78.0, 83.0, 49.266611802441119)
(78.0, 84.0, 48.803999253255313)
(78.0, 85.0, 47.553220143941381)
(78.0, 86.0, 49.596501200477817)
(78.0, 87.0, 50.719495605988868)
(78.0, 88.0, 47.604331965132872)
(78.0, 89.0, 51.009808006113701)
(78.0, 90.0, 48.807600051441568)
(78.0, 91.0, 46.06873559342587)
(78.0, 92.0, 53.119736760719519)
(78.0, 93.0, 51.827449568355718)
(78.0, 94.0, 51.223253790915287)
(78.0, 95.0, 51.935023850985431)
(78.0, 96.0, 53.12893891503564)
(78.0, 97.0, 50.860602165378708)
(78.0, 98.0, 56.040520682023796)
(78.0, 99.0, 51.242619507027555)
(79.0, 0.0, 52.942451082134454)
(79.0, 1.0, 49.559654221641473)
(79.0, 2.0, 51.716390091595869)
(79.0, 3.0, 51.29073570943406)
(79.0, 4.0, 53.967019976070262)
(79.0, 5.0, 52.94742285252201)
(79.0, 6.0, 55.851529184541739)
(79.0, 7.0, 52.262244585898259)
(79.0, 8.0, 57.22706661005595)
(79.0, 9.0, 57.237233479680881)
(79.0, 10.0, 50.723240242340211)
(79.0, 11.0, 57.617338159735496)
(79.0, 12.0, 51.532880726076044)
(79.0, 13.0, 50.892509564521106)
(79.0, 14.0, 51.967231758070518)
(79.0, 15.0, 55.717125018745008)
(79.0, 16.0, 55.562548930420178)
(79.0, 17.0, 52.40739574183209)
(79.0, 18.0, 56.632889014031718)
(79.0, 19.0, 54.852494614995734)
(79.0, 20.0, 56.088280594301011)
(79.0, 21.0, 53.872515531755681)
(79.0, 22.0, 50.317032484162901)
(79.0, 23.0, 54.259856744921919)
(79.0, 24.0, 49.496089765697)
(79.0, 25.0, 49.539251538584196)
(79.0, 26.0, 54.213782396104335)
(79.0, 27.0, 52.307971822354489)
(79.0, 28.0, 56.948811707951712)
(79.0, 29.0, 55.136922824587593)
(79.0, 30.0, 51.175667948462731)
(79.0, 31.0, 53.300777970742828)
(79.0, 32.0, 56.539119819282192)
(79.0, 33.0, 54.55842252554767)
(79.0, 34.0, 51.730728525985235)
(79.0, 35.0, 52.878505073166906)
(79.0, 36.0, 53.118464994036202)
(79.0, 37.0, 50.532318963711596)
(79.0, 38.0, 50.318266845756476)
(79.0, 39.0, 52.785345309262141)
(79.0, 40.0, 51.701192408460749)
(79.0, 41.0, 54.733885176337992)
(79.0, 42.0, 52.446024583564167)
(79.0, 43.0, 52.930330805394156)
(79.0, 44.0, 53.268805618420473)
(79.0, 45.0, 54.745213980308549)
(79.0, 46.0, 46.869025427306397)
(79.0, 47.0, 50.105437340480471)
(79.0, 48.0, 52.470150315785915)
(79.0, 49.0, 54.491716847807965)
(79.0, 50.0, 49.327014175106854)
(79.0, 51.0, 49.996374352046359)
(79.0, 52.0, 55.137137639075277)
(79.0, 53.0, 53.391998539027682)
(79.0, 54.0, 51.335700249845615)
(79.0, 55.0, 52.509339245242998)
(79.0, 56.0, 52.362678280012169)
(79.0, 57.0, 49.868799914907086)
(79.0, 58.0, 55.659128478940275)
(79.0, 59.0, 55.709846550943404)
(79.0, 60.0, 55.052440608201607)
(79.0, 61.0, 50.607325668577474)
(79.0, 62.0, 52.649937101193657)
(79.0, 63.0, 50.638154979632702)
(79.0, 64.0, 55.694794267174771)
(79.0, 65.0, 53.959910293087432)
(79.0, 66.0, 51.126096454369119)
(79.0, 67.0, 48.25852902674513)
(79.0, 68.0, 57.166190962383823)
(79.0, 69.0, 53.406979809968405)
(79.0, 70.0, 52.323187052318744)
(79.0, 71.0, 56.856536809279717)
(79.0, 72.0, 55.535074618190812)
(79.0, 73.0, 52.966798860022664)
(79.0, 74.0, 51.535446625570913)
(79.0, 75.0, 53.642727973457411)
(79.0, 76.0, 56.106540719861201)
(79.0, 77.0, 51.810314511168741)
(79.0, 78.0, 52.842948660822984)
(79.0, 79.0, 50.986378573082121)
(79.0, 80.0, 58.373422930545914)
(79.0, 81.0, 56.152156289518814)
(79.0, 82.0, 53.758040908456472)
(79.0, 83.0, 53.957174742657841)
(79.0, 84.0, 50.283334490994051)
(79.0, 85.0, 48.113085140560258)
(79.0, 86.0, 51.877042840287544)
(79.0, 87.0, 53.381828124371772)
(79.0, 88.0, 49.502416727725759)
(79.0, 89.0, 55.455711694555802)
(79.0, 90.0, 51.618087316366633)
(79.0, 91.0, 50.007049150698037)
(79.0, 92.0, 55.272433293043449)
(79.0, 93.0, 55.170252715117691)
(79.0, 94.0, 55.148919504533865)
(79.0, 95.0, 53.714558514782446)
(79.0, 96.0, 58.3206090114939)
(79.0, 97.0, 56.522364992368843)
(79.0, 98.0, 56.371646719094215)
(79.0, 99.0, 56.40605076601576)
(80.0, 0.0, 44.216058332057486)
(80.0, 1.0, 44.366842753139593)
(80.0, 2.0, 41.814957943847403)
(80.0, 3.0, 41.052802824182869)
(80.0, 4.0, 45.672784127470592)
(80.0, 5.0, 47.140013422113782)
(80.0, 6.0, 46.332885223794705)
(80.0, 7.0, 45.324110208313783)
(80.0, 8.0, 48.009468478924632)
(80.0, 9.0, 48.376496985956962)
(80.0, 10.0, 43.975932824750714)
(80.0, 11.0, 49.011724949195852)
(80.0, 12.0, 44.824318795257206)
(80.0, 13.0, 42.44976542881038)
(80.0, 14.0, 44.050650263872541)
(80.0, 15.0, 46.150167133796636)
(80.0, 16.0, 45.550604584639892)
(80.0, 17.0, 43.242863101763902)
(80.0, 18.0, 45.967452477894554)
(80.0, 19.0, 47.827226762573595)
(80.0, 20.0, 45.551823891155905)
(80.0, 21.0, 44.26232107915272)
(80.0, 22.0, 44.580471549672701)
(80.0, 23.0, 45.132611016423823)
(80.0, 24.0, 42.205854078031258)
(80.0, 25.0, 40.434279258904546)
(80.0, 26.0, 47.281475876545514)
(80.0, 27.0, 44.241583256136693)
(80.0, 28.0, 46.38988342918033)
(80.0, 29.0, 45.296625584229439)
(80.0, 30.0, 42.766893555536441)
(80.0, 31.0, 44.589592166216846)
(80.0, 32.0, 48.673927134563385)
(80.0, 33.0, 46.113449915589271)
(80.0, 34.0, 44.582821477141991)
(80.0, 35.0, 44.228076755351424)
(80.0, 36.0, 43.566899701214844)
(80.0, 37.0, 43.727556436278959)
(80.0, 38.0, 43.91133116058095)
(80.0, 39.0, 43.973341825389248)
(80.0, 40.0, 41.469878559837063)
(80.0, 41.0, 47.235032414763722)
(80.0, 42.0, 45.177059143836047)
(80.0, 43.0, 44.683974093220016)
(80.0, 44.0, 43.870750583383696)
(80.0, 45.0, 44.969794462339749)
(80.0, 46.0, 43.285452603884373)
(80.0, 47.0, 41.87313289512781)
(80.0, 48.0, 43.024900567066531)
(80.0, 49.0, 45.515322236695305)
(80.0, 50.0, 41.081970797944521)
(80.0, 51.0, 43.154885819233584)
(80.0, 52.0, 45.611420934282393)
(80.0, 53.0, 47.71485690704845)
(80.0, 54.0, 42.294877696875545)
(80.0, 55.0, 45.596402807007848)
(80.0, 56.0, 44.834316061830336)
(80.0, 57.0, 40.574109940469398)
(80.0, 58.0, 44.629984786256486)
(80.0, 59.0, 45.70084405877941)
(80.0, 60.0, 46.206245720917131)
(80.0, 61.0, 41.923199960156239)
(80.0, 62.0, 42.798485850922354)
(80.0, 63.0, 40.484917214807872)
(80.0, 64.0, 45.585131432240303)
(80.0, 65.0, 46.192347919978587)
(80.0, 66.0, 43.26745618310116)
(80.0, 67.0, 38.725766672765893)
(80.0, 68.0, 47.824692615628557)
(80.0, 69.0, 42.835374387997398)
(80.0, 70.0, 43.737762943840693)
(80.0, 71.0, 46.308757791532258)
(80.0, 72.0, 45.006578494031203)
(80.0, 73.0, 45.032528938062342)
(80.0, 74.0, 43.128212781603594)
(80.0, 75.0, 45.341876233128787)
(80.0, 76.0, 46.425966048039399)
(80.0, 77.0, 41.737971463023044)
(80.0, 78.0, 45.147219163377144)
(80.0, 79.0, 41.196945708990157)
(80.0, 80.0, 47.269525058878259)
(80.0, 81.0, 46.450288787477227)
(80.0, 82.0, 45.512313876582191)
(80.0, 83.0, 46.716941409943935)
(80.0, 84.0, 43.204053170304917)
(80.0, 85.0, 42.857406321250849)
(80.0, 86.0, 41.49819949303037)
(80.0, 87.0, 44.012025340075738)
(80.0, 88.0, 41.457538135748841)
(80.0, 89.0, 46.172027714540974)
(80.0, 90.0, 43.660005856849423)
