(23.0, 73.0, 49.565971230039295)
(23.0, 74.0, 49.064540292047482)
(23.0, 75.0, 49.094390698511361)
(23.0, 76.0, 53.594186967146406)
(23.0, 77.0, 45.975966789887707)
(23.0, 78.0, 48.145027276324178)
(23.0, 79.0, 46.888776576942817)
(23.0, 80.0, 52.838501596503406)
(23.0, 81.0, 51.974126802744038)
(23.0, 82.0, 51.01372974821718)
(23.0, 83.0, 49.921999119305084)
(23.0, 84.0, 46.464789566665175)
(23.0, 85.0, 47.836138220028502)
(23.0, 86.0, 48.135931245180309)
(23.0, 87.0, 49.335671423842854)
(23.0, 88.0, 45.092271383704514)
(23.0, 89.0, 50.324299670249474)
(23.0, 90.0, 48.807339983926738)
(23.0, 91.0, 44.2692565767736)
(23.0, 92.0, 51.692878663727079)
(23.0, 93.0, 50.680735481593906)
(23.0, 94.0, 51.104941701029333)
(23.0, 95.0, 50.358088909900331)
(23.0, 96.0, 51.376551291287569)
(23.0, 97.0, 50.46032820847546)
(23.0, 98.0, 51.798095408510363)
(23.0, 99.0, 52.80023409404528)
(24.0, 0.0, 51.475630338583841)
(24.0, 1.0, 51.980090006128492)
(24.0, 2.0, 50.098398624317866)
(24.0, 3.0, 52.576259250809983)
(24.0, 4.0, 53.59990078573388)
(24.0, 5.0, 51.67500676968082)
(24.0, 6.0, 55.654809884427365)
(24.0, 7.0, 54.570513382581161)
(24.0, 8.0, 57.998839137112824)
(24.0, 9.0, 56.983732475211369)
(24.0, 10.0, 49.754857435188647)
(24.0, 11.0, 55.688835496157587)
(24.0, 12.0, 53.381003431568502)
(24.0, 13.0, 50.441928171225015)
(24.0, 14.0, 52.112214691603782)
(24.0, 15.0, 54.374482212190244)
(24.0, 16.0, 54.47598445902166)
(24.0, 17.0, 51.038853933878279)
(24.0, 18.0, 52.521843206834589)
(24.0, 19.0, 52.320312713488207)
(24.0, 20.0, 55.374223658055634)
(24.0, 21.0, 49.941283687456611)
(24.0, 22.0, 50.306227467389121)
(24.0, 23.0, 54.728113122243542)
(24.0, 24.0, 49.081416100156986)
(24.0, 25.0, 50.153201189010666)
(24.0, 26.0, 53.593641347387958)
(24.0, 27.0, 54.617057431775677)
(24.0, 28.0, 53.35482091386541)
(24.0, 29.0, 51.502682356883469)
(24.0, 30.0, 50.224023170899272)
(24.0, 31.0, 51.013343509573176)
(24.0, 32.0, 54.850032761183726)
(24.0, 33.0, 54.29808275609183)
(24.0, 34.0, 54.221147808628821)
(24.0, 35.0, 50.908615008712445)
(24.0, 36.0, 52.300373287026744)
(24.0, 37.0, 49.824382684184528)
(24.0, 38.0, 51.619844609927242)
(24.0, 39.0, 50.905581451918252)
(24.0, 40.0, 51.299594223727311)
(24.0, 41.0, 55.59152493460023)
(24.0, 42.0, 51.664335509030494)
(24.0, 43.0, 53.880384440201681)
(24.0, 44.0, 53.527010890262787)
(24.0, 45.0, 54.112463324128434)
(24.0, 46.0, 49.712942766765579)
(24.0, 47.0, 50.830429822382555)
(24.0, 48.0, 52.759570544742019)
(24.0, 49.0, 52.028710285773037)
(24.0, 50.0, 51.944489773698081)
(24.0, 51.0, 50.404968604408232)
(24.0, 52.0, 53.264639247107525)
(24.0, 53.0, 56.339765234616351)
(24.0, 54.0, 50.738124858687556)
(24.0, 55.0, 54.648500160566812)
(24.0, 56.0, 53.344968863361672)
(24.0, 57.0, 47.885635810991175)
(24.0, 58.0, 54.329045488787912)
(24.0, 59.0, 54.35510074089828)
(24.0, 60.0, 54.423722338335736)
(24.0, 61.0, 50.875711164043835)
(24.0, 62.0, 51.78448847142522)
(24.0, 63.0, 50.518974218697245)
(24.0, 64.0, 54.884228173514117)
(24.0, 65.0, 52.462103548362641)
(24.0, 66.0, 50.297295281698311)
(24.0, 67.0, 48.182349852125512)
(24.0, 68.0, 53.818057505025699)
(24.0, 69.0, 55.66858165698676)
(24.0, 70.0, 53.502563604897759)
(24.0, 71.0, 53.935758704772994)
(24.0, 72.0, 51.045775245683792)
(24.0, 73.0, 55.972397793073227)
(24.0, 74.0, 49.236396673422639)
(24.0, 75.0, 54.687332381822081)
(24.0, 76.0, 54.94478471807745)
(24.0, 77.0, 51.030394185953355)
(24.0, 78.0, 54.622216434658938)
(24.0, 79.0, 48.720167112447584)
(24.0, 80.0, 57.827693554030517)
(24.0, 81.0, 54.838608330380836)
(24.0, 82.0, 52.405858571306283)
(24.0, 83.0, 56.943786666320086)
(24.0, 84.0, 49.4834452114114)
(24.0, 85.0, 52.227043604555377)
(24.0, 86.0, 52.163559675047935)
(24.0, 87.0, 52.830269547025992)
(24.0, 88.0, 47.865670786386026)
(24.0, 89.0, 56.876997201057165)
(24.0, 90.0, 50.307802696273669)
(24.0, 91.0, 48.210660930345639)
(24.0, 92.0, 53.626740288999279)
(24.0, 93.0, 55.366157101545745)
(24.0, 94.0, 55.469508462088129)
(24.0, 95.0, 54.359979843974358)
(24.0, 96.0, 54.792935573926428)
(24.0, 97.0, 55.079798543350755)
(24.0, 98.0, 56.872051923488044)
(24.0, 99.0, 56.148299902940416)
(25.0, 0.0, 50.455886488085156)
(25.0, 1.0, 49.467988109422471)
(25.0, 2.0, 50.588818741408971)
(25.0, 3.0, 50.965714087377201)
(25.0, 4.0, 52.225892285218251)
(25.0, 5.0, 51.229170260263238)
(25.0, 6.0, 53.050403094077652)
(25.0, 7.0, 53.044596396643328)
(25.0, 8.0, 54.161508493570651)
(25.0, 9.0, 55.539551202363718)
(25.0, 10.0, 50.297790549771449)
(25.0, 11.0, 53.490033268333107)
(25.0, 12.0, 50.969316301799253)
(25.0, 13.0, 49.426038687565537)
(25.0, 14.0, 52.251801885578793)
(25.0, 15.0, 52.906639856367661)
(25.0, 16.0, 53.283783561083283)
(25.0, 17.0, 49.836017789641311)
(25.0, 18.0, 52.742737590934226)
(25.0, 19.0, 52.301849837829096)
(25.0, 20.0, 55.966524417331911)
(25.0, 21.0, 51.407212933300968)
(25.0, 22.0, 51.328614004466566)
(25.0, 23.0, 52.012381702102942)
(25.0, 24.0, 50.386075373612641)
(25.0, 25.0, 47.840742040793678)
(25.0, 26.0, 55.558728074447913)
(25.0, 27.0, 52.17118520908528)
(25.0, 28.0, 55.467598567603474)
(25.0, 29.0, 52.006591046777991)
(25.0, 30.0, 51.040536233672086)
(25.0, 31.0, 50.754177114768815)
(25.0, 32.0, 55.706756540806921)
(25.0, 33.0, 52.799405728528342)
(25.0, 34.0, 50.999840849170738)
(25.0, 35.0, 50.625717860119693)
(25.0, 36.0, 52.06762488684285)
(25.0, 37.0, 50.051703328241437)
(25.0, 38.0, 52.579338507611993)
(25.0, 39.0, 52.23153366185975)
(25.0, 40.0, 48.732216164456617)
(25.0, 41.0, 54.303714190586398)
(25.0, 42.0, 49.627466918595545)
(25.0, 43.0, 48.470800361818242)
(25.0, 44.0, 51.303810993886714)
(25.0, 45.0, 53.172822058904785)
(25.0, 46.0, 45.545543563312009)
(25.0, 47.0, 49.937250446047742)
(25.0, 48.0, 50.302572640040978)
(25.0, 49.0, 50.241845915704545)
(25.0, 50.0, 48.86037076142992)
(25.0, 51.0, 50.35992134359725)
(25.0, 52.0, 51.10253767522579)
(25.0, 53.0, 54.568131281637797)
(25.0, 54.0, 47.380323384737224)
(25.0, 55.0, 53.602290050487298)
(25.0, 56.0, 49.663723618338935)
(25.0, 57.0, 46.052037408373806)
(25.0, 58.0, 51.627513126299547)
(25.0, 59.0, 51.845911891979092)
(25.0, 60.0, 54.222792365673996)
(25.0, 61.0, 51.62677516945169)
(25.0, 62.0, 51.2753346135977)
(25.0, 63.0, 48.473067633128608)
(25.0, 64.0, 51.273221176941917)
(25.0, 65.0, 51.616357095895481)
(25.0, 66.0, 48.688013116587953)
(25.0, 67.0, 46.95273734289897)
(25.0, 68.0, 52.948247292144181)
(25.0, 69.0, 51.718701068062032)
(25.0, 70.0, 49.830503147266512)
(25.0, 71.0, 55.378606543590038)
(25.0, 72.0, 51.676442551921319)
(25.0, 73.0, 51.972315703295443)
(25.0, 74.0, 49.36221070116413)
(25.0, 75.0, 51.546443034555821)
(25.0, 76.0, 53.255805167197849)
(25.0, 77.0, 50.653520066148616)
(25.0, 78.0, 53.158521521597308)
(25.0, 79.0, 48.246257344001769)
(25.0, 80.0, 55.833413510832465)
(25.0, 81.0, 52.869323877174025)
(25.0, 82.0, 51.83578857303597)
(25.0, 83.0, 52.730924143745355)
(25.0, 84.0, 49.073517050837822)
(25.0, 85.0, 48.64307489110638)
(25.0, 86.0, 51.565462862266102)
(25.0, 87.0, 51.847036169504868)
(25.0, 88.0, 49.079441637907998)
(25.0, 89.0, 55.580172879871739)
(25.0, 90.0, 48.748346720823854)
(25.0, 91.0, 49.843687669235877)
(25.0, 92.0, 51.856459845732161)
(25.0, 93.0, 54.034934183828113)
(25.0, 94.0, 55.230127699321251)
(25.0, 95.0, 52.123153046022054)
(25.0, 96.0, 56.713216621100798)
(25.0, 97.0, 55.227888101145041)
(25.0, 98.0, 54.278980608849594)
(25.0, 99.0, 53.528601802174379)
(26.0, 0.0, 55.302187566174197)
(26.0, 1.0, 52.135162100875561)
(26.0, 2.0, 51.756364944160779)
(26.0, 3.0, 51.935032453813591)
(26.0, 4.0, 55.170633616565979)
(26.0, 5.0, 54.215794899055886)
(26.0, 6.0, 57.179978840879386)
(26.0, 7.0, 54.248182267534901)
(26.0, 8.0, 59.381851299367959)
(26.0, 9.0, 59.908019164387007)
(26.0, 10.0, 54.346465342571136)
(26.0, 11.0, 57.792205431995576)
(26.0, 12.0, 53.125598122356763)
(26.0, 13.0, 52.589494236531507)
(26.0, 14.0, 52.779156055927942)
(26.0, 15.0, 55.948102266898474)
(26.0, 16.0, 55.241263756604695)
(26.0, 17.0, 52.072739577529362)
(26.0, 18.0, 56.215400188429015)
(26.0, 19.0, 52.360248359394262)
(26.0, 20.0, 56.630760254585731)
(26.0, 21.0, 52.895399291792039)
(26.0, 22.0, 51.211865531693803)
(26.0, 23.0, 53.968023578912863)
(26.0, 24.0, 50.137266021869479)
(26.0, 25.0, 49.457444194916967)
(26.0, 26.0, 53.613909844868665)
(26.0, 27.0, 54.767504929861033)
(26.0, 28.0, 56.145685026123942)
(26.0, 29.0, 52.796770995766991)
(26.0, 30.0, 54.56487703215641)
(26.0, 31.0, 52.36818713824853)
(26.0, 32.0, 57.470162042083324)
(26.0, 33.0, 55.713353448665792)
(26.0, 34.0, 54.794410580299079)
(26.0, 35.0, 52.679437828087174)
(26.0, 36.0, 51.627215866006871)
(26.0, 37.0, 51.569996620387897)
(26.0, 38.0, 53.405787189884322)
(26.0, 39.0, 50.802606295780279)
(26.0, 40.0, 51.013797454386662)
(26.0, 41.0, 56.249297692518532)
(26.0, 42.0, 51.456814288060187)
(26.0, 43.0, 54.707816106388513)
(26.0, 44.0, 52.070892806491123)
(26.0, 45.0, 56.276845237624762)
(26.0, 46.0, 49.301908303807309)
(26.0, 47.0, 50.844382757328347)
(26.0, 48.0, 51.980895358101002)
(26.0, 49.0, 53.865484864127623)
(26.0, 50.0, 51.080400307882996)
(26.0, 51.0, 49.779640758875786)
(26.0, 52.0, 52.090222574107756)
(26.0, 53.0, 55.578409812058922)
(26.0, 54.0, 52.680675018105589)
(26.0, 55.0, 56.6062060419722)
(26.0, 56.0, 52.541589176012515)
(26.0, 57.0, 50.634788409061045)
(26.0, 58.0, 54.168648284524735)
(26.0, 59.0, 52.523311372250959)
(26.0, 60.0, 54.937234980922085)
(26.0, 61.0, 51.558187328367254)
(26.0, 62.0, 52.831662536114081)
(26.0, 63.0, 51.525240068936533)
(26.0, 64.0, 54.080912178560411)
(26.0, 65.0, 54.668945103882947)
(26.0, 66.0, 52.376622039617587)
(26.0, 67.0, 49.814052353551347)
(26.0, 68.0, 57.746122568520526)
(26.0, 69.0, 52.626449035549498)
(26.0, 70.0, 51.389335682367573)
(26.0, 71.0, 55.405477389570592)
(26.0, 72.0, 55.206429423067021)
(26.0, 73.0, 55.126620358141437)
(26.0, 74.0, 52.804540845982672)
(26.0, 75.0, 55.353927747837417)
(26.0, 76.0, 55.86790969918728)
(26.0, 77.0, 53.824161152389195)
(26.0, 78.0, 54.973118054010428)
(26.0, 79.0, 49.908983909267242)
(26.0, 80.0, 59.124082484718542)
(26.0, 81.0, 55.674572697810106)
(26.0, 82.0, 55.956812152141815)
(26.0, 83.0, 55.283902958289673)
(26.0, 84.0, 52.990618937068746)
(26.0, 85.0, 53.551400872188893)
(26.0, 86.0, 54.198605870869272)
(26.0, 87.0, 54.976145948203964)
(26.0, 88.0, 52.721466890451211)
(26.0, 89.0, 56.920030888644135)
(26.0, 90.0, 52.005565401820071)
(26.0, 91.0, 49.402562664986156)
(26.0, 92.0, 54.015523139593867)
(26.0, 93.0, 55.086658498819155)
(26.0, 94.0, 56.420869863357666)
(26.0, 95.0, 56.780228470081951)
(26.0, 96.0, 58.705447217055351)
(26.0, 97.0, 57.889105953047277)
(26.0, 98.0, 58.768187046180685)
(26.0, 99.0, 53.730664789821503)
(27.0, 0.0, 51.73175091522198)
(27.0, 1.0, 50.316903616999426)
(27.0, 2.0, 50.422173533882237)
(27.0, 3.0, 48.461484182371166)
(27.0, 4.0, 48.34157971086622)
(27.0, 5.0, 50.672937375442984)
(27.0, 6.0, 52.673524973680877)
(27.0, 7.0, 51.141529714808513)
(27.0, 8.0, 54.268982804067996)
(27.0, 9.0, 57.57652741426449)
(27.0, 10.0, 50.048755547133311)
(27.0, 11.0, 55.887606397137986)
(27.0, 12.0, 51.321571628928851)
(27.0, 13.0, 49.30439516646851)
(27.0, 14.0, 50.407440039258191)
(27.0, 15.0, 51.026717166056287)
(27.0, 16.0, 54.452394188318024)
(27.0, 17.0, 49.41936294314236)
(27.0, 18.0, 54.501423579535242)
(27.0, 19.0, 51.35555040922771)
(27.0, 20.0, 53.870921809917711)
(27.0, 21.0, 51.355806448338953)
(27.0, 22.0, 49.734787774642051)
(27.0, 23.0, 54.073081386222711)
(27.0, 24.0, 47.41071819336625)
(27.0, 25.0, 45.703654140464515)
(27.0, 26.0, 52.028755767907377)
(27.0, 27.0, 52.207741373419111)
(27.0, 28.0, 52.396371082601789)
(27.0, 29.0, 50.056800010573482)
(27.0, 30.0, 48.714899770306417)
(27.0, 31.0, 50.208544644373049)
(27.0, 32.0, 54.270916228334897)
(27.0, 33.0, 53.040758991231328)
(27.0, 34.0, 50.031457934115977)
(27.0, 35.0, 50.345174422184115)
(27.0, 36.0, 50.180718559367229)
(27.0, 37.0, 48.331838422362196)
(27.0, 38.0, 50.547662794542333)
(27.0, 39.0, 50.347797355681202)
(27.0, 40.0, 48.792771167287171)
(27.0, 41.0, 53.584926489686453)
(27.0, 42.0, 50.380492958358928)
(27.0, 43.0, 51.331078715624933)
(27.0, 44.0, 51.802145854631391)
(27.0, 45.0, 52.761300236665008)
(27.0, 46.0, 50.067095976369515)
(27.0, 47.0, 47.853146335114786)
(27.0, 48.0, 51.589220473184362)
(27.0, 49.0, 50.216603852069341)
(27.0, 50.0, 48.940430896117014)
(27.0, 51.0, 47.850722425985111)
(27.0, 52.0, 48.96792326005999)
(27.0, 53.0, 53.565340146174947)
(27.0, 54.0, 49.842469723509879)
(27.0, 55.0, 52.311303010831878)
(27.0, 56.0, 52.716087642433912)
(27.0, 57.0, 47.995624367083195)
(27.0, 58.0, 53.299723350271819)
(27.0, 59.0, 50.771955076599454)
(27.0, 60.0, 52.517529051643677)
(27.0, 61.0, 48.524949068550768)
(27.0, 62.0, 51.55969303362604)
(27.0, 63.0, 48.88063644174099)
(27.0, 64.0, 51.611383684666528)
(27.0, 65.0, 51.416567773137402)
(27.0, 66.0, 48.605275623344461)
(27.0, 67.0, 48.327898153481904)
(27.0, 68.0, 54.707834691399782)
(27.0, 69.0, 50.680176840464583)
(27.0, 70.0, 52.948798716735531)
(27.0, 71.0, 52.148973712367301)
(27.0, 72.0, 51.975596838165586)
(27.0, 73.0, 52.821486842931094)
(27.0, 74.0, 48.830119378378321)
(27.0, 75.0, 53.620074389184808)
(27.0, 76.0, 53.011477080324113)
(27.0, 77.0, 49.18754248587323)
(27.0, 78.0, 52.917977177996605)
(27.0, 79.0, 48.557527343755524)
(27.0, 80.0, 55.319960332032956)
(27.0, 81.0, 53.504363735770326)
(27.0, 82.0, 53.727001525850255)
(27.0, 83.0, 53.700045416687779)
(27.0, 84.0, 48.83409033063009)
(27.0, 85.0, 49.479602486470959)
(27.0, 86.0, 51.087779286760352)
(27.0, 87.0, 52.314600595057321)
(27.0, 88.0, 46.436267585998252)
(27.0, 89.0, 55.839983604261576)
(27.0, 90.0, 49.805018339928608)
(27.0, 91.0, 47.989990194082225)
(27.0, 92.0, 53.629861148586002)
(27.0, 93.0, 54.080641617565846)
(27.0, 94.0, 54.575615166332739)
(27.0, 95.0, 53.468770921494809)
(27.0, 96.0, 53.435335771947976)
(27.0, 97.0, 52.275081232959678)
(27.0, 98.0, 54.613091527468363)
(27.0, 99.0, 52.484543573779874)
(28.0, 0.0, 47.910944253255124)
(28.0, 1.0, 47.166718916945214)
(28.0, 2.0, 46.343779065418218)
(28.0, 3.0, 49.067678523887444)
(28.0, 4.0, 48.703327210842623)
(28.0, 5.0, 46.50912867354107)
(28.0, 6.0, 51.726053759531553)
(28.0, 7.0, 51.577410842693617)
(28.0, 8.0, 50.959298060471383)
(28.0, 9.0, 51.426372268320478)
(28.0, 10.0, 46.055173505591057)
(28.0, 11.0, 50.79257738437564)
(28.0, 12.0, 46.45798334752277)
(28.0, 13.0, 44.684158311581065)
(28.0, 14.0, 46.889108923916638)
(28.0, 15.0, 47.654420514248208)
(28.0, 16.0, 48.879441924859563)
(28.0, 17.0, 47.288710461041859)
(28.0, 18.0, 49.084669164919617)
