(33.0, 59.0, 47.037501574578926)
(33.0, 60.0, 49.587869824623574)
(33.0, 61.0, 45.646331818489017)
(33.0, 62.0, 45.519035726150904)
(33.0, 63.0, 45.526210908531283)
(33.0, 64.0, 50.392859923471434)
(33.0, 65.0, 48.248691894980752)
(33.0, 66.0, 45.145275490831281)
(33.0, 67.0, 41.696478289515554)
(33.0, 68.0, 47.735702432592433)
(33.0, 69.0, 46.591677864976603)
(33.0, 70.0, 44.992724007892591)
(33.0, 71.0, 48.061823344081134)
(33.0, 72.0, 46.177154321829342)
(33.0, 73.0, 48.125305944041784)
(33.0, 74.0, 45.962932367949747)
(33.0, 75.0, 50.000030687893911)
(33.0, 76.0, 49.739413452514015)
(33.0, 77.0, 46.182136126477872)
(33.0, 78.0, 49.427325564021345)
(33.0, 79.0, 43.861456281102903)
(33.0, 80.0, 50.128388289496982)
(33.0, 81.0, 47.667135177534419)
(33.0, 82.0, 46.709377985050736)
(33.0, 83.0, 46.439367997568823)
(33.0, 84.0, 46.191311799001348)
(33.0, 85.0, 44.570281793401477)
(33.0, 86.0, 46.262296082336789)
(33.0, 87.0, 47.797792675181306)
(33.0, 88.0, 43.639411107137178)
(33.0, 89.0, 48.542417711887495)
(33.0, 90.0, 44.792204723241142)
(33.0, 91.0, 43.776128933183401)
(33.0, 92.0, 48.626870924252913)
(33.0, 93.0, 48.484160696873772)
(33.0, 94.0, 49.606229361269214)
(33.0, 95.0, 47.710216230933781)
(33.0, 96.0, 50.389702296678323)
(33.0, 97.0, 48.532039460848324)
(33.0, 98.0, 50.656814612368635)
(33.0, 99.0, 50.304315682247186)
(34.0, 0.0, 50.819319679628592)
(34.0, 1.0, 47.960032450917396)
(34.0, 2.0, 47.680919264570605)
(34.0, 3.0, 47.112851074687669)
(34.0, 4.0, 48.666437980482002)
(34.0, 5.0, 50.555658262611985)
(34.0, 6.0, 51.733378286936698)
(34.0, 7.0, 51.254110768130673)
(34.0, 8.0, 53.162119525699559)
(34.0, 9.0, 53.153368761739003)
(34.0, 10.0, 50.044393387864112)
(34.0, 11.0, 51.007705443648845)
(34.0, 12.0, 49.506488334953161)
(34.0, 13.0, 47.951709934974133)
(34.0, 14.0, 47.430674406367494)
(34.0, 15.0, 51.90434147362491)
(34.0, 16.0, 50.30644045440738)
(34.0, 17.0, 47.989147579712707)
(34.0, 18.0, 52.10775085904482)
(34.0, 19.0, 53.669710763221261)
(34.0, 20.0, 52.803039817678858)
(34.0, 21.0, 46.776684596028517)
(34.0, 22.0, 49.027871031771753)
(34.0, 23.0, 51.406228659027349)
(34.0, 24.0, 49.970510904462607)
(34.0, 25.0, 45.51003054175888)
(34.0, 26.0, 51.491403162064714)
(34.0, 27.0, 49.673450954984624)
(34.0, 28.0, 49.298681992627806)
(34.0, 29.0, 49.149346206494798)
(34.0, 30.0, 48.977237752371565)
(34.0, 31.0, 48.219941099948279)
(34.0, 32.0, 53.167578621779086)
(34.0, 33.0, 52.395179565717598)
(34.0, 34.0, 49.480295793556039)
(34.0, 35.0, 50.148088116399805)
(34.0, 36.0, 50.118473067334747)
(34.0, 37.0, 46.40757389795327)
(34.0, 38.0, 48.625109959410665)
(34.0, 39.0, 49.471298747327381)
(34.0, 40.0, 48.022367317474838)
(34.0, 41.0, 52.37550986183134)
(34.0, 42.0, 48.594763402594914)
(34.0, 43.0, 49.301435345436168)
(34.0, 44.0, 48.700207919970609)
(34.0, 45.0, 50.425290104203356)
(34.0, 46.0, 44.813814560553816)
(34.0, 47.0, 47.529406903105432)
(34.0, 48.0, 48.377413732865477)
(34.0, 49.0, 51.267200918464695)
(34.0, 50.0, 48.533479979398749)
(34.0, 51.0, 48.300438503983358)
(34.0, 52.0, 50.319947439730612)
(34.0, 53.0, 52.419231194357124)
(34.0, 54.0, 45.271753602522928)
(34.0, 55.0, 50.815457844387396)
(34.0, 56.0, 51.038541265568043)
(34.0, 57.0, 45.55341619033824)
(34.0, 58.0, 49.448064387504338)
(34.0, 59.0, 48.820558947051197)
(34.0, 60.0, 51.96933818336089)
(34.0, 61.0, 48.766742979316959)
(34.0, 62.0, 49.406669620492139)
(34.0, 63.0, 45.837919000299422)
(34.0, 64.0, 51.088416100588425)
(34.0, 65.0, 47.529193140860158)
(34.0, 66.0, 48.414753549711335)
(34.0, 67.0, 45.216770622279284)
(34.0, 68.0, 52.088670472789687)
(34.0, 69.0, 49.258492843344897)
(34.0, 70.0, 50.15151837900838)
(34.0, 71.0, 51.460969888150728)
(34.0, 72.0, 50.507566925698981)
(34.0, 73.0, 48.961355727042694)
(34.0, 74.0, 46.412199271151238)
(34.0, 75.0, 50.8859934099588)
(34.0, 76.0, 52.158133652689827)
(34.0, 77.0, 49.099176435574563)
(34.0, 78.0, 49.389954069230896)
(34.0, 79.0, 47.979480694437115)
(34.0, 80.0, 54.016177135667746)
(34.0, 81.0, 51.76118964488326)
(34.0, 82.0, 49.647313701693662)
(34.0, 83.0, 50.15864267718645)
(34.0, 84.0, 48.769872155721544)
(34.0, 85.0, 48.961444987220403)
(34.0, 86.0, 48.848278930478273)
(34.0, 87.0, 52.190801999480755)
(34.0, 88.0, 45.18606461103586)
(34.0, 89.0, 54.704364317767315)
(34.0, 90.0, 49.856766243004202)
(34.0, 91.0, 46.275752946948337)
(34.0, 92.0, 53.291965192888185)
(34.0, 93.0, 49.059262522300514)
(34.0, 94.0, 51.86601154355867)
(34.0, 95.0, 51.532209253907943)
(34.0, 96.0, 53.33100139160463)
(34.0, 97.0, 53.475899824142829)
(34.0, 98.0, 55.6068913148669)
(34.0, 99.0, 51.092208865583366)
(35.0, 0.0, 49.47834034393243)
(35.0, 1.0, 47.849079297804089)
(35.0, 2.0, 48.084979195325502)
(35.0, 3.0, 47.390722382266148)
(35.0, 4.0, 47.61557826125398)
(35.0, 5.0, 49.584406227757469)
(35.0, 6.0, 48.869167088658564)
(35.0, 7.0, 51.250008046852486)
(35.0, 8.0, 52.98561450663226)
(35.0, 9.0, 54.122270781415097)
(35.0, 10.0, 49.177397022999571)
(35.0, 11.0, 52.765682052145969)
(35.0, 12.0, 48.916833034937795)
(35.0, 13.0, 46.894059183128675)
(35.0, 14.0, 48.645548802892478)
(35.0, 15.0, 50.462929521618499)
(35.0, 16.0, 49.943624321301328)
(35.0, 17.0, 47.204764256463882)
(35.0, 18.0, 53.450460375331652)
(35.0, 19.0, 50.154431490325592)
(35.0, 20.0, 50.403949570776106)
(35.0, 21.0, 48.946522676468334)
(35.0, 22.0, 48.027800428430311)
(35.0, 23.0, 50.472169919844362)
(35.0, 24.0, 47.024595172587041)
(35.0, 25.0, 44.636319485457747)
(35.0, 26.0, 51.814696033324488)
(35.0, 27.0, 49.273684875169977)
(35.0, 28.0, 48.836305270503289)
(35.0, 29.0, 49.492805629792755)
(35.0, 30.0, 47.833752588446515)
(35.0, 31.0, 49.487994839375588)
(35.0, 32.0, 54.666306423678925)
(35.0, 33.0, 49.698514899329389)
(35.0, 34.0, 49.216324227947716)
(35.0, 35.0, 48.819955128625445)
(35.0, 36.0, 50.03253056860887)
(35.0, 37.0, 46.596039538860971)
(35.0, 38.0, 47.247747899183913)
(35.0, 39.0, 47.567485611049825)
(35.0, 40.0, 44.666676013812634)
(35.0, 41.0, 51.469864974192689)
(35.0, 42.0, 48.981303687845759)
(35.0, 43.0, 51.050018350928141)
(35.0, 44.0, 49.836882039870019)
(35.0, 45.0, 51.400974688232047)
(35.0, 46.0, 45.755100806408898)
(35.0, 47.0, 46.105276180524001)
(35.0, 48.0, 49.748444270729294)
(35.0, 49.0, 50.587878389715087)
(35.0, 50.0, 47.943189981919105)
(35.0, 51.0, 44.481534366974202)
(35.0, 52.0, 48.350825679433449)
(35.0, 53.0, 49.769159195406374)
(35.0, 54.0, 45.341177338497644)
(35.0, 55.0, 50.75494281836491)
(35.0, 56.0, 48.176145684255253)
(35.0, 57.0, 45.98654577774812)
(35.0, 58.0, 49.217381855247687)
(35.0, 59.0, 50.188492730197872)
(35.0, 60.0, 51.183931544003393)
(35.0, 61.0, 49.096655919626862)
(35.0, 62.0, 51.346701663372755)
(35.0, 63.0, 47.531133605574354)
(35.0, 64.0, 50.439764036000319)
(35.0, 65.0, 50.035111166382663)
(35.0, 66.0, 46.588703507646017)
(35.0, 67.0, 45.405433672126101)
(35.0, 68.0, 53.698130569898382)
(35.0, 69.0, 48.176162979115674)
(35.0, 70.0, 49.092571274630494)
(35.0, 71.0, 50.750375458874721)
(35.0, 72.0, 48.759713272161434)
(35.0, 73.0, 47.266577346891665)
(35.0, 74.0, 46.743701864643441)
(35.0, 75.0, 49.262901933486191)
(35.0, 76.0, 51.986129394341972)
(35.0, 77.0, 47.122264438573069)
(35.0, 78.0, 51.5812758324372)
(35.0, 79.0, 45.150396366140995)
(35.0, 80.0, 54.620183839460289)
(35.0, 81.0, 52.013943436681217)
(35.0, 82.0, 49.878217994305601)
(35.0, 83.0, 51.48098778109815)
(35.0, 84.0, 46.687763700906309)
(35.0, 85.0, 47.826338760641875)
(35.0, 86.0, 48.922408515254915)
(35.0, 87.0, 48.533693812301351)
(35.0, 88.0, 45.390072169996444)
(35.0, 89.0, 51.706233742708733)
(35.0, 90.0, 49.05178006497863)
(35.0, 91.0, 46.56864989014278)
(35.0, 92.0, 50.788200496543297)
(35.0, 93.0, 48.698412272902274)
(35.0, 94.0, 50.796231466702203)
(35.0, 95.0, 51.189551256604133)
(35.0, 96.0, 53.391195902939302)
(35.0, 97.0, 49.894203938269463)
(35.0, 98.0, 53.984880061645555)
(35.0, 99.0, 51.155248174357205)
(36.0, 0.0, 49.342903901207812)
(36.0, 1.0, 48.688717529449363)
(36.0, 2.0, 49.5947992440435)
(36.0, 3.0, 48.222003277021585)
(36.0, 4.0, 48.171482600450901)
(36.0, 5.0, 48.705348583969538)
(36.0, 6.0, 51.458055627661416)
(36.0, 7.0, 50.491455218016412)
(36.0, 8.0, 52.764547726540059)
(36.0, 9.0, 54.592313125789701)
(36.0, 10.0, 50.44417092412445)
(36.0, 11.0, 51.933432286660384)
(36.0, 12.0, 47.811058634827347)
(36.0, 13.0, 47.178515656514485)
(36.0, 14.0, 48.500285235300481)
(36.0, 15.0, 50.399589636186484)
(36.0, 16.0, 49.826763744658095)
(36.0, 17.0, 45.247457916707518)
(36.0, 18.0, 49.366875738261101)
(36.0, 19.0, 51.474880655600856)
(36.0, 20.0, 52.705812433736945)
(36.0, 21.0, 47.989585437823784)
(36.0, 22.0, 48.648282452808502)
(36.0, 23.0, 48.744448706366079)
(36.0, 24.0, 47.313823658258372)
(36.0, 25.0, 43.997569552366542)
(36.0, 26.0, 48.723018840177879)
(36.0, 27.0, 47.880610747373687)
(36.0, 28.0, 52.547404662230463)
(36.0, 29.0, 48.337209701499063)
(36.0, 30.0, 48.622381196001143)
(36.0, 31.0, 48.090674610992821)
(36.0, 32.0, 51.435961494519439)
(36.0, 33.0, 52.321521412982783)
(36.0, 34.0, 49.018660238125804)
(36.0, 35.0, 50.767424522401626)
(36.0, 36.0, 48.335084044452259)
(36.0, 37.0, 48.223663613275164)
(36.0, 38.0, 47.30799604761404)
(36.0, 39.0, 50.00144353735908)
(36.0, 40.0, 48.33616980452399)
(36.0, 41.0, 51.048384691208284)
(36.0, 42.0, 48.513213627359278)
(36.0, 43.0, 48.484332381983066)
(36.0, 44.0, 48.69638457932399)
(36.0, 45.0, 51.965066698898511)
(36.0, 46.0, 46.162087625005022)
(36.0, 47.0, 47.132612542542368)
(36.0, 48.0, 48.320216038073987)
(36.0, 49.0, 48.201443545823182)
(36.0, 50.0, 48.550779498051092)
(36.0, 51.0, 46.880709378614668)
(36.0, 52.0, 50.259022746541376)
(36.0, 53.0, 51.673497807773082)
(36.0, 54.0, 45.636420172168712)
(36.0, 55.0, 50.412556593152999)
(36.0, 56.0, 50.243671580600363)
(36.0, 57.0, 44.050838820081616)
(36.0, 58.0, 50.289152572317036)
(36.0, 59.0, 48.966643417997574)
(36.0, 60.0, 52.273014102906458)
(36.0, 61.0, 47.960585827233565)
(36.0, 62.0, 48.4049197540553)
(36.0, 63.0, 46.006732126859134)
(36.0, 64.0, 50.725871800373909)
(36.0, 65.0, 49.327157509360468)
(36.0, 66.0, 47.766372882028421)
(36.0, 67.0, 44.789205231281493)
(36.0, 68.0, 52.07898309989676)
(36.0, 69.0, 48.858600535804491)
(36.0, 70.0, 48.800617322683337)
(36.0, 71.0, 49.38265464407587)
(36.0, 72.0, 48.637167352044671)
(36.0, 73.0, 50.619529256297071)
(36.0, 74.0, 48.606190642137904)
(36.0, 75.0, 50.429518481829788)
(36.0, 76.0, 52.472225386309105)
(36.0, 77.0, 47.660796860643089)
(36.0, 78.0, 50.560767627769948)
(36.0, 79.0, 45.999228413441813)
(36.0, 80.0, 54.623299023265147)
(36.0, 81.0, 50.710953790447505)
(36.0, 82.0, 48.243345605590775)
(36.0, 83.0, 49.830064037233868)
(36.0, 84.0, 45.297625406692049)
(36.0, 85.0, 48.949471696621288)
(36.0, 86.0, 48.584545537243002)
(36.0, 87.0, 48.589934414749209)
(36.0, 88.0, 46.599329062698587)
(36.0, 89.0, 52.029175220147927)
(36.0, 90.0, 48.494201612398776)
(36.0, 91.0, 45.878921091786957)
(36.0, 92.0, 51.838479711727175)
(36.0, 93.0, 51.267779409051812)
(36.0, 94.0, 51.45089027540574)
(36.0, 95.0, 49.790018071270964)
(36.0, 96.0, 51.304416600988475)
(36.0, 97.0, 51.613700182086319)
(36.0, 98.0, 53.272105886337577)
(36.0, 99.0, 51.709320831820058)
(37.0, 0.0, 49.097413139078199)
(37.0, 1.0, 47.264296421011686)
(37.0, 2.0, 48.323954195055997)
(37.0, 3.0, 48.560620929417752)
(37.0, 4.0, 49.781506492239501)
(37.0, 5.0, 49.011304839938518)
(37.0, 6.0, 51.813837616793805)
(37.0, 7.0, 49.960136284555134)
(37.0, 8.0, 51.709106067637322)
(37.0, 9.0, 54.625968543922085)
(37.0, 10.0, 45.045176236401559)
(37.0, 11.0, 51.971570102559376)
(37.0, 12.0, 49.214547122571332)
(37.0, 13.0, 48.221584311011817)
(37.0, 14.0, 48.28927500812312)
(37.0, 15.0, 50.649132535910937)
(37.0, 16.0, 49.727435003072763)
(37.0, 17.0, 47.112369992380835)
(37.0, 18.0, 50.998384197599762)
(37.0, 19.0, 51.362190349048028)
(37.0, 20.0, 53.018504553788347)
(37.0, 21.0, 48.684125419235727)
(37.0, 22.0, 48.358506590480104)
(37.0, 23.0, 50.50405581100253)
(37.0, 24.0, 49.637299474966852)
(37.0, 25.0, 45.465729162606479)
(37.0, 26.0, 51.944705653498204)
(37.0, 27.0, 47.404136021300751)
(37.0, 28.0, 53.177647895923371)
(37.0, 29.0, 49.434923777128716)
(37.0, 30.0, 48.985267308876224)
(37.0, 31.0, 49.297069386632678)
(37.0, 32.0, 51.590607063413259)
(37.0, 33.0, 49.912153613703424)
(37.0, 34.0, 49.492025064535198)
(37.0, 35.0, 50.388380365015877)
(37.0, 36.0, 49.779024124573596)
(37.0, 37.0, 48.234650018916852)
(37.0, 38.0, 49.206221643980811)
(37.0, 39.0, 49.772844876739995)
(37.0, 40.0, 47.306107145250344)
(37.0, 41.0, 50.326758103931667)
(37.0, 42.0, 46.461196873020867)
(37.0, 43.0, 47.469746835605108)
(37.0, 44.0, 49.476985959151811)
(37.0, 45.0, 52.417927763931488)
(37.0, 46.0, 44.904993634140894)
(37.0, 47.0, 45.637131736869463)
(37.0, 48.0, 50.147250269147605)
(37.0, 49.0, 47.386041695001282)
(37.0, 50.0, 46.908723110104184)
(37.0, 51.0, 47.283118146921595)
(37.0, 52.0, 48.105341796793681)
(37.0, 53.0, 51.936193054642928)
(37.0, 54.0, 49.250879417270198)
(37.0, 55.0, 51.424635163235834)
(37.0, 56.0, 50.294515163921034)
(37.0, 57.0, 43.875620924349022)
(37.0, 58.0, 51.642196080857026)
(37.0, 59.0, 48.918303603938234)
(37.0, 60.0, 49.561540138668818)
(37.0, 61.0, 46.816025135197819)
(37.0, 62.0, 48.416628588586519)
(37.0, 63.0, 48.721129519357007)
(37.0, 64.0, 51.007396954232306)
(37.0, 65.0, 50.130373009914507)
(37.0, 66.0, 47.754663766150529)
(37.0, 67.0, 44.383143635429469)
(37.0, 68.0, 51.596064260774796)
(37.0, 69.0, 49.032632587263144)
(37.0, 70.0, 48.837018094415406)
(37.0, 71.0, 51.753507463829521)
(37.0, 72.0, 51.561472705683173)
(37.0, 73.0, 50.762995162339138)
(37.0, 74.0, 50.719945589185414)
(37.0, 75.0, 51.191585947330758)
(37.0, 76.0, 49.244711172581333)
(37.0, 77.0, 47.833213398136735)
(37.0, 78.0, 49.14377168508058)
(37.0, 79.0, 47.223724374441424)
(37.0, 80.0, 52.734686876697246)
(37.0, 81.0, 51.11217063319863)
(37.0, 82.0, 47.621088155343941)
(37.0, 83.0, 51.923496197318542)
(37.0, 84.0, 48.451587894385831)
(37.0, 85.0, 46.31574838877377)
(37.0, 86.0, 48.214554947479215)
(37.0, 87.0, 49.798482047116153)
(37.0, 88.0, 45.634991503591209)
(37.0, 89.0, 51.200577104453075)
(37.0, 90.0, 48.68136697773236)
(37.0, 91.0, 47.195401347650687)
(37.0, 92.0, 51.101595481294886)
(37.0, 93.0, 51.203672772384635)
(37.0, 94.0, 51.207674501782137)
(37.0, 95.0, 49.388536765198602)
(37.0, 96.0, 52.57797297556457)
(37.0, 97.0, 53.072699885927761)
(37.0, 98.0, 52.079182953225995)
(37.0, 99.0, 51.660015043779424)
(38.0, 0.0, 52.131091051584505)
(38.0, 1.0, 51.037759829143269)
(38.0, 2.0, 49.680822526999478)
(38.0, 3.0, 50.357478264423335)
(38.0, 4.0, 52.036231440494355)
(38.0, 5.0, 52.632604756292572)
(38.0, 6.0, 53.868150985815184)
(38.0, 7.0, 52.436981913314398)
(38.0, 8.0, 57.932870020533258)
(38.0, 9.0, 58.520499756706549)
(38.0, 10.0, 50.629608081147403)
(38.0, 11.0, 54.725060283228807)
(38.0, 12.0, 50.166138626033991)
(38.0, 13.0, 49.810471535058255)
(38.0, 14.0, 52.028588228152529)
(38.0, 15.0, 52.545477257876676)
(38.0, 16.0, 53.152772026895903)
(38.0, 17.0, 50.017149062232058)
(38.0, 18.0, 55.184819686007131)
(38.0, 19.0, 53.26089408275557)
(38.0, 20.0, 54.174247386202659)
(38.0, 21.0, 48.337397440404018)
(38.0, 22.0, 52.635070241358939)
(38.0, 23.0, 53.096677992618993)
(38.0, 24.0, 53.674295975616815)
(38.0, 25.0, 47.984677227149334)
(38.0, 26.0, 53.261764672539812)
(38.0, 27.0, 51.512859216218878)
(38.0, 28.0, 54.188988804097463)
(38.0, 29.0, 51.438621806492321)
(38.0, 30.0, 50.157083982515672)
(38.0, 31.0, 48.876023837892191)
(38.0, 32.0, 56.230060098416558)
(38.0, 33.0, 53.685806203828683)
(38.0, 34.0, 53.881329446815116)
(38.0, 35.0, 53.712804389290156)
(38.0, 36.0, 52.61049461248566)
(38.0, 37.0, 49.522116708173094)
(38.0, 38.0, 50.789885638325742)
(38.0, 39.0, 52.596904845006634)
(38.0, 40.0, 50.33848505343262)
(38.0, 41.0, 52.285746000776896)
(38.0, 42.0, 50.776624724604197)
(38.0, 43.0, 52.950719526580919)
(38.0, 44.0, 50.933742008761129)
(38.0, 45.0, 54.145303991227536)
(38.0, 46.0, 46.984522478275551)
(38.0, 47.0, 49.541642101459345)
(38.0, 48.0, 52.092764639651193)
(38.0, 49.0, 51.504148536412828)
(38.0, 50.0, 49.392451795783721)
(38.0, 51.0, 49.2152467194297)
(38.0, 52.0, 51.094480117921499)
(38.0, 53.0, 53.406918960381027)
(38.0, 54.0, 47.888148655326475)
(38.0, 55.0, 53.710864363160539)
(38.0, 56.0, 52.470351423666706)
(38.0, 57.0, 46.852603528971429)
(38.0, 58.0, 53.201596803813857)
(38.0, 59.0, 53.057675370947578)
(38.0, 60.0, 53.49849601505516)
(38.0, 61.0, 49.704081095537887)
(38.0, 62.0, 51.097461097753573)
(38.0, 63.0, 50.831010152958882)
(38.0, 64.0, 51.693236895103425)
(38.0, 65.0, 51.427064891288353)
(38.0, 66.0, 48.522987418972093)
(38.0, 67.0, 49.547133878788799)
(38.0, 68.0, 54.169938137578292)
(38.0, 69.0, 52.754106324394456)
(38.0, 70.0, 52.399418067010316)
(38.0, 71.0, 55.409533162464818)
(38.0, 72.0, 53.084886722096094)
(38.0, 73.0, 51.072219531708811)
(38.0, 74.0, 49.997350319709952)
(38.0, 75.0, 54.190682166702302)
(38.0, 76.0, 53.762277955371189)
(38.0, 77.0, 50.353046464202734)
(38.0, 78.0, 53.699451136317627)
(38.0, 79.0, 49.725561803967231)
(38.0, 80.0, 55.148029495736523)
(38.0, 81.0, 53.570662817497855)
(38.0, 82.0, 52.782904306346182)
(38.0, 83.0, 54.115116992905456)
(38.0, 84.0, 50.354548930786748)
(38.0, 85.0, 50.252486665156738)
(38.0, 86.0, 50.472835959256095)
(38.0, 87.0, 50.423864503893064)
(38.0, 88.0, 47.290760848657094)
(38.0, 89.0, 57.116884633482869)
(38.0, 90.0, 50.198956971136184)
(38.0, 91.0, 50.007931016246069)
(38.0, 92.0, 53.6133740540498)
(38.0, 93.0, 51.782412632414847)
(38.0, 94.0, 52.461203979197016)
(38.0, 95.0, 53.058341229064261)
(38.0, 96.0, 57.509479112968663)
(38.0, 97.0, 54.451208445043605)
(38.0, 98.0, 55.336745679008814)
(38.0, 99.0, 54.790952330145458)
(39.0, 0.0, 51.111677442942295)
(39.0, 1.0, 48.329286627393671)
(39.0, 2.0, 49.445956227981405)
(39.0, 3.0, 50.107593580771777)
(39.0, 4.0, 50.307379914509013)
(39.0, 5.0, 49.351159925728389)
(39.0, 6.0, 52.117525542400173)
(39.0, 7.0, 50.442540468276533)
(39.0, 8.0, 52.799545756620354)
(39.0, 9.0, 55.85251502453734)
(39.0, 10.0, 49.206551729389091)
(39.0, 11.0, 54.972754248622444)
(39.0, 12.0, 50.756597051263761)
