(91.0, 68.0, 48.54812240008598)
(91.0, 69.0, 46.802597739678788)
(91.0, 70.0, 44.947311808158965)
(91.0, 71.0, 50.361111096459261)
(91.0, 72.0, 47.156249998255248)
(91.0, 73.0, 48.201816508024557)
(91.0, 74.0, 46.029266987053518)
(91.0, 75.0, 48.355094973213617)
(91.0, 76.0, 47.404949857194858)
(91.0, 77.0, 47.990674620258801)
(91.0, 78.0, 49.400667832656595)
(91.0, 79.0, 44.374018793334898)
(91.0, 80.0, 53.868223208163428)
(91.0, 81.0, 47.229067666870407)
(91.0, 82.0, 49.577665838300931)
(91.0, 83.0, 51.700716770471544)
(91.0, 84.0, 43.644627212240415)
(91.0, 85.0, 45.188904000761099)
(91.0, 86.0, 46.272441352873301)
(91.0, 87.0, 46.936321222219036)
(91.0, 88.0, 41.945857309289515)
(91.0, 89.0, 51.909163260917964)
(91.0, 90.0, 44.346590273241219)
(91.0, 91.0, 44.715108348838356)
(91.0, 92.0, 49.576949955139902)
(91.0, 93.0, 48.460794450288255)
(91.0, 94.0, 48.755196323532324)
(91.0, 95.0, 46.672204421741426)
(91.0, 96.0, 47.785206563189966)
(91.0, 97.0, 49.133327828035206)
(91.0, 98.0, 50.647148665164352)
(91.0, 99.0, 47.485121807148843)
(92.0, 0.0, 53.176345842204803)
(92.0, 1.0, 50.994471098432037)
(92.0, 2.0, 49.715751039336901)
(92.0, 3.0, 51.272896215962419)
(92.0, 4.0, 48.825923803256927)
(92.0, 5.0, 52.567482435854437)
(92.0, 6.0, 54.908751940322425)
(92.0, 7.0, 53.372355564539745)
(92.0, 8.0, 57.62551333014467)
(92.0, 9.0, 56.639945892708226)
(92.0, 10.0, 51.129345825219417)
(92.0, 11.0, 54.784711480312062)
(92.0, 12.0, 52.59498411516654)
(92.0, 13.0, 50.90605554296156)
(92.0, 14.0, 51.62346623228045)
(92.0, 15.0, 51.783794181294638)
(92.0, 16.0, 52.487389731790699)
(92.0, 17.0, 50.324618064333265)
(92.0, 18.0, 53.932041374958445)
(92.0, 19.0, 53.274793118661911)
(92.0, 20.0, 56.17424220104364)
(92.0, 21.0, 49.653882660791353)
(92.0, 22.0, 50.077855462034464)
(92.0, 23.0, 55.323710371043731)
(92.0, 24.0, 50.013591617158518)
(92.0, 25.0, 47.550886672831957)
(92.0, 26.0, 52.83853872668)
(92.0, 27.0, 53.233272576913734)
(92.0, 28.0, 54.646720501516349)
(92.0, 29.0, 53.526218286767033)
(92.0, 30.0, 49.59463117043201)
(92.0, 31.0, 50.641674100976211)
(92.0, 32.0, 56.937984275312658)
(92.0, 33.0, 50.134029412450104)
(92.0, 34.0, 52.937179130199056)
(92.0, 35.0, 53.21843187019617)
(92.0, 36.0, 53.12991633786632)
(92.0, 37.0, 48.191687407102556)
(92.0, 38.0, 51.820426241617099)
(92.0, 39.0, 49.751166005319504)
(92.0, 40.0, 50.041560411694036)
(92.0, 41.0, 54.509664187168326)
(92.0, 42.0, 51.57147877733982)
(92.0, 43.0, 51.282204501405502)
(92.0, 44.0, 52.956122869769942)
(92.0, 45.0, 53.022442430294959)
(92.0, 46.0, 51.485468274874115)
(92.0, 47.0, 48.527981524358054)
(92.0, 48.0, 51.750871820672621)
(92.0, 49.0, 48.343893929322746)
(92.0, 50.0, 47.591558749334993)
(92.0, 51.0, 49.665290913847372)
(92.0, 52.0, 50.708340213565194)
(92.0, 53.0, 54.239033365838125)
(92.0, 54.0, 47.265155740906536)
(92.0, 55.0, 51.434478875616875)
(92.0, 56.0, 50.970656717661882)
(92.0, 57.0, 48.163124538248141)
(92.0, 58.0, 52.932304270625103)
(92.0, 59.0, 52.677402355390278)
(92.0, 60.0, 51.400913122103631)
(92.0, 61.0, 49.736180448137894)
(92.0, 62.0, 51.971746253615045)
(92.0, 63.0, 51.421489744037956)
(92.0, 64.0, 52.194695203870253)
(92.0, 65.0, 52.097451514777902)
(92.0, 66.0, 50.043677335203441)
(92.0, 67.0, 47.500674555688747)
(92.0, 68.0, 52.611038722711655)
(92.0, 69.0, 52.315800156249885)
(92.0, 70.0, 53.293744395854169)
(92.0, 71.0, 53.403358660326475)
(92.0, 72.0, 53.143012222117974)
(92.0, 73.0, 52.841352178815029)
(92.0, 74.0, 50.387948098458736)
(92.0, 75.0, 55.339457063538418)
(92.0, 76.0, 53.918621118307485)
(92.0, 77.0, 48.780693573432544)
(92.0, 78.0, 54.245945853805026)
(92.0, 79.0, 50.517383716562861)
(92.0, 80.0, 54.701850862881535)
(92.0, 81.0, 54.956086152370787)
(92.0, 82.0, 52.961648972842809)
(92.0, 83.0, 52.866296418090414)
(92.0, 84.0, 50.428230298072016)
(92.0, 85.0, 50.587634322881968)
(92.0, 86.0, 50.308744126334489)
(92.0, 87.0, 53.439539676919537)
(92.0, 88.0, 48.664418977174471)
(92.0, 89.0, 53.147137160880106)
(92.0, 90.0, 51.523560723036596)
(92.0, 91.0, 48.464800597162295)
(92.0, 92.0, 53.203009794083542)
(92.0, 93.0, 54.093364307094461)
(92.0, 94.0, 53.650705275525446)
(92.0, 95.0, 52.875372710234188)
(92.0, 96.0, 55.171204841242087)
(92.0, 97.0, 55.189566282686158)
(92.0, 98.0, 57.57765273500091)
(92.0, 99.0, 54.835266369823074)
(93.0, 0.0, 52.466876727861923)
(93.0, 1.0, 52.385545704303148)
(93.0, 2.0, 52.422499484447542)
(93.0, 3.0, 52.441947787054985)
(93.0, 4.0, 53.116223293164289)
(93.0, 5.0, 53.97519998295121)
(93.0, 6.0, 57.234841198351617)
(93.0, 7.0, 54.432535877197367)
(93.0, 8.0, 57.263331933420119)
(93.0, 9.0, 59.691438141489229)
(93.0, 10.0, 52.002137828297606)
(93.0, 11.0, 57.421307447982599)
(93.0, 12.0, 54.744643450893861)
(93.0, 13.0, 51.446336440694914)
(93.0, 14.0, 50.683767351545967)
(93.0, 15.0, 55.76341091176495)
(93.0, 16.0, 55.213005578056553)
(93.0, 17.0, 51.30014018250624)
(93.0, 18.0, 55.270073147447476)
(93.0, 19.0, 54.067927565106721)
(93.0, 20.0, 58.431239080431439)
(93.0, 21.0, 52.653282208916835)
(93.0, 22.0, 51.953068889170723)
(93.0, 23.0, 53.966778026433225)
(93.0, 24.0, 51.969746651549357)
(93.0, 25.0, 46.806631558625654)
(93.0, 26.0, 55.355459423841168)
(93.0, 27.0, 55.934157383732824)
(93.0, 28.0, 53.243115382075544)
(93.0, 29.0, 53.813545265770763)
(93.0, 30.0, 51.934619672179565)
(93.0, 31.0, 52.599699511666444)
(93.0, 32.0, 58.628982225759202)
(93.0, 33.0, 54.525270052778367)
(93.0, 34.0, 54.921487307862179)
(93.0, 35.0, 52.594215727551052)
(93.0, 36.0, 53.430866597285728)
(93.0, 37.0, 51.65034970188259)
(93.0, 38.0, 53.462805472547487)
(93.0, 39.0, 51.002434711615734)
(93.0, 40.0, 50.331129766761777)
(93.0, 41.0, 56.628527157509836)
(93.0, 42.0, 52.234557025972961)
(93.0, 43.0, 54.948282367260276)
(93.0, 44.0, 54.713308100111036)
(93.0, 45.0, 56.472014724001497)
(93.0, 46.0, 52.429659164935515)
(93.0, 47.0, 49.762273075981945)
(93.0, 48.0, 51.805209223698185)
(93.0, 49.0, 50.886112523185673)
(93.0, 50.0, 51.474952093517942)
(93.0, 51.0, 51.663319248862166)
(93.0, 52.0, 52.062407787710995)
(93.0, 53.0, 56.861801513294239)
(93.0, 54.0, 51.586526154067613)
(93.0, 55.0, 54.509914627771792)
(93.0, 56.0, 51.370329388187713)
(93.0, 57.0, 48.62012782464042)
(93.0, 58.0, 55.470546981347923)
(93.0, 59.0, 52.010905995864562)
(93.0, 60.0, 55.279821217106964)
(93.0, 61.0, 50.631424401443162)
(93.0, 62.0, 54.331692098510217)
(93.0, 63.0, 51.220989531346419)
(93.0, 64.0, 54.208467247616198)
(93.0, 65.0, 52.677534985203394)
(93.0, 66.0, 51.047556998762516)
(93.0, 67.0, 48.712412193777425)
(93.0, 68.0, 54.547695961459382)
(93.0, 69.0, 55.397198473330562)
(93.0, 70.0, 53.175567849229253)
(93.0, 71.0, 55.659179087047399)
(93.0, 72.0, 53.355894526767415)
(93.0, 73.0, 51.938218640183123)
(93.0, 74.0, 52.70394301604663)
(93.0, 75.0, 54.713654031901768)
(93.0, 76.0, 55.428607600022318)
(93.0, 77.0, 52.332501351013164)
(93.0, 78.0, 55.403418708522992)
(93.0, 79.0, 51.398537589668564)
(93.0, 80.0, 57.80216539023634)
(93.0, 81.0, 56.349660464196283)
(93.0, 82.0, 54.485298168086899)
(93.0, 83.0, 55.454143925640409)
(93.0, 84.0, 54.140320588076563)
(93.0, 85.0, 55.184787093328787)
(93.0, 86.0, 54.973242357046601)
(93.0, 87.0, 54.353358441476445)
(93.0, 88.0, 51.09551841264971)
(93.0, 89.0, 55.705471385234603)
(93.0, 90.0, 51.842727830367295)
(93.0, 91.0, 49.117003684850815)
(93.0, 92.0, 56.580500523330556)
(93.0, 93.0, 56.679975076359661)
(93.0, 94.0, 52.549557898655507)
(93.0, 95.0, 52.462924101367911)
(93.0, 96.0, 54.8033795023319)
(93.0, 97.0, 55.008770179540832)
(93.0, 98.0, 58.991624649454764)
(93.0, 99.0, 55.345564687987569)
(94.0, 0.0, 51.742920155881905)
(94.0, 1.0, 53.408168737826955)
(94.0, 2.0, 50.387488902570496)
(94.0, 3.0, 51.327234944998956)
(94.0, 4.0, 54.516909078962669)
(94.0, 5.0, 52.962063105160524)
(94.0, 6.0, 55.943967037613952)
(94.0, 7.0, 55.18144581408238)
(94.0, 8.0, 56.776980663645119)
(94.0, 9.0, 59.132264820034756)
(94.0, 10.0, 50.88691378464803)
(94.0, 11.0, 57.10924124416141)
(94.0, 12.0, 54.584749497313013)
(94.0, 13.0, 50.936160362992176)
(94.0, 14.0, 51.876600130159801)
(94.0, 15.0, 53.625568985987286)
(94.0, 16.0, 53.911719186948488)
(94.0, 17.0, 52.160348172503362)
(94.0, 18.0, 55.818745264902901)
(94.0, 19.0, 55.239150846579435)
(94.0, 20.0, 56.278059381797071)
(94.0, 21.0, 51.015148562081563)
(94.0, 22.0, 53.22124992855084)
(94.0, 23.0, 53.868331197532264)
(94.0, 24.0, 50.915038009241556)
(94.0, 25.0, 48.98204188187372)
(94.0, 26.0, 55.598071242872052)
(94.0, 27.0, 53.558224935769054)
(94.0, 28.0, 57.102423631724022)
(94.0, 29.0, 52.155642407007726)
(94.0, 30.0, 50.361296572611039)
(94.0, 31.0, 54.241956473372753)
(94.0, 32.0, 55.957975089553713)
(94.0, 33.0, 54.278947181554202)
(94.0, 34.0, 53.439084138311429)
(94.0, 35.0, 53.955607342979427)
(94.0, 36.0, 54.166763080254981)
(94.0, 37.0, 51.023551555474178)
(94.0, 38.0, 55.34636528106001)
(94.0, 39.0, 53.012048055080513)
(94.0, 40.0, 51.207453629777888)
(94.0, 41.0, 57.897560429172614)
(94.0, 42.0, 50.794823010340387)
(94.0, 43.0, 54.785977793854954)
(94.0, 44.0, 54.370080256216959)
(94.0, 45.0, 55.990349898406926)
(94.0, 46.0, 50.817663808628765)
(94.0, 47.0, 50.422037207712151)
(94.0, 48.0, 53.640564364412974)
(94.0, 49.0, 51.642209458860229)
(94.0, 50.0, 52.701110267167351)
(94.0, 51.0, 50.799865382243624)
(94.0, 52.0, 52.703103028321323)
(94.0, 53.0, 57.234111200704568)
(94.0, 54.0, 51.75094408792512)
(94.0, 55.0, 55.087735817621947)
(94.0, 56.0, 54.228246672784152)
(94.0, 57.0, 44.82573304668103)
(94.0, 58.0, 54.896834789648423)
(94.0, 59.0, 52.214770485243008)
(94.0, 60.0, 53.914673216077482)
(94.0, 61.0, 52.253569678532102)
(94.0, 62.0, 53.432509814951118)
(94.0, 63.0, 51.098495241076833)
(94.0, 64.0, 55.777891334480799)
(94.0, 65.0, 56.306249074520743)
(94.0, 66.0, 50.387238319526951)
(94.0, 67.0, 49.623359086769298)
(94.0, 68.0, 55.515581151641832)
(94.0, 69.0, 51.542559471882498)
(94.0, 70.0, 53.790552401753054)
(94.0, 71.0, 54.198752983289708)
(94.0, 72.0, 57.286287753548038)
(94.0, 73.0, 54.389603202236117)
(94.0, 74.0, 53.50107917115109)
(94.0, 75.0, 53.446101849378366)
(94.0, 76.0, 57.219411995431756)
(94.0, 77.0, 50.706906553942744)
(94.0, 78.0, 54.345915119758246)
(94.0, 79.0, 51.745045993992804)
(94.0, 80.0, 56.387714435600927)
(94.0, 81.0, 56.845042484702063)
(94.0, 82.0, 52.914001353417696)
(94.0, 83.0, 56.567324484638412)
(94.0, 84.0, 52.80553615188748)
(94.0, 85.0, 50.438603737850656)
(94.0, 86.0, 52.1433139649194)
(94.0, 87.0, 53.155192202156329)
(94.0, 88.0, 48.958248536190951)
(94.0, 89.0, 56.703846246311308)
(94.0, 90.0, 52.121682906456108)
(94.0, 91.0, 49.564289231465217)
(94.0, 92.0, 54.329574220742636)
(94.0, 93.0, 56.043583953263521)
(94.0, 94.0, 57.034370236298216)
(94.0, 95.0, 55.497252810587561)
(94.0, 96.0, 55.442591459127826)
(94.0, 97.0, 56.784616800325765)
(94.0, 98.0, 57.477331430682028)
(94.0, 99.0, 53.639343041958483)
(95.0, 0.0, 50.787681364702792)
(95.0, 1.0, 53.173527834793013)
(95.0, 2.0, 52.301005685953314)
(95.0, 3.0, 52.349509878327041)
(95.0, 4.0, 50.805240182274758)
(95.0, 5.0, 53.959153638520604)
(95.0, 6.0, 54.670350229000043)
(95.0, 7.0, 51.787057835594389)
(95.0, 8.0, 55.865607870467549)
(95.0, 9.0, 55.349053319424897)
(95.0, 10.0, 52.539038199549097)
(95.0, 11.0, 54.708291417190658)
(95.0, 12.0, 53.550235263070299)
(95.0, 13.0, 50.428287743764784)
(95.0, 14.0, 51.683510546013871)
(95.0, 15.0, 53.054332900985813)
(95.0, 16.0, 54.842575083291386)
(95.0, 17.0, 51.780854617292135)
(95.0, 18.0, 52.547801039256015)
(95.0, 19.0, 52.926772077059653)
(95.0, 20.0, 57.799016580402679)
(95.0, 21.0, 50.174789609542252)
(95.0, 22.0, 51.573050277625342)
(95.0, 23.0, 52.600927292795532)
(95.0, 24.0, 53.691727614362023)
(95.0, 25.0, 47.200142494164083)
(95.0, 26.0, 51.952051998724087)
(95.0, 27.0, 52.529862066748848)
(95.0, 28.0, 52.529773865758145)
(95.0, 29.0, 52.106139554568273)
(95.0, 30.0, 51.546525244749887)
(95.0, 31.0, 50.780032391720944)
(95.0, 32.0, 56.030887534314445)
(95.0, 33.0, 54.107411409554409)
(95.0, 34.0, 50.892245760461947)
(95.0, 35.0, 54.292863179527174)
(95.0, 36.0, 51.538018650989663)
(95.0, 37.0, 49.71264794646919)
(95.0, 38.0, 50.953638663296651)
(95.0, 39.0, 49.697223420331127)
(95.0, 40.0, 49.679788068903846)
(95.0, 41.0, 54.780542747673934)
(95.0, 42.0, 50.589545989874324)
(95.0, 43.0, 52.579432994860468)
(95.0, 44.0, 52.71062792971933)
(95.0, 45.0, 52.992913928678888)
(95.0, 46.0, 49.202762288306161)
(95.0, 47.0, 51.436143569290309)
(95.0, 48.0, 49.672082851971524)
(95.0, 49.0, 52.709268935786532)
(95.0, 50.0, 51.665917144901158)
(95.0, 51.0, 50.999418159494304)
(95.0, 52.0, 52.921436877834431)
(95.0, 53.0, 54.601206050755252)
(95.0, 54.0, 50.86054362731457)
(95.0, 55.0, 51.703108364211005)
(95.0, 56.0, 53.504720515354187)
(95.0, 57.0, 46.800306287946427)
(95.0, 58.0, 53.885360058849372)
(95.0, 59.0, 52.646672653230638)
(95.0, 60.0, 53.747269296943038)
(95.0, 61.0, 50.803662124673913)
(95.0, 62.0, 52.844791569053982)
(95.0, 63.0, 49.240286704653002)
(95.0, 64.0, 51.872303577040434)
(95.0, 65.0, 52.509218849786635)
(95.0, 66.0, 50.287480863666644)
(95.0, 67.0, 45.042942434720743)
(95.0, 68.0, 53.225650639157372)
(95.0, 69.0, 52.433009443723108)
(95.0, 70.0, 49.421515433425938)
(95.0, 71.0, 53.78326034382065)
(95.0, 72.0, 52.584854328618462)
(95.0, 73.0, 53.963559992231112)
(95.0, 74.0, 52.021469720462107)
(95.0, 75.0, 51.307560600739812)
(95.0, 76.0, 55.256883503976169)
(95.0, 77.0, 50.299847815258559)
(95.0, 78.0, 52.768067080608816)
(95.0, 79.0, 50.518238654794864)
(95.0, 80.0, 54.964705268231597)
(95.0, 81.0, 54.748028590115496)
(95.0, 82.0, 52.35039771077178)
(95.0, 83.0, 52.357034561368593)
(95.0, 84.0, 52.199954413840679)
(95.0, 85.0, 50.636660484673158)
(95.0, 86.0, 51.288165406974784)
(95.0, 87.0, 53.8150137718537)
(95.0, 88.0, 49.130844239584668)
(95.0, 89.0, 55.771543206875194)
(95.0, 90.0, 52.068311176779176)
(95.0, 91.0, 48.110796824891239)
(95.0, 92.0, 53.642470284145787)
(95.0, 93.0, 53.257974231704345)
(95.0, 94.0, 55.821046714599461)
(95.0, 95.0, 53.480383915462312)
(95.0, 96.0, 55.615070713976479)
(95.0, 97.0, 53.663960842580757)
(95.0, 98.0, 57.496937880473432)
(95.0, 99.0, 53.3832431444444)
(96.0, 0.0, 48.456405215491365)
(96.0, 1.0, 47.970909347955626)
(96.0, 2.0, 52.454815511164512)
(96.0, 3.0, 48.335226038889793)
(96.0, 4.0, 49.092176042473625)
(96.0, 5.0, 51.303406153234704)
(96.0, 6.0, 50.944434486808611)
(96.0, 7.0, 48.252473698565026)
(96.0, 8.0, 53.524125723943456)
(96.0, 9.0, 54.723301316094421)
(96.0, 10.0, 47.905230962639955)
(96.0, 11.0, 50.75744923428946)
(96.0, 12.0, 50.415186014510923)
(96.0, 13.0, 48.520131072976895)
(96.0, 14.0, 50.454781658792783)
(96.0, 15.0, 51.444177022701624)
(96.0, 16.0, 48.712716905250019)
(96.0, 17.0, 48.972109668998883)
(96.0, 18.0, 52.365885814635931)
(96.0, 19.0, 51.505970154120909)
(96.0, 20.0, 54.25305448412854)
(96.0, 21.0, 49.074815852411078)
(96.0, 22.0, 49.667610230544412)
(96.0, 23.0, 51.342678455359369)
(96.0, 24.0, 48.357354252673275)
(96.0, 25.0, 44.844630957512621)
(96.0, 26.0, 53.999053379142126)
(96.0, 27.0, 49.037839598469752)
(96.0, 28.0, 51.4740869429572)
(96.0, 29.0, 50.318709193321361)
(96.0, 30.0, 49.105599898355891)
(96.0, 31.0, 49.253586736494171)
(96.0, 32.0, 53.917723852025468)
(96.0, 33.0, 51.26239577929816)
(96.0, 34.0, 50.378602746703976)
(96.0, 35.0, 51.673864887692964)
(96.0, 36.0, 51.329241476021451)
(96.0, 37.0, 48.665679396055914)
(96.0, 38.0, 49.026391138538742)
(96.0, 39.0, 46.612049146305139)
(96.0, 40.0, 48.735505248861024)
(96.0, 41.0, 50.932914122990709)
(96.0, 42.0, 48.519539188998976)
(96.0, 43.0, 47.674700591648957)
(96.0, 44.0, 49.70031750815869)
(96.0, 45.0, 50.09280371173238)
(96.0, 46.0, 49.412250542508914)
(96.0, 47.0, 46.83214584402873)
(96.0, 48.0, 49.337786015165875)
(96.0, 49.0, 48.696350127596716)
(96.0, 50.0, 48.425554918988254)
(96.0, 51.0, 47.339427740802677)
(96.0, 52.0, 50.31474656350364)
(96.0, 53.0, 51.343872609126443)
(96.0, 54.0, 48.75243492874425)
(96.0, 55.0, 51.743185492009189)
(96.0, 56.0, 51.107524859876477)
(96.0, 57.0, 43.385288542344554)
(96.0, 58.0, 51.803483078164803)
(96.0, 59.0, 52.276459118253172)
(96.0, 60.0, 51.449896348810675)
(96.0, 61.0, 48.369871148835188)
(96.0, 62.0, 50.227397299305181)
(96.0, 63.0, 46.994123312574729)
(96.0, 64.0, 50.965221703904163)
(96.0, 65.0, 50.757985032381455)
(96.0, 66.0, 48.865926720316679)
(96.0, 67.0, 46.566372477059986)
(96.0, 68.0, 52.822995193965625)
(96.0, 69.0, 47.328034454916335)
(96.0, 70.0, 50.89932929103594)
(96.0, 71.0, 54.721395896667559)
(96.0, 72.0, 52.460822984946837)
(96.0, 73.0, 50.960140454389318)
(96.0, 74.0, 49.057814582999647)
(96.0, 75.0, 50.694214838817757)
(96.0, 76.0, 51.50068463914274)
(96.0, 77.0, 47.595659048217058)
(96.0, 78.0, 50.900251599486765)
(96.0, 79.0, 45.82793449764452)
(96.0, 80.0, 51.868602328963576)
(96.0, 81.0, 52.806615786187088)
(96.0, 82.0, 50.294794232514519)
(96.0, 83.0, 51.63932786210647)
(96.0, 84.0, 48.179616684145842)
(96.0, 85.0, 47.565095732049038)
(96.0, 86.0, 46.139342430201403)
(96.0, 87.0, 50.536824545468015)
(96.0, 88.0, 47.418796596992223)
(96.0, 89.0, 52.962467878376529)
(96.0, 90.0, 49.832728936092195)
(96.0, 91.0, 46.114552868144145)
(96.0, 92.0, 52.636615267513321)
(96.0, 93.0, 51.448488252198359)
(96.0, 94.0, 50.346005132982313)
(96.0, 95.0, 52.649537910571055)
(96.0, 96.0, 52.155390985568999)
(96.0, 97.0, 51.420321012438329)
(96.0, 98.0, 55.322009747613357)
(96.0, 99.0, 53.087906727682324)
(97.0, 0.0, 51.350797428491603)
(97.0, 1.0, 51.202339595658657)
(97.0, 2.0, 50.484033746075305)
(97.0, 3.0, 53.800399511702736)
(97.0, 4.0, 53.215673417313781)
(97.0, 5.0, 52.573126800620436)
(97.0, 6.0, 55.261711939634523)
(97.0, 7.0, 53.421375353263677)
(97.0, 8.0, 55.911088531199923)
(97.0, 9.0, 57.546198194434368)
(97.0, 10.0, 51.659723943957907)
(97.0, 11.0, 56.409534424924971)
(97.0, 12.0, 52.954622760385746)
(97.0, 13.0, 50.989666904257646)
(97.0, 14.0, 50.127691290448631)
(97.0, 15.0, 55.047774117581127)
(97.0, 16.0, 52.575978045260811)
(97.0, 17.0, 49.239965820753795)
(97.0, 18.0, 53.992292786795552)
(97.0, 19.0, 55.367221230975957)
(97.0, 20.0, 53.483378056815503)
(97.0, 21.0, 51.278492907298272)
(97.0, 22.0, 52.166969913893496)
(97.0, 23.0, 53.018249171934684)
(97.0, 24.0, 50.184703663191513)
(97.0, 25.0, 48.299817652921206)
(97.0, 26.0, 55.560148245274377)
(97.0, 27.0, 53.855425487055811)
(97.0, 28.0, 55.137609548545313)
(97.0, 29.0, 51.141828703548519)
(97.0, 30.0, 50.63355945308048)
(97.0, 31.0, 51.286069004852862)
(97.0, 32.0, 53.993642995711824)
(97.0, 33.0, 55.763686920461552)
(97.0, 34.0, 53.063245204552395)
(97.0, 35.0, 51.914294411950806)
(97.0, 36.0, 54.249637554256282)
(97.0, 37.0, 50.830441561605461)
(97.0, 38.0, 50.449295810857834)
(97.0, 39.0, 53.098041123530841)
(97.0, 40.0, 50.525789567008999)
(97.0, 41.0, 55.151912830102617)
(97.0, 42.0, 51.441174617947425)
(97.0, 43.0, 49.957818638859891)
(97.0, 44.0, 53.1889763573434)
(97.0, 45.0, 57.034156100125543)
(97.0, 46.0, 48.193739697277152)
(97.0, 47.0, 50.029119916279434)
(97.0, 48.0, 52.497623779209675)
(97.0, 49.0, 52.19042489886948)
(97.0, 50.0, 49.876092302269448)
(97.0, 51.0, 50.182564993397847)
(97.0, 52.0, 51.37514094071021)
(97.0, 53.0, 57.159565033170225)
(97.0, 54.0, 47.914410338198685)
(97.0, 55.0, 54.285654405062466)
(97.0, 56.0, 53.137678186327172)
(97.0, 57.0, 48.293291345148297)
(97.0, 58.0, 53.092844161653986)
(97.0, 59.0, 50.537625798913673)
(97.0, 60.0, 54.850099753844198)
(97.0, 61.0, 50.477095984562716)
(97.0, 62.0, 52.143070999406675)
(97.0, 63.0, 49.61954526447613)
(97.0, 64.0, 55.027702035883948)
(97.0, 65.0, 52.245784143586391)
(97.0, 66.0, 52.161670433759497)
(97.0, 67.0, 50.053370739942267)
(97.0, 68.0, 54.140613824680059)
(97.0, 69.0, 52.55740564848341)
(97.0, 70.0, 49.864974249510311)
(97.0, 71.0, 56.737226725191405)
(97.0, 72.0, 52.285284005738696)
(97.0, 73.0, 53.746446262268023)
(97.0, 74.0, 51.321763055128443)
(97.0, 75.0, 55.515051897096498)
(97.0, 76.0, 55.952108862024083)
(97.0, 77.0, 50.160041965256596)
(97.0, 78.0, 51.818572954128314)
(97.0, 79.0, 48.531070165019649)
(97.0, 80.0, 56.070813834877988)
(97.0, 81.0, 54.50824894036235)
(97.0, 82.0, 50.486833796375713)
(97.0, 83.0, 51.884033616150106)
(97.0, 84.0, 49.620733520118392)
(97.0, 85.0, 48.708955794225147)
(97.0, 86.0, 50.81016792363679)
(97.0, 87.0, 52.243463596834275)
(97.0, 88.0, 49.462847398554572)
(97.0, 89.0, 55.864577126515464)
(97.0, 90.0, 52.88538013398631)
(97.0, 91.0, 49.486114809413024)
(97.0, 92.0, 53.803324551536576)
(97.0, 93.0, 53.841949733241222)
(97.0, 94.0, 54.185332874920874)
(97.0, 95.0, 52.722909937788401)
(97.0, 96.0, 53.356603836619186)
(97.0, 97.0, 55.064187818813053)
(97.0, 98.0, 55.195426034991172)
(97.0, 99.0, 56.904764298682323)
(98.0, 0.0, 44.800374020650857)
(98.0, 1.0, 46.071352461234284)
(98.0, 2.0, 43.908350194612254)
(98.0, 3.0, 45.883786244279044)
(98.0, 4.0, 48.198372160927832)
(98.0, 5.0, 46.289285691642981)
(98.0, 6.0, 48.819566377327206)
(98.0, 7.0, 47.128447412576108)
(98.0, 8.0, 47.290580430218043)
(98.0, 9.0, 48.114185548078638)
(98.0, 10.0, 45.760431834361526)
(98.0, 11.0, 49.291143648422569)
(98.0, 12.0, 44.756303490868532)
(98.0, 13.0, 43.741448269644962)
(98.0, 14.0, 43.548875701114149)
(98.0, 15.0, 48.153724563331991)
(98.0, 16.0, 47.43809122000026)
(98.0, 17.0, 45.303400892054448)
(98.0, 18.0, 49.062236811310484)
(98.0, 19.0, 46.423264567038274)
(98.0, 20.0, 49.88090591920681)
(98.0, 21.0, 45.621631507803173)
(98.0, 22.0, 43.236398907533903)
(98.0, 23.0, 48.481519389311316)
(98.0, 24.0, 46.812192312703964)
(98.0, 25.0, 40.326073299054073)
(98.0, 26.0, 49.633748509111854)
(98.0, 27.0, 47.211295145953649)
(98.0, 28.0, 46.977216983162293)
(98.0, 29.0, 44.908876984891876)
(98.0, 30.0, 42.968265888382604)
(98.0, 31.0, 45.262008836426745)
(98.0, 32.0, 49.667470273360863)
(98.0, 33.0, 45.932227197775497)
(98.0, 34.0, 46.013843214220998)
(98.0, 35.0, 46.615933219423241)
(98.0, 36.0, 43.554638232760261)
(98.0, 37.0, 41.677291575677103)
(98.0, 38.0, 43.992273875095464)
(98.0, 39.0, 47.303013891018153)
(98.0, 40.0, 43.239836396320356)
(98.0, 41.0, 45.581628569374132)
(98.0, 42.0, 43.109958756383705)
(98.0, 43.0, 47.882352999871131)
(98.0, 44.0, 44.139395762596578)
(98.0, 45.0, 47.322231628725916)
(98.0, 46.0, 41.278195413793455)
(98.0, 47.0, 44.357826457585446)
(98.0, 48.0, 43.240991945639912)
(98.0, 49.0, 45.947846421112615)
(98.0, 50.0, 43.882678007967606)
(98.0, 51.0, 43.126079344155173)
(98.0, 52.0, 43.840428106662308)
(98.0, 53.0, 48.111190796746598)
(98.0, 54.0, 42.426783581855204)
(98.0, 55.0, 45.425664922537706)
(98.0, 56.0, 45.171203442596529)
(98.0, 57.0, 42.229376006886469)
(98.0, 58.0, 48.324282073083765)
(98.0, 59.0, 47.155951437410522)
(98.0, 60.0, 49.214278764868673)
(98.0, 61.0, 41.804133976062246)
(98.0, 62.0, 47.247010150779225)
(98.0, 63.0, 42.916417780813454)
(98.0, 64.0, 45.555024421544303)
(98.0, 65.0, 46.476232273837567)
(98.0, 66.0, 44.60836934356881)
(98.0, 67.0, 40.429922281757264)
(98.0, 68.0, 46.480302625817998)
(98.0, 69.0, 44.568626165384337)
(98.0, 70.0, 43.76416097380006)
(98.0, 71.0, 47.205675874013664)
(98.0, 72.0, 45.208194612222655)
(98.0, 73.0, 45.591998724301213)
(98.0, 74.0, 44.812253156227783)
(98.0, 75.0, 45.249945133160523)
(98.0, 76.0, 47.034043264765359)
(98.0, 77.0, 43.310224086248141)
(98.0, 78.0, 46.802606259648968)
(98.0, 79.0, 45.683454365990656)
(98.0, 80.0, 47.178680682427405)
(98.0, 81.0, 46.393768842807063)
(98.0, 82.0, 45.887945644276854)
(98.0, 83.0, 46.448993897190576)
(98.0, 84.0, 43.220761367449512)
(98.0, 85.0, 42.326156173304824)
(98.0, 86.0, 45.613367226970482)
(98.0, 87.0, 45.115965171246529)
(98.0, 88.0, 42.105536839888799)
(98.0, 89.0, 49.018517262551853)
(98.0, 90.0, 44.032456754985844)
(98.0, 91.0, 42.386446110161096)
(98.0, 92.0, 47.747688968029102)
(98.0, 93.0, 44.141996762607356)
(98.0, 94.0, 45.306163466549307)
(98.0, 95.0, 45.791060741571634)
(98.0, 96.0, 45.684565615308905)
(98.0, 97.0, 49.215553750354701)
(98.0, 98.0, 48.230616343425751)
(98.0, 99.0, 47.89980551918363)
(99.0, 0.0, 46.116868117539482)
(99.0, 1.0, 46.882869131167425)
(99.0, 2.0, 47.419328866383765)
(99.0, 3.0, 47.518091015485282)
(99.0, 4.0, 49.055650513470979)
(99.0, 5.0, 50.259978657512818)
(99.0, 6.0, 51.248043069187659)
(99.0, 7.0, 49.958871278640508)
(99.0, 8.0, 53.523654303625591)
(99.0, 9.0, 52.005101307598643)
(99.0, 10.0, 47.714668951068276)
(99.0, 11.0, 52.893728442949524)
(99.0, 12.0, 50.168484951379909)
(99.0, 13.0, 49.288810646987862)
(99.0, 14.0, 49.1714547954954)
(99.0, 15.0, 47.349379364072263)
(99.0, 16.0, 48.489823433259261)
(99.0, 17.0, 46.562322764881657)
(99.0, 18.0, 50.654282216845729)
(99.0, 19.0, 49.947597925972559)
(99.0, 20.0, 52.464351777589769)
(99.0, 21.0, 47.359087034571345)
(99.0, 22.0, 47.023125601602004)
(99.0, 23.0, 50.218867027195536)
(99.0, 24.0, 49.01222378398252)
(99.0, 25.0, 44.676984691547446)
(99.0, 26.0, 52.896441611352245)
(99.0, 27.0, 50.97616431914885)
(99.0, 28.0, 51.013265438113351)
(99.0, 29.0, 49.52931533895422)
(99.0, 30.0, 48.741036898880196)
(99.0, 31.0, 48.200036421117062)
(99.0, 32.0, 54.285279915565809)
(99.0, 33.0, 48.908382372514261)
(99.0, 34.0, 49.155928745959628)
(99.0, 35.0, 51.020653293984459)
(99.0, 36.0, 51.630421764503474)
(99.0, 37.0, 45.930048771392805)
(99.0, 38.0, 50.479514500658539)
(99.0, 39.0, 47.933661719515527)
(99.0, 40.0, 45.748675406728331)
(99.0, 41.0, 51.016562118701117)
(99.0, 42.0, 47.768699217143961)
(99.0, 43.0, 49.414685603345504)
(99.0, 44.0, 50.03976627293099)
(99.0, 45.0, 53.22442389983614)
(99.0, 46.0, 46.64354256659707)
(99.0, 47.0, 46.40748456663858)
(99.0, 48.0, 48.162162181302918)
(99.0, 49.0, 48.274502964696964)
(99.0, 50.0, 48.482649051458381)
(99.0, 51.0, 45.694096620403933)
(99.0, 52.0, 47.588378703497781)
(99.0, 53.0, 49.755627216821019)
(99.0, 54.0, 46.59048083011394)
(99.0, 55.0, 50.701805230361458)
(99.0, 56.0, 49.148410324647159)
(99.0, 57.0, 45.270111852796305)
(99.0, 58.0, 50.723099364601374)
(99.0, 59.0, 49.860823815244018)
(99.0, 60.0, 48.861954692804964)
(99.0, 61.0, 47.803360256434573)
(99.0, 62.0, 51.430287946039222)
(99.0, 63.0, 48.116384418231142)
(99.0, 64.0, 50.563619813416096)
(99.0, 65.0, 48.330177849355493)
(99.0, 66.0, 49.827581815181347)
(99.0, 67.0, 46.624137951114292)
(99.0, 68.0, 51.33089278875407)
(99.0, 69.0, 49.960276280616945)
(99.0, 70.0, 50.543168855891977)
(99.0, 71.0, 52.621082007295065)
(99.0, 72.0, 51.664273069699377)
(99.0, 73.0, 48.319472462245635)
(99.0, 74.0, 48.543305892511157)
(99.0, 75.0, 51.280030769190788)
(99.0, 76.0, 49.887197653456269)
(99.0, 77.0, 46.90425463068906)
(99.0, 78.0, 50.108867302345615)
(99.0, 79.0, 47.63469210550457)
(99.0, 80.0, 51.250086605443734)
(99.0, 81.0, 51.137468145708731)
(99.0, 82.0, 49.404110770070716)
(99.0, 83.0, 50.410108949891018)
(99.0, 84.0, 48.107471417260498)
(99.0, 85.0, 47.230628161948275)
(99.0, 86.0, 49.740454988235172)
(99.0, 87.0, 49.278081744327984)
(99.0, 88.0, 46.418240219898671)
(99.0, 89.0, 52.685954117839927)
(99.0, 90.0, 49.434379268190341)
(99.0, 91.0, 44.775076825190055)
(99.0, 92.0, 51.260005461571225)
(99.0, 93.0, 50.330504143842937)
(99.0, 94.0, 50.513316916197368)
(99.0, 95.0, 49.652707530003042)
(99.0, 96.0, 52.281426034286952)
(99.0, 97.0, 50.381660769898765)
(99.0, 98.0, 50.257562389595634)
(99.0, 99.0, 53.12362764445227)
