(6.0, 35.0, 54.153438149565872)
(6.0, 36.0, 53.851833321871865)
(6.0, 37.0, 50.632562683791747)
(6.0, 38.0, 53.628530066689478)
(6.0, 39.0, 52.098374451921686)
(6.0, 40.0, 52.513233677046983)
(6.0, 41.0, 57.146539528840876)
(6.0, 42.0, 52.30134251815349)
(6.0, 43.0, 50.355854095883089)
(6.0, 44.0, 52.474591777643717)
(6.0, 45.0, 56.403862391371739)
(6.0, 46.0, 49.894951896149166)
(6.0, 47.0, 50.081694322084346)
(6.0, 48.0, 54.024196423440699)
(6.0, 49.0, 53.563584311587725)
(6.0, 50.0, 47.342413229937129)
(6.0, 51.0, 49.499754195432395)
(6.0, 52.0, 52.49175281486081)
(6.0, 53.0, 54.775542756399553)
(6.0, 54.0, 51.129010422168108)
(6.0, 55.0, 52.69590660233321)
(6.0, 56.0, 54.741939595447505)
(6.0, 57.0, 51.319941633621255)
(6.0, 58.0, 54.650785121572611)
(6.0, 59.0, 54.474080026251052)
(6.0, 60.0, 54.544041284575648)
(6.0, 61.0, 51.713625997213938)
(6.0, 62.0, 54.260475843861798)
(6.0, 63.0, 52.683393677918204)
(6.0, 64.0, 54.997528239485341)
(6.0, 65.0, 55.651245531204651)
(6.0, 66.0, 52.353491971749939)
(6.0, 67.0, 50.529747181357457)
(6.0, 68.0, 55.586813962554778)
(6.0, 69.0, 53.486439336667189)
(6.0, 70.0, 52.559137167256146)
(6.0, 71.0, 53.581066133811028)
(6.0, 72.0, 53.990855747914281)
(6.0, 73.0, 54.786785509391834)
(6.0, 74.0, 51.643658277385001)
(6.0, 75.0, 54.368425503084353)
(6.0, 76.0, 54.854037394559484)
(6.0, 77.0, 53.974807982909539)
(6.0, 78.0, 53.91791206638031)
(6.0, 79.0, 51.464239347770125)
(6.0, 80.0, 58.243884570330309)
(6.0, 81.0, 53.585587672435345)
(6.0, 82.0, 55.858947402654991)
(6.0, 83.0, 54.80893133925268)
(6.0, 84.0, 52.433346073093304)
(6.0, 85.0, 51.690552602721866)
(6.0, 86.0, 50.970550470505131)
(6.0, 87.0, 55.081075334464174)
(6.0, 88.0, 50.348566337602705)
(6.0, 89.0, 56.380658371349142)
(6.0, 90.0, 52.23202019285511)
(6.0, 91.0, 48.548110335603262)
(6.0, 92.0, 56.280843224355984)
(6.0, 93.0, 55.50448534892864)
(6.0, 94.0, 54.496240437668931)
(6.0, 95.0, 56.573845815518581)
(6.0, 96.0, 56.404370956221499)
(6.0, 97.0, 55.829074440999108)
(6.0, 98.0, 55.764070924969154)
(6.0, 99.0, 56.187078915049092)
(7.0, 0.0, 48.304384754575587)
(7.0, 1.0, 46.811298649870267)
(7.0, 2.0, 48.166396513879491)
(7.0, 3.0, 49.042774334845731)
(7.0, 4.0, 48.586075735926656)
(7.0, 5.0, 50.323937167877929)
(7.0, 6.0, 51.251730670134208)
(7.0, 7.0, 49.242723658251549)
(7.0, 8.0, 53.864640267537155)
(7.0, 9.0, 52.171609006295384)
(7.0, 10.0, 49.425228091397102)
(7.0, 11.0, 51.824718959466225)
(7.0, 12.0, 48.805557124292548)
(7.0, 13.0, 46.173042833654947)
(7.0, 14.0, 49.486732758105653)
(7.0, 15.0, 49.924687016582148)
(7.0, 16.0, 47.792489607435527)
(7.0, 17.0, 47.320637081264074)
(7.0, 18.0, 50.40237135665889)
(7.0, 19.0, 49.370176462257504)
(7.0, 20.0, 52.146217234922261)
(7.0, 21.0, 48.655722599043692)
(7.0, 22.0, 49.878004116381469)
(7.0, 23.0, 49.764737243323921)
(7.0, 24.0, 48.323201389111915)
(7.0, 25.0, 43.353850404097649)
(7.0, 26.0, 51.513298379949553)
(7.0, 27.0, 50.805225765973603)
(7.0, 28.0, 52.105905506617582)
(7.0, 29.0, 50.274105105929664)
(7.0, 30.0, 49.497436687642782)
(7.0, 31.0, 46.836657287637678)
(7.0, 32.0, 52.056372067546221)
(7.0, 33.0, 49.564494379780342)
(7.0, 34.0, 48.989942964682072)
(7.0, 35.0, 48.233840619580612)
(7.0, 36.0, 47.300270576040703)
(7.0, 37.0, 48.37892777894622)
(7.0, 38.0, 49.080647020300333)
(7.0, 39.0, 48.871110118474149)
(7.0, 40.0, 44.706254640330812)
(7.0, 41.0, 50.859041093197163)
(7.0, 42.0, 46.700857341511608)
(7.0, 43.0, 48.325138849902885)
(7.0, 44.0, 48.834707336416493)
(7.0, 45.0, 51.968173920831276)
(7.0, 46.0, 43.720470398512603)
(7.0, 47.0, 46.394682294630776)
(7.0, 48.0, 49.431313835350892)
(7.0, 49.0, 49.043671738407035)
(7.0, 50.0, 48.336656522652106)
(7.0, 51.0, 45.382030509737987)
(7.0, 52.0, 48.386493283488214)
(7.0, 53.0, 51.961578895631902)
(7.0, 54.0, 46.030215368516778)
(7.0, 55.0, 49.067664660846816)
(7.0, 56.0, 48.584311937725076)
(7.0, 57.0, 45.088004494618303)
(7.0, 58.0, 52.328176208173986)
(7.0, 59.0, 50.48908790722529)
(7.0, 60.0, 51.461367225002043)
(7.0, 61.0, 47.49508674571824)
(7.0, 62.0, 47.919404095284825)
(7.0, 63.0, 47.064788547238265)
(7.0, 64.0, 51.914136445776471)
(7.0, 65.0, 49.554076246393286)
(7.0, 66.0, 48.186126628291611)
(7.0, 67.0, 44.193101515124539)
(7.0, 68.0, 51.844165843173258)
(7.0, 69.0, 48.611391375165908)
(7.0, 70.0, 47.823084171387691)
(7.0, 71.0, 51.049499738808734)
(7.0, 72.0, 48.55002073716102)
(7.0, 73.0, 49.084098396893836)
(7.0, 74.0, 49.415586427847998)
(7.0, 75.0, 49.619398403204116)
(7.0, 76.0, 49.972072145197181)
(7.0, 77.0, 48.150105466825806)
(7.0, 78.0, 52.028055815866686)
(7.0, 79.0, 47.566794397603203)
(7.0, 80.0, 54.112910657302507)
(7.0, 81.0, 49.681484826982199)
(7.0, 82.0, 50.734444239068978)
(7.0, 83.0, 48.838903630767945)
(7.0, 84.0, 49.244705343076383)
(7.0, 85.0, 44.658074479888356)
(7.0, 86.0, 48.00707711035853)
(7.0, 87.0, 50.543950192078931)
(7.0, 88.0, 45.284155975242292)
(7.0, 89.0, 53.13670011059699)
(7.0, 90.0, 48.462536184843998)
(7.0, 91.0, 45.752824239972028)
(7.0, 92.0, 52.366446765685936)
(7.0, 93.0, 49.443000313407254)
(7.0, 94.0, 53.037610690963859)
(7.0, 95.0, 50.821748418033039)
(7.0, 96.0, 52.179827403840214)
(7.0, 97.0, 54.320321518529923)
(7.0, 98.0, 53.793709759787696)
(7.0, 99.0, 51.47039002286192)
(8.0, 0.0, 46.182027785354478)
(8.0, 1.0, 47.309414649219569)
(8.0, 2.0, 49.050440432539887)
(8.0, 3.0, 46.870079985909435)
(8.0, 4.0, 50.451651544423619)
(8.0, 5.0, 50.319846996115245)
(8.0, 6.0, 51.948310005802171)
(8.0, 7.0, 49.900227544253639)
(8.0, 8.0, 54.166767232468629)
(8.0, 9.0, 53.037420463087699)
(8.0, 10.0, 47.733544641805899)
(8.0, 11.0, 52.550968651533999)
(8.0, 12.0, 48.451315742571182)
(8.0, 13.0, 46.744226219666821)
(8.0, 14.0, 46.693729520757422)
(8.0, 15.0, 49.572030889981917)
(8.0, 16.0, 52.509281175489136)
(8.0, 17.0, 44.962314049234877)
(8.0, 18.0, 50.621799628553489)
(8.0, 19.0, 49.941908001867859)
(8.0, 20.0, 51.491166995469946)
(8.0, 21.0, 47.004823023728534)
(8.0, 22.0, 47.899288452335583)
(8.0, 23.0, 49.618296869675817)
(8.0, 24.0, 47.29032552833781)
(8.0, 25.0, 43.139230397047385)
(8.0, 26.0, 48.796767894093158)
(8.0, 27.0, 48.880558997448695)
(8.0, 28.0, 50.25293745144468)
(8.0, 29.0, 48.357459096275221)
(8.0, 30.0, 48.669315267492379)
(8.0, 31.0, 47.669015144495766)
(8.0, 32.0, 51.994087502711182)
(8.0, 33.0, 50.225495944061215)
(8.0, 34.0, 47.773181310702491)
(8.0, 35.0, 50.432090819995551)
(8.0, 36.0, 46.251605373869623)
(8.0, 37.0, 46.810039024523178)
(8.0, 38.0, 46.953693450756901)
(8.0, 39.0, 45.603749274539098)
(8.0, 40.0, 47.960263875798326)
(8.0, 41.0, 50.081337553593841)
(8.0, 42.0, 46.851482816887682)
(8.0, 43.0, 50.557724374798127)
(8.0, 44.0, 49.443622095472151)
(8.0, 45.0, 50.280444571923582)
(8.0, 46.0, 43.857339130502794)
(8.0, 47.0, 46.356323620463229)
(8.0, 48.0, 46.55870304222033)
(8.0, 49.0, 47.568180784419198)
(8.0, 50.0, 47.044511329686515)
(8.0, 51.0, 45.926671488591062)
(8.0, 52.0, 47.245425625902534)
(8.0, 53.0, 51.271079370167413)
(8.0, 54.0, 46.520484648945597)
(8.0, 55.0, 49.742120635620168)
(8.0, 56.0, 49.757918714917551)
(8.0, 57.0, 44.373259964051222)
(8.0, 58.0, 48.672171831747868)
(8.0, 59.0, 48.037009118760487)
(8.0, 60.0, 50.862119273528535)
(8.0, 61.0, 47.792429570258136)
(8.0, 62.0, 49.914175345066312)
(8.0, 63.0, 47.374908433129995)
(8.0, 64.0, 50.798704970607616)
(8.0, 65.0, 47.880781891910942)
(8.0, 66.0, 47.461877929316984)
(8.0, 67.0, 44.927710094845438)
(8.0, 68.0, 52.134950829138013)
(8.0, 69.0, 46.484410549838401)
(8.0, 70.0, 47.867660281112336)
(8.0, 71.0, 49.640545947786656)
(8.0, 72.0, 49.828146876394143)
(8.0, 73.0, 46.580725655766265)
(8.0, 74.0, 48.720416688712774)
(8.0, 75.0, 48.684989117631076)
(8.0, 76.0, 50.195198254576397)
(8.0, 77.0, 49.618752737160776)
(8.0, 78.0, 49.133328836624855)
(8.0, 79.0, 47.298638612769238)
(8.0, 80.0, 51.229325718870015)
(8.0, 81.0, 53.180646168428964)
(8.0, 82.0, 47.685277131564192)
(8.0, 83.0, 51.385862586651655)
(8.0, 84.0, 46.838471268628439)
(8.0, 85.0, 46.816778327718275)
(8.0, 86.0, 50.539546516239938)
(8.0, 87.0, 47.70140160524501)
(8.0, 88.0, 46.512195831310088)
(8.0, 89.0, 51.614960946703775)
(8.0, 90.0, 50.88305626336178)
(8.0, 91.0, 44.376520195754956)
(8.0, 92.0, 50.375504552693052)
(8.0, 93.0, 48.766327861516679)
(8.0, 94.0, 47.505968929465226)
(8.0, 95.0, 48.622486855819155)
(8.0, 96.0, 50.538916399318822)
(8.0, 97.0, 51.162152121692429)
(8.0, 98.0, 52.347971804983814)
(8.0, 99.0, 51.226102103321288)
(9.0, 0.0, 47.686520098874027)
(9.0, 1.0, 46.384785892380393)
(9.0, 2.0, 48.245475234785943)
(9.0, 3.0, 46.132419508821094)
(9.0, 4.0, 50.140308631978783)
(9.0, 5.0, 46.614201726415871)
(9.0, 6.0, 50.50037004533155)
(9.0, 7.0, 50.59865750536931)
(9.0, 8.0, 50.142769648110644)
(9.0, 9.0, 51.14657528418202)
(9.0, 10.0, 48.993540411210816)
(9.0, 11.0, 52.982483737901468)
(9.0, 12.0, 47.573223558206493)
(9.0, 13.0, 48.085906469441618)
(9.0, 14.0, 46.337732153687668)
(9.0, 15.0, 50.38735548986498)
(9.0, 16.0, 47.927234959911338)
(9.0, 17.0, 46.416505062306385)
(9.0, 18.0, 49.018027593778058)
(9.0, 19.0, 49.535077630120171)
(9.0, 20.0, 50.561370455649794)
(9.0, 21.0, 45.596175276621686)
(9.0, 22.0, 47.214370383808756)
(9.0, 23.0, 49.105036853388242)
(9.0, 24.0, 46.50368242524452)
(9.0, 25.0, 43.615868804380504)
(9.0, 26.0, 48.440105222290995)
(9.0, 27.0, 46.847977963580007)
(9.0, 28.0, 48.265091718329167)
(9.0, 29.0, 47.386237949995568)
(9.0, 30.0, 49.633681441741714)
(9.0, 31.0, 46.610022327998173)
(9.0, 32.0, 49.979931254397158)
(9.0, 33.0, 50.0500317527287)
(9.0, 34.0, 48.973015821256155)
(9.0, 35.0, 48.002146904080952)
(9.0, 36.0, 46.778760427425198)
(9.0, 37.0, 44.864730650236233)
(9.0, 38.0, 48.338046124952314)
(9.0, 39.0, 47.290700618360788)
(9.0, 40.0, 44.718417922238629)
(9.0, 41.0, 50.29483163969838)
(9.0, 42.0, 48.314605798497347)
(9.0, 43.0, 45.266471386643929)
(9.0, 44.0, 47.676659196565893)
(9.0, 45.0, 50.081345865890981)
(9.0, 46.0, 44.827118393857198)
(9.0, 47.0, 46.397694331548266)
(9.0, 48.0, 49.374891084799032)
(9.0, 49.0, 48.912124514640794)
(9.0, 50.0, 44.085733639287582)
(9.0, 51.0, 45.597047400041447)
(9.0, 52.0, 47.737392372099158)
(9.0, 53.0, 50.566619568371792)
(9.0, 54.0, 45.412245774911696)
(9.0, 55.0, 50.340501824897004)
(9.0, 56.0, 48.436634677946103)
(9.0, 57.0, 44.59064020091418)
(9.0, 58.0, 48.538081880746986)
(9.0, 59.0, 48.84108287068419)
(9.0, 60.0, 47.750088914214004)
(9.0, 61.0, 47.864356427670913)
(9.0, 62.0, 46.354766484901049)
(9.0, 63.0, 44.236419741086053)
(9.0, 64.0, 48.103110162629974)
(9.0, 65.0, 48.596483495113148)
(9.0, 66.0, 46.501845500811399)
(9.0, 67.0, 45.009539549102797)
(9.0, 68.0, 50.317469260933684)
(9.0, 69.0, 48.557081102233553)
(9.0, 70.0, 45.134777356682342)
(9.0, 71.0, 49.577247041121382)
(9.0, 72.0, 47.821894476954284)
(9.0, 73.0, 49.477308170912991)
(9.0, 74.0, 47.082091684950342)
(9.0, 75.0, 49.230093928245211)
(9.0, 76.0, 49.940590902715869)
(9.0, 77.0, 47.045088295127186)
(9.0, 78.0, 50.495782825926)
(9.0, 79.0, 46.953290477251052)
(9.0, 80.0, 51.97944970844641)
(9.0, 81.0, 50.697048175364984)
(9.0, 82.0, 48.923719243631311)
(9.0, 83.0, 49.856289560367244)
(9.0, 84.0, 45.559877766710699)
(9.0, 85.0, 46.749810580538451)
(9.0, 86.0, 46.472992311395373)
(9.0, 87.0, 47.09602215419568)
(9.0, 88.0, 43.477897040984352)
(9.0, 89.0, 51.412935286384936)
(9.0, 90.0, 47.134635319652148)
(9.0, 91.0, 44.512539501708233)
(9.0, 92.0, 48.56592339475975)
(9.0, 93.0, 50.786119549946413)
(9.0, 94.0, 49.45134687666247)
(9.0, 95.0, 49.468547248078963)
(9.0, 96.0, 51.277601764515474)
(9.0, 97.0, 49.370173975885464)
(9.0, 98.0, 52.144041962663294)
(9.0, 99.0, 49.7826309792449)
(10.0, 0.0, 48.573244178705295)
(10.0, 1.0, 47.507851896630413)
(10.0, 2.0, 47.243262909770635)
(10.0, 3.0, 47.21023474935869)
(10.0, 4.0, 49.999849096210099)
(10.0, 5.0, 50.581837244569357)
(10.0, 6.0, 50.071345392175957)
(10.0, 7.0, 49.19585430892873)
(10.0, 8.0, 52.697633349837432)
(10.0, 9.0, 53.58491052187366)
(10.0, 10.0, 49.795086691185205)
(10.0, 11.0, 51.91282902881936)
(10.0, 12.0, 50.469835347893003)
(10.0, 13.0, 48.005839083898522)
(10.0, 14.0, 47.902159888432955)
(10.0, 15.0, 49.928416017626155)
(10.0, 16.0, 49.5336610820532)
(10.0, 17.0, 46.694186004609847)
(10.0, 18.0, 49.878529522809195)
(10.0, 19.0, 48.170626490071356)
(10.0, 20.0, 54.23702072801224)
(10.0, 21.0, 48.355808087262211)
(10.0, 22.0, 45.987191137863995)
(10.0, 23.0, 50.87823148992274)
(10.0, 24.0, 45.930175828139404)
(10.0, 25.0, 44.168988639207249)
(10.0, 26.0, 48.89330353430401)
(10.0, 27.0, 50.758614294158015)
(10.0, 28.0, 49.68263143912236)
(10.0, 29.0, 49.760326986878269)
(10.0, 30.0, 47.121295251354468)
(10.0, 31.0, 48.153263431496015)
(10.0, 32.0, 53.14842179067351)
(10.0, 33.0, 50.690096410061159)
(10.0, 34.0, 48.582820338167849)
(10.0, 35.0, 51.367315575181969)
(10.0, 36.0, 48.919475348767051)
(10.0, 37.0, 48.070653897938854)
(10.0, 38.0, 46.571978067661796)
(10.0, 39.0, 47.0823984454629)
(10.0, 40.0, 46.404926340506634)
(10.0, 41.0, 50.220430188966006)
(10.0, 42.0, 46.116659097395925)
(10.0, 43.0, 48.706357836150531)
(10.0, 44.0, 50.011760903618054)
(10.0, 45.0, 50.467737026473401)
(10.0, 46.0, 47.106719867213855)
(10.0, 47.0, 45.459716424048594)
(10.0, 48.0, 48.371447046960313)
(10.0, 49.0, 47.14244742710882)
(10.0, 50.0, 46.975425606692127)
(10.0, 51.0, 48.00124631527143)
(10.0, 52.0, 50.254827913029771)
(10.0, 53.0, 49.750278726366176)
(10.0, 54.0, 46.31826073350355)
(10.0, 55.0, 49.86741918280449)
(10.0, 56.0, 51.487835808723091)
(10.0, 57.0, 45.378301394114885)
(10.0, 58.0, 50.631346330802927)
(10.0, 59.0, 50.782265669578763)
(10.0, 60.0, 51.879695692101464)
(10.0, 61.0, 48.833161790923299)
(10.0, 62.0, 50.004384203618443)
(10.0, 63.0, 44.911278025724798)
(10.0, 64.0, 50.937310842660352)
(10.0, 65.0, 49.398358453388084)
(10.0, 66.0, 47.641327224744273)
(10.0, 67.0, 44.760081811577002)
(10.0, 68.0, 50.454903109008065)
(10.0, 69.0, 48.009278448974214)
(10.0, 70.0, 48.189187346805596)
(10.0, 71.0, 49.245891538421496)
(10.0, 72.0, 48.612692653149495)
(10.0, 73.0, 50.819127334627439)
(10.0, 74.0, 46.901017756230274)
(10.0, 75.0, 48.308418678960258)
(10.0, 76.0, 50.597983914273357)
(10.0, 77.0, 45.808168322179725)
(10.0, 78.0, 50.536512069610723)
(10.0, 79.0, 47.432279909973957)
(10.0, 80.0, 52.168872325968174)
(10.0, 81.0, 49.969022870885183)
(10.0, 82.0, 51.937079397694205)
(10.0, 83.0, 49.684336273176243)
(10.0, 84.0, 46.305346295218413)
(10.0, 85.0, 44.699551029336817)
(10.0, 86.0, 45.48784490053449)
(10.0, 87.0, 50.077858860535258)
(10.0, 88.0, 47.599355222075971)
(10.0, 89.0, 53.380125586438609)
(10.0, 90.0, 48.631889052081732)
(10.0, 91.0, 44.646646210652058)
(10.0, 92.0, 50.336912433630857)
(10.0, 93.0, 51.213517799350541)
(10.0, 94.0, 50.898305920997913)
(10.0, 95.0, 49.584451756974786)
(10.0, 96.0, 51.868059515107149)
(10.0, 97.0, 50.294352037075541)
(10.0, 98.0, 53.140849387615447)
(10.0, 99.0, 50.856217369437019)
(11.0, 0.0, 49.749475804790706)
(11.0, 1.0, 49.905041402758982)
(11.0, 2.0, 50.499039186738855)
(11.0, 3.0, 52.094410638733756)
(11.0, 4.0, 50.775347232736131)
(11.0, 5.0, 52.774172793604755)
(11.0, 6.0, 53.512414443929885)
(11.0, 7.0, 51.430545855787102)
(11.0, 8.0, 54.462186378383919)
(11.0, 9.0, 54.485018753844031)
(11.0, 10.0, 50.880407314385792)
(11.0, 11.0, 54.215242648933206)
(11.0, 12.0, 51.859169136295385)
(11.0, 13.0, 49.1567236174523)
(11.0, 14.0, 52.973420003723447)
(11.0, 15.0, 52.077683076656861)
(11.0, 16.0, 51.801324161128306)
(11.0, 17.0, 49.612702673951759)
(11.0, 18.0, 52.655882709576957)
(11.0, 19.0, 53.47917897077317)
(11.0, 20.0, 56.679952693251266)
(11.0, 21.0, 49.235798932164059)
(11.0, 22.0, 51.385990951027594)
(11.0, 23.0, 52.175209785564832)
(11.0, 24.0, 49.609177157700074)
(11.0, 25.0, 44.380508131664065)
(11.0, 26.0, 54.423728726864667)
(11.0, 27.0, 50.832509530813709)
(11.0, 28.0, 53.617309340451385)
(11.0, 29.0, 52.028796552848682)
(11.0, 30.0, 49.556759753219417)
(11.0, 31.0, 50.733138085608957)
(11.0, 32.0, 56.084452756987048)
(11.0, 33.0, 52.776876794432226)
(11.0, 34.0, 53.33941926981899)
(11.0, 35.0, 52.13440126329683)
(11.0, 36.0, 50.646567675733621)
(11.0, 37.0, 49.450056443217179)
(11.0, 38.0, 50.216159745414117)
(11.0, 39.0, 51.439025095947287)
(11.0, 40.0, 51.348997528154761)
(11.0, 41.0, 53.540134648187745)
(11.0, 42.0, 51.508754673222001)
(11.0, 43.0, 52.394227913885018)
(11.0, 44.0, 53.289943467299558)
(11.0, 45.0, 53.762137058671975)
(11.0, 46.0, 48.655200187272868)
(11.0, 47.0, 48.87504738770437)
(11.0, 48.0, 50.803582251690628)
(11.0, 49.0, 50.737798759272671)
(11.0, 50.0, 50.976187538236523)
(11.0, 51.0, 47.733276947075211)
(11.0, 52.0, 50.896310394754344)
(11.0, 53.0, 52.507595349900654)
(11.0, 54.0, 48.65940995081845)
(11.0, 55.0, 52.596447285303881)
(11.0, 56.0, 51.745409275763166)
(11.0, 57.0, 47.329023131602384)
(11.0, 58.0, 51.856488616577067)
(11.0, 59.0, 52.431067104336009)
(11.0, 60.0, 52.572682872669674)
(11.0, 61.0, 50.506572276232589)
(11.0, 62.0, 53.285633763200678)
(11.0, 63.0, 49.882291714722562)
(11.0, 64.0, 55.312440738433821)
(11.0, 65.0, 53.605320583619353)
(11.0, 66.0, 50.127411989666015)
(11.0, 67.0, 45.502141261155565)
(11.0, 68.0, 55.530239157692705)
(11.0, 69.0, 47.629786747415224)
(11.0, 70.0, 49.190791036579341)
(11.0, 71.0, 53.794539286607389)
(11.0, 72.0, 50.895779264061503)
(11.0, 73.0, 51.258084771778798)
(11.0, 74.0, 50.227690021393158)
(11.0, 75.0, 53.001259029439744)
(11.0, 76.0, 53.950176626841838)
(11.0, 77.0, 48.420210667554933)
(11.0, 78.0, 53.557984995867841)
(11.0, 79.0, 48.713833455469782)
(11.0, 80.0, 55.710742782133842)
(11.0, 81.0, 53.092295508529915)
(11.0, 82.0, 52.378665848917464)
(11.0, 83.0, 52.171784562274922)
(11.0, 84.0, 48.318406394552866)
(11.0, 85.0, 49.422353268822341)
(11.0, 86.0, 50.069052609496737)
(11.0, 87.0, 50.207164507785606)
(11.0, 88.0, 48.095551636138815)
(11.0, 89.0, 58.154313184731137)
(11.0, 90.0, 50.434371988578555)
(11.0, 91.0, 47.159589735574833)
(11.0, 92.0, 51.264506466321265)
(11.0, 93.0, 52.85253003195313)
(11.0, 94.0, 53.291586634626839)
(11.0, 95.0, 52.266628642483326)
(11.0, 96.0, 54.98369949859152)
(11.0, 97.0, 51.539541445182422)
(11.0, 98.0, 54.950790001186597)
(11.0, 99.0, 55.705920590164354)
(12.0, 0.0, 47.264855413101174)
(12.0, 1.0, 47.893853475477115)
(12.0, 2.0, 48.398580825930942)
(12.0, 3.0, 51.958473430007061)
(12.0, 4.0, 49.827364246783446)
(12.0, 5.0, 49.322552600109944)
(12.0, 6.0, 53.889223179030822)
(12.0, 7.0, 51.61210288720234)
(12.0, 8.0, 55.29655916672705)
(12.0, 9.0, 55.418259837455921)
(12.0, 10.0, 51.243460070568986)
(12.0, 11.0, 52.192611201487736)
(12.0, 12.0, 51.451051849411556)
(12.0, 13.0, 47.306996064992063)
(12.0, 14.0, 48.562244558593818)
(12.0, 15.0, 49.627031279881678)
(12.0, 16.0, 50.574822352744306)
(12.0, 17.0, 46.392406201338801)
(12.0, 18.0, 51.02142357216897)
(12.0, 19.0, 51.079004624340932)
(12.0, 20.0, 53.16235916784288)
(12.0, 21.0, 47.964200534279215)
(12.0, 22.0, 47.87510153784023)
(12.0, 23.0, 51.453441141054356)
(12.0, 24.0, 50.567531821463248)
(12.0, 25.0, 46.107574884006461)
(12.0, 26.0, 51.785764668823525)
(12.0, 27.0, 50.64328767678807)
(12.0, 28.0, 52.551046392624286)
(12.0, 29.0, 50.086333392256172)
(12.0, 30.0, 49.223759397008166)
(12.0, 31.0, 48.30313638923208)
(12.0, 32.0, 57.074523181220769)
(12.0, 33.0, 52.262798372878848)
(12.0, 34.0, 48.46140661138854)
(12.0, 35.0, 48.613704029887828)
(12.0, 36.0, 50.999873081066482)
(12.0, 37.0, 49.377699922284663)
(12.0, 38.0, 51.526844370122973)
(12.0, 39.0, 48.667612232289116)
(12.0, 40.0, 46.571940773849335)
(12.0, 41.0, 51.821734110072505)
(12.0, 42.0, 48.428209167112868)
(12.0, 43.0, 49.548151516693281)
(12.0, 44.0, 48.685064751872375)
(12.0, 45.0, 51.421147419188642)
