(0.0, 0.0, 50.769019821476007)
(0.0, 1.0, 48.066696063702523)
(0.0, 2.0, 47.132166015490824)
(0.0, 3.0, 50.514846302415748)
(0.0, 4.0, 52.484220436289313)
(0.0, 5.0, 52.706643662292571)
(0.0, 6.0, 51.997085226134203)
(0.0, 7.0, 51.753655090043608)
(0.0, 8.0, 53.347043993519542)
(0.0, 9.0, 56.292977623627081)
(0.0, 10.0, 49.57835524860517)
(0.0, 11.0, 52.448826244139951)
(0.0, 12.0, 50.437974384032827)
(0.0, 13.0, 50.0109449341291)
(0.0, 14.0, 47.976629026222341)
(0.0, 15.0, 52.216502177553529)
(0.0, 16.0, 50.945889000241522)
(0.0, 17.0, 48.655901790320783)
(0.0, 18.0, 53.560169069148998)
(0.0, 19.0, 50.610913483531704)
(0.0, 20.0, 54.390133864386293)
(0.0, 21.0, 50.057906235940024)
(0.0, 22.0, 48.802016757698638)
(0.0, 23.0, 50.157176584716261)
(0.0, 24.0, 50.530934575324011)
(0.0, 25.0, 45.79583021039214)
(0.0, 26.0, 54.148521168829092)
(0.0, 27.0, 51.848737223137363)
(0.0, 28.0, 53.62722165419558)
(0.0, 29.0, 49.97925096143765)
(0.0, 30.0, 50.671604807679735)
(0.0, 31.0, 49.34863487214443)
(0.0, 32.0, 55.336414356774263)
(0.0, 33.0, 52.657717700335212)
(0.0, 34.0, 52.592607157401119)
(0.0, 35.0, 49.97294713640779)
(0.0, 36.0, 50.405694641519425)
(0.0, 37.0, 48.799269325822742)
(0.0, 38.0, 50.185888110258333)
(0.0, 39.0, 51.063188118601815)
(0.0, 40.0, 48.964882491724751)
(0.0, 41.0, 52.014552179706605)
(0.0, 42.0, 49.221706163712966)
(0.0, 43.0, 49.894992418093842)
(0.0, 44.0, 49.200627543035282)
(0.0, 45.0, 53.307045228600131)
(0.0, 46.0, 44.667138901720428)
(0.0, 47.0, 50.306003583445239)
(0.0, 48.0, 49.738245169705507)
(0.0, 49.0, 47.650440934210529)
(0.0, 50.0, 47.654597472612366)
(0.0, 51.0, 49.422744244808648)
(0.0, 52.0, 50.271359398901708)
(0.0, 53.0, 53.660060366140613)
(0.0, 54.0, 44.908611437251174)
(0.0, 55.0, 50.584917551678359)
(0.0, 56.0, 50.137120937584818)
(0.0, 57.0, 45.169362700543815)
(0.0, 58.0, 52.752647029717352)
(0.0, 59.0, 51.713746784338319)
(0.0, 60.0, 52.595611441016274)
(0.0, 61.0, 49.335869422968202)
(0.0, 62.0, 50.303444073161657)
(0.0, 63.0, 46.211495884858635)
(0.0, 64.0, 51.422861034149221)
(0.0, 65.0, 49.94772503263583)
(0.0, 66.0, 48.829151917376798)
(0.0, 67.0, 47.561698522606378)
(0.0, 68.0, 53.89907288262792)
(0.0, 69.0, 52.172556227333203)
(0.0, 70.0, 50.305643933423923)
(0.0, 71.0, 52.515436432587293)
(0.0, 72.0, 52.066609025193458)
(0.0, 73.0, 50.232439245442251)
(0.0, 74.0, 49.13909150643039)
(0.0, 75.0, 51.677001700536181)
(0.0, 76.0, 52.049228182133234)
(0.0, 77.0, 49.802025940300751)
(0.0, 78.0, 49.67082112908686)
(0.0, 79.0, 48.442756317232494)
(0.0, 80.0, 56.031897703393057)
(0.0, 81.0, 53.403757264333436)
(0.0, 82.0, 50.392172697532111)
(0.0, 83.0, 51.933234383448294)
(0.0, 84.0, 48.922797345471565)
(0.0, 85.0, 47.164233270628657)
(0.0, 86.0, 50.047354299776345)
(0.0, 87.0, 50.995117197605438)
(0.0, 88.0, 46.102078499010432)
(0.0, 89.0, 54.792722369083577)
(0.0, 90.0, 48.92088682004141)
(0.0, 91.0, 45.332080632943899)
(0.0, 92.0, 51.01672781749992)
(0.0, 93.0, 53.48572782080393)
(0.0, 94.0, 51.973860712739949)
(0.0, 95.0, 50.058098747327982)
(0.0, 96.0, 51.376616753242722)
(0.0, 97.0, 53.654102791273388)
(0.0, 98.0, 55.136012653626388)
(0.0, 99.0, 52.413523635195865)
(1.0, 0.0, 53.851470969285835)
(1.0, 1.0, 51.809685455635176)
(1.0, 2.0, 50.829762579471556)
(1.0, 3.0, 50.930141811601644)
(1.0, 4.0, 52.224283198445022)
(1.0, 5.0, 53.682269412693188)
(1.0, 6.0, 52.243723961159816)
(1.0, 7.0, 51.415415296219223)
(1.0, 8.0, 54.25533109019446)
(1.0, 9.0, 54.463525587274432)
(1.0, 10.0, 50.981902044172429)
(1.0, 11.0, 53.10482404043178)
(1.0, 12.0, 50.821394078210659)
(1.0, 13.0, 49.561475870541877)
(1.0, 14.0, 50.049956693261862)
(1.0, 15.0, 52.845280981135176)
(1.0, 16.0, 51.474324542912207)
(1.0, 17.0, 49.682007773227049)
(1.0, 18.0, 52.56461289432329)
(1.0, 19.0, 52.388655904837137)
(1.0, 20.0, 55.365327352726609)
(1.0, 21.0, 49.457687704725927)
(1.0, 22.0, 51.237018985676656)
(1.0, 23.0, 52.227348021403202)
(1.0, 24.0, 49.600132307947028)
(1.0, 25.0, 46.485526836699862)
(1.0, 26.0, 53.60931715825653)
(1.0, 27.0, 49.7406569223388)
(1.0, 28.0, 53.312393845430229)
(1.0, 29.0, 51.210926168383281)
(1.0, 30.0, 50.746547880993717)
(1.0, 31.0, 48.746048244673901)
(1.0, 32.0, 56.06167565675014)
(1.0, 33.0, 51.356515074809309)
(1.0, 34.0, 52.347967388717223)
(1.0, 35.0, 53.829652811938047)
(1.0, 36.0, 50.301371062079454)
(1.0, 37.0, 48.496973995026721)
(1.0, 38.0, 50.50096322555622)
(1.0, 39.0, 49.11596151403684)
(1.0, 40.0, 48.491955666314226)
(1.0, 41.0, 53.167691158657277)
(1.0, 42.0, 48.515610955116301)
(1.0, 43.0, 51.918008000423441)
(1.0, 44.0, 52.135076412279403)
(1.0, 45.0, 53.526432130730555)
(1.0, 46.0, 49.501135243227978)
(1.0, 47.0, 49.184158810091233)
(1.0, 48.0, 51.519086406195996)
(1.0, 49.0, 50.713419658551729)
(1.0, 50.0, 48.44708480576913)
(1.0, 51.0, 48.070981223569049)
(1.0, 52.0, 49.178251225744873)
(1.0, 53.0, 52.70830298584373)
(1.0, 54.0, 49.382212701714792)
(1.0, 55.0, 52.390277777851907)
(1.0, 56.0, 50.984959779490964)
(1.0, 57.0, 46.639565854947534)
(1.0, 58.0, 54.305271307323849)
(1.0, 59.0, 51.295242901747059)
(1.0, 60.0, 52.735038978636879)
(1.0, 61.0, 49.499486299208087)
(1.0, 62.0, 51.129499485071761)
(1.0, 63.0, 49.498203806840039)
(1.0, 64.0, 52.584202437538153)
(1.0, 65.0, 53.015850787189471)
(1.0, 66.0, 47.958331665021852)
(1.0, 67.0, 47.944802682957118)
(1.0, 68.0, 54.825230698031007)
(1.0, 69.0, 53.052057819395749)
(1.0, 70.0, 53.551318467813779)
(1.0, 71.0, 55.518418207661256)
(1.0, 72.0, 51.167606607617188)
(1.0, 73.0, 51.284327080073538)
(1.0, 74.0, 49.162175204995663)
(1.0, 75.0, 51.539818199457955)
(1.0, 76.0, 53.21958258221764)
(1.0, 77.0, 50.182344453936366)
(1.0, 78.0, 53.985981771903667)
(1.0, 79.0, 49.419085676904956)
(1.0, 80.0, 54.802317641705983)
(1.0, 81.0, 55.416944037836757)
(1.0, 82.0, 52.506977331512616)
(1.0, 83.0, 53.007830402821845)
(1.0, 84.0, 48.54853627858526)
(1.0, 85.0, 48.158277875599168)
(1.0, 86.0, 51.073488592515901)
(1.0, 87.0, 52.135231726588486)
(1.0, 88.0, 50.179539928839944)
(1.0, 89.0, 55.002834447790619)
(1.0, 90.0, 50.009565341602467)
(1.0, 91.0, 48.449414149439974)
(1.0, 92.0, 55.724269725864573)
(1.0, 93.0, 52.068851253509749)
(1.0, 94.0, 51.998172059116804)
(1.0, 95.0, 51.324893642080959)
(1.0, 96.0, 53.126225467605693)
(1.0, 97.0, 54.254503713883686)
(1.0, 98.0, 54.481618008834943)
(1.0, 99.0, 55.647737645981294)
(2.0, 0.0, 50.063504800703804)
(2.0, 1.0, 47.852113558874336)
(2.0, 2.0, 51.678794848840198)
(2.0, 3.0, 49.836772374099063)
(2.0, 4.0, 49.062273492860093)
(2.0, 5.0, 49.153052791956753)
(2.0, 6.0, 54.442950154505056)
(2.0, 7.0, 52.156135113610389)
(2.0, 8.0, 55.280669816794529)
(2.0, 9.0, 56.435757625537505)
(2.0, 10.0, 49.362388687990048)
(2.0, 11.0, 53.430262863070205)
(2.0, 12.0, 53.307329676266647)
(2.0, 13.0, 49.645028891305444)
(2.0, 14.0, 48.13363460830449)
(2.0, 15.0, 53.174695791016482)
(2.0, 16.0, 53.389840287847861)
(2.0, 17.0, 50.706640552697664)
(2.0, 18.0, 53.859454024334106)
(2.0, 19.0, 53.255651892777195)
(2.0, 20.0, 53.45508989026019)
(2.0, 21.0, 50.740143804533261)
(2.0, 22.0, 50.002415601450735)
(2.0, 23.0, 51.405817791161745)
(2.0, 24.0, 49.989936550450452)
(2.0, 25.0, 49.09114468762435)
(2.0, 26.0, 54.210909368088409)
(2.0, 27.0, 50.372940873076409)
(2.0, 28.0, 52.915888111559198)
(2.0, 29.0, 51.962478175038171)
(2.0, 30.0, 48.483875565722222)
(2.0, 31.0, 51.0588456031494)
(2.0, 32.0, 56.533606817616032)
(2.0, 33.0, 51.638349649472978)
(2.0, 34.0, 49.760149959210622)
(2.0, 35.0, 49.739663582327054)
(2.0, 36.0, 51.542138966002867)
(2.0, 37.0, 48.685588637274861)
(2.0, 38.0, 49.321125752586681)
(2.0, 39.0, 51.159757405629321)
(2.0, 40.0, 50.124256357459402)
(2.0, 41.0, 55.726545365726892)
(2.0, 42.0, 49.166535952477098)
(2.0, 43.0, 49.694650322274548)
(2.0, 44.0, 51.888098066929182)
(2.0, 45.0, 53.016421067494143)
(2.0, 46.0, 46.899283603829701)
(2.0, 47.0, 49.358387344696347)
(2.0, 48.0, 51.056275603320195)
(2.0, 49.0, 50.118787024599207)
(2.0, 50.0, 47.450748050650176)
(2.0, 51.0, 50.573603695588673)
(2.0, 52.0, 50.057414142586325)
(2.0, 53.0, 54.960463081577203)
(2.0, 54.0, 49.519633233768978)
(2.0, 55.0, 52.41457690762109)
(2.0, 56.0, 51.191418630579861)
(2.0, 57.0, 47.203530754732824)
(2.0, 58.0, 51.075184540990534)
(2.0, 59.0, 51.545885099934452)
(2.0, 60.0, 54.543871945050547)
(2.0, 61.0, 50.569735798276596)
(2.0, 62.0, 51.886749500678306)
(2.0, 63.0, 47.430324131450448)
(2.0, 64.0, 53.737212875396821)
(2.0, 65.0, 52.422464150760497)
(2.0, 66.0, 48.874426419037)
(2.0, 67.0, 46.951422068557406)
(2.0, 68.0, 54.045361278248151)
(2.0, 69.0, 52.347198471196641)
(2.0, 70.0, 53.469459839887591)
(2.0, 71.0, 53.968303842197329)
(2.0, 72.0, 53.848032533129796)
(2.0, 73.0, 53.624497347908459)
(2.0, 74.0, 50.800206045479655)
(2.0, 75.0, 51.744789413020086)
(2.0, 76.0, 54.661952926426132)
(2.0, 77.0, 50.59907667503294)
(2.0, 78.0, 51.30432694367456)
(2.0, 79.0, 48.878336027994322)
(2.0, 80.0, 54.553432850091696)
(2.0, 81.0, 53.315291055225309)
(2.0, 82.0, 50.653354321437256)
(2.0, 83.0, 52.934396703402406)
(2.0, 84.0, 51.083094993839268)
(2.0, 85.0, 47.233636478203252)
(2.0, 86.0, 52.236393359388003)
(2.0, 87.0, 53.768671954434339)
(2.0, 88.0, 49.014184606638835)
(2.0, 89.0, 56.365896074056337)
(2.0, 90.0, 50.969473270588885)
(2.0, 91.0, 48.893117438586216)
(2.0, 92.0, 53.443939981308311)
(2.0, 93.0, 53.620242265171001)
(2.0, 94.0, 53.229236805749395)
(2.0, 95.0, 50.725333424790811)
(2.0, 96.0, 53.121842822165974)
(2.0, 97.0, 52.504726627459895)
(2.0, 98.0, 55.71729759536607)
(2.0, 99.0, 53.698095170508907)
(3.0, 0.0, 44.06130633043135)
(3.0, 1.0, 46.680615072282734)
(3.0, 2.0, 46.178806962154077)
(3.0, 3.0, 46.210811334599093)
(3.0, 4.0, 48.699589446703776)
(3.0, 5.0, 48.736678055516641)
(3.0, 6.0, 51.378213721734738)
(3.0, 7.0, 50.796164011420366)
(3.0, 8.0, 51.139668613154221)
(3.0, 9.0, 51.872517139779532)
(3.0, 10.0, 46.055420558073436)
(3.0, 11.0, 54.101975427921026)
(3.0, 12.0, 47.320449777877222)
(3.0, 13.0, 45.988437353852994)
(3.0, 14.0, 45.60592337942731)
(3.0, 15.0, 48.870513563193605)
(3.0, 16.0, 48.552558210323809)
(3.0, 17.0, 46.911945555201441)
(3.0, 18.0, 49.246158167275283)
(3.0, 19.0, 47.546690262837146)
(3.0, 20.0, 51.751113130164818)
(3.0, 21.0, 46.895956768529011)
(3.0, 22.0, 46.871969665919764)
(3.0, 23.0, 49.761888977592463)
(3.0, 24.0, 49.122317773643815)
(3.0, 25.0, 43.368997986704088)
(3.0, 26.0, 50.305314535201219)
(3.0, 27.0, 46.985797442968902)
(3.0, 28.0, 49.97358468348996)
(3.0, 29.0, 48.998485577979942)
(3.0, 30.0, 44.732796477093743)
(3.0, 31.0, 47.453336215749587)
(3.0, 32.0, 52.598117345740221)
(3.0, 33.0, 50.609160539470409)
(3.0, 34.0, 48.775807790691246)
(3.0, 35.0, 48.220694980899481)
(3.0, 36.0, 47.146342352265997)
(3.0, 37.0, 45.859030798866925)
(3.0, 38.0, 49.224138541270655)
(3.0, 39.0, 47.725528520638797)
(3.0, 40.0, 46.599242030127115)
(3.0, 41.0, 50.484092116043236)
(3.0, 42.0, 47.22944791726151)
(3.0, 43.0, 49.833520003557595)
(3.0, 44.0, 51.290367064319284)
(3.0, 45.0, 50.722413821295177)
(3.0, 46.0, 46.124631314382938)
(3.0, 47.0, 47.686592964803346)
(3.0, 48.0, 47.646895622234759)
(3.0, 49.0, 45.070190797300867)
(3.0, 50.0, 46.811365147039936)
(3.0, 51.0, 44.620259354666587)
(3.0, 52.0, 48.175495773665816)
(3.0, 53.0, 50.548862505645538)
(3.0, 54.0, 45.220493276563353)
(3.0, 55.0, 50.167425944305684)
(3.0, 56.0, 49.886356443161581)
(3.0, 57.0, 43.580016888337155)
(3.0, 58.0, 47.425862081173953)
(3.0, 59.0, 47.174106689198538)
(3.0, 60.0, 51.377907093305204)
(3.0, 61.0, 47.800717953642646)
(3.0, 62.0, 47.152861518769299)
(3.0, 63.0, 45.789697056928894)
(3.0, 64.0, 49.594954221610088)
(3.0, 65.0, 51.728330111812483)
(3.0, 66.0, 47.730700767948257)
(3.0, 67.0, 44.533883508088465)
(3.0, 68.0, 49.700923675172078)
(3.0, 69.0, 48.418017373947357)
(3.0, 70.0, 47.775505051847254)
(3.0, 71.0, 49.309790956518732)
(3.0, 72.0, 50.362210989832761)
(3.0, 73.0, 48.734611464506642)
(3.0, 74.0, 46.514995598601708)
(3.0, 75.0, 49.596318155276336)
(3.0, 76.0, 49.314564409601786)
(3.0, 77.0, 47.968745929262255)
(3.0, 78.0, 47.608576983222449)
(3.0, 79.0, 44.692005135349532)
(3.0, 80.0, 51.875199246848297)
(3.0, 81.0, 49.936881301998994)
(3.0, 82.0, 49.306613494717162)
(3.0, 83.0, 50.350581354741905)
(3.0, 84.0, 47.211282209382226)
(3.0, 85.0, 46.831886655218199)
(3.0, 86.0, 47.477214428651578)
(3.0, 87.0, 47.930421475736836)
(3.0, 88.0, 44.526086467328554)
(3.0, 89.0, 51.336939055108481)
(3.0, 90.0, 48.678490389824901)
(3.0, 91.0, 41.992251175773418)
(3.0, 92.0, 50.879858196657182)
(3.0, 93.0, 49.31924075211068)
(3.0, 94.0, 48.578462380356079)
(3.0, 95.0, 51.845502820682256)
(3.0, 96.0, 50.298395748620806)
(3.0, 97.0, 51.189910276789419)
(3.0, 98.0, 51.655116441221935)
(3.0, 99.0, 51.261166740665459)
(4.0, 0.0, 49.781249222318763)
(4.0, 1.0, 47.338105766109457)
(4.0, 2.0, 48.066613734215444)
(4.0, 3.0, 50.971128410814629)
(4.0, 4.0, 50.888213837080713)
(4.0, 5.0, 50.141109308379235)
(4.0, 6.0, 52.109741814261383)
(4.0, 7.0, 50.565947116474163)
(4.0, 8.0, 55.490174128734608)
(4.0, 9.0, 53.809925456064192)
(4.0, 10.0, 48.659867571882174)
(4.0, 11.0, 53.138924102033698)
(4.0, 12.0, 51.916982034529177)
(4.0, 13.0, 45.935299643568626)
(4.0, 14.0, 49.96254606812272)
(4.0, 15.0, 53.186863000578271)
(4.0, 16.0, 50.406013823625372)
(4.0, 17.0, 48.705585490644566)
(4.0, 18.0, 50.700203962564593)
(4.0, 19.0, 50.573002371316235)
(4.0, 20.0, 53.936211934511178)
(4.0, 21.0, 48.150110980451295)
(4.0, 22.0, 50.456850794248638)
(4.0, 23.0, 50.804002221051306)
(4.0, 24.0, 47.373953428037389)
(4.0, 25.0, 45.766608493906588)
(4.0, 26.0, 54.416936490740255)
(4.0, 27.0, 49.169846990495863)
(4.0, 28.0, 52.771105646429305)
(4.0, 29.0, 51.029350533505195)
(4.0, 30.0, 50.631034628625123)
(4.0, 31.0, 49.137071730635505)
(4.0, 32.0, 53.633175609806017)
(4.0, 33.0, 52.651897091467553)
(4.0, 34.0, 50.906402776826113)
(4.0, 35.0, 50.566773954726131)
(4.0, 36.0, 51.682004130920248)
(4.0, 37.0, 46.993973225448222)
(4.0, 38.0, 48.513246484332953)
(4.0, 39.0, 50.554237065576643)
(4.0, 40.0, 47.419090268024874)
(4.0, 41.0, 51.6485440040003)
(4.0, 42.0, 48.273879215254539)
(4.0, 43.0, 49.221674934250899)
(4.0, 44.0, 51.387313089693507)
(4.0, 45.0, 51.872889108070574)
(4.0, 46.0, 47.084190936694228)
(4.0, 47.0, 47.219281678306501)
(4.0, 48.0, 49.241478220502863)
(4.0, 49.0, 49.549275584062329)
(4.0, 50.0, 48.069386392103787)
(4.0, 51.0, 48.607814797082767)
(4.0, 52.0, 51.094895621119562)
(4.0, 53.0, 54.469023432042619)
(4.0, 54.0, 48.608843561110191)
(4.0, 55.0, 52.476889180676935)
(4.0, 56.0, 49.495492547805)
(4.0, 57.0, 46.907182678502991)
(4.0, 58.0, 50.773246162147132)
(4.0, 59.0, 50.975619256320485)
(4.0, 60.0, 50.93168775842453)
(4.0, 61.0, 50.112846639138041)
(4.0, 62.0, 49.408206777329383)
(4.0, 63.0, 47.627176491608552)
(4.0, 64.0, 50.678834418355095)
(4.0, 65.0, 50.300512590945374)
(4.0, 66.0, 49.365171112980548)
(4.0, 67.0, 47.233748026169685)
(4.0, 68.0, 51.857374223430675)
(4.0, 69.0, 49.878255960724431)
(4.0, 70.0, 48.432235417961053)
(4.0, 71.0, 54.135618353043739)
(4.0, 72.0, 51.539929747326511)
(4.0, 73.0, 49.31711821025003)
(4.0, 74.0, 49.817256248016641)
(4.0, 75.0, 51.833416569595151)
(4.0, 76.0, 52.07916193586675)
(4.0, 77.0, 50.035295748927808)
(4.0, 78.0, 51.247964698296798)
(4.0, 79.0, 47.064493772457595)
(4.0, 80.0, 54.704598062435963)
(4.0, 81.0, 51.058003673618316)
(4.0, 82.0, 50.009009347364952)
(4.0, 83.0, 52.374169542050652)
(4.0, 84.0, 50.463683655392394)
(4.0, 85.0, 48.430685856798647)
(4.0, 86.0, 50.906439143267875)
(4.0, 87.0, 50.796114947715772)
(4.0, 88.0, 46.933502497358965)
(4.0, 89.0, 55.217712980018639)
(4.0, 90.0, 48.890996831005978)
(4.0, 91.0, 46.009970375015271)
(4.0, 92.0, 51.175286193629645)
(4.0, 93.0, 54.883779498412977)
(4.0, 94.0, 53.085447367549961)
(4.0, 95.0, 50.152488989359519)
(4.0, 96.0, 54.362837737276948)
(4.0, 97.0, 50.719011550041401)
(4.0, 98.0, 53.539883160536519)
(4.0, 99.0, 52.757217028067224)
(5.0, 0.0, 46.98967118582523)
(5.0, 1.0, 44.653166875788635)
(5.0, 2.0, 44.151050007788754)
(5.0, 3.0, 48.123544156488393)
(5.0, 4.0, 49.058574960572159)
(5.0, 5.0, 48.545816554797412)
(5.0, 6.0, 50.047894304980986)
(5.0, 7.0, 48.571515513831947)
(5.0, 8.0, 51.306770414500306)
(5.0, 9.0, 49.038009775031284)
(5.0, 10.0, 46.232435457714139)
(5.0, 11.0, 48.313344851341732)
(5.0, 12.0, 46.029696158601084)
(5.0, 13.0, 45.395943005437942)
(5.0, 14.0, 44.671452636411445)
(5.0, 15.0, 47.562286222616692)
(5.0, 16.0, 47.842023079385683)
(5.0, 17.0, 46.234912956614806)
(5.0, 18.0, 47.891178670781869)
(5.0, 19.0, 48.39427018317263)
(5.0, 20.0, 51.289994732795321)
(5.0, 21.0, 45.945636784304121)
(5.0, 22.0, 46.389626338473647)
(5.0, 23.0, 46.171726010998519)
(5.0, 24.0, 46.821948674176568)
(5.0, 25.0, 45.075815305043562)
(5.0, 26.0, 48.930968530415562)
(5.0, 27.0, 47.370090763876114)
(5.0, 28.0, 46.946063891509198)
(5.0, 29.0, 47.455898277010547)
(5.0, 30.0, 45.264271458395626)
(5.0, 31.0, 47.023639634572355)
(5.0, 32.0, 50.562386236633394)
(5.0, 33.0, 49.522974029056329)
(5.0, 34.0, 47.687411302062323)
(5.0, 35.0, 46.80276557395684)
(5.0, 36.0, 43.927855565894077)
(5.0, 37.0, 44.970253998201002)
(5.0, 38.0, 44.832802259158967)
(5.0, 39.0, 45.481218847753588)
(5.0, 40.0, 46.266688863517295)
(5.0, 41.0, 48.418014937267735)
(5.0, 42.0, 46.711168987195499)
(5.0, 43.0, 46.901695390236213)
(5.0, 44.0, 46.250139459770878)
(5.0, 45.0, 50.406760481712276)
(5.0, 46.0, 44.778388041433004)
(5.0, 47.0, 45.560821667502495)
(5.0, 48.0, 45.663435361663446)
(5.0, 49.0, 47.274656053976393)
(5.0, 50.0, 42.812416625267261)
(5.0, 51.0, 45.517871883653442)
(5.0, 52.0, 46.821816147327795)
(5.0, 53.0, 48.256653927425603)
(5.0, 54.0, 43.188281896207897)
(5.0, 55.0, 47.764808106384024)
(5.0, 56.0, 46.879564688370401)
(5.0, 57.0, 44.054552170436068)
(5.0, 58.0, 47.572089867951817)
(5.0, 59.0, 48.297439918513177)
(5.0, 60.0, 47.464237620566372)
(5.0, 61.0, 46.552980947646809)
(5.0, 62.0, 47.098979887465404)
(5.0, 63.0, 43.83259447930989)
(5.0, 64.0, 48.2892020761401)
(5.0, 65.0, 47.687266666366924)
(5.0, 66.0, 46.677407926944326)
(5.0, 67.0, 44.417496875051413)
(5.0, 68.0, 49.125101950262035)
(5.0, 69.0, 46.312772741824404)
(5.0, 70.0, 47.482856478407868)
(5.0, 71.0, 48.513659514140087)
(5.0, 72.0, 48.55174432359486)
(5.0, 73.0, 48.073252531798303)
(5.0, 74.0, 44.510654469044759)
(5.0, 75.0, 47.274339461764612)
(5.0, 76.0, 48.85511688027043)
(5.0, 77.0, 42.000530927533184)
(5.0, 78.0, 48.307760883077805)
(5.0, 79.0, 44.119275072796484)
(5.0, 80.0, 50.812246856928432)
(5.0, 81.0, 51.713550231024193)
(5.0, 82.0, 47.978516850298362)
(5.0, 83.0, 46.554088799622164)
(5.0, 84.0, 44.603259271548453)
(5.0, 85.0, 46.40443180147669)
(5.0, 86.0, 46.280510901454065)
(5.0, 87.0, 47.773656338367786)
(5.0, 88.0, 43.656395113210863)
(5.0, 89.0, 49.102547013831824)
(5.0, 90.0, 46.086007604837178)
(5.0, 91.0, 44.509447688871056)
(5.0, 92.0, 49.593471701489399)
(5.0, 93.0, 48.315498731064359)
(5.0, 94.0, 48.681363777919472)
(5.0, 95.0, 46.543761138509289)
(5.0, 96.0, 50.485497549574134)
(5.0, 97.0, 50.51142651487973)
(5.0, 98.0, 51.382580438763426)
(5.0, 99.0, 48.031611306521157)
(6.0, 0.0, 53.501319752738922)
(6.0, 1.0, 51.083001481973909)
(6.0, 2.0, 52.535405579158436)
(6.0, 3.0, 52.168206950012049)
(6.0, 4.0, 52.702316472167738)
(6.0, 5.0, 55.721429516403077)
(6.0, 6.0, 59.149741651840216)
(6.0, 7.0, 55.176054214065033)
(6.0, 8.0, 59.000925116918552)
(6.0, 9.0, 58.133377230120928)
(6.0, 10.0, 51.27354246433319)
(6.0, 11.0, 59.167289826044225)
(6.0, 12.0, 54.611255917704923)
(6.0, 13.0, 51.55266500334384)
(6.0, 14.0, 50.115532231291013)
(6.0, 15.0, 55.359687967456125)
(6.0, 16.0, 54.152232535610317)
(6.0, 17.0, 51.272212279413175)
(6.0, 18.0, 55.84797314511507)
(6.0, 19.0, 52.443558774419209)
(6.0, 20.0, 55.812646205199187)
(6.0, 21.0, 52.516057702321632)
(6.0, 22.0, 51.064201867377996)
(6.0, 23.0, 54.585087370246718)
(6.0, 24.0, 51.21758956823296)
(6.0, 25.0, 50.465445127453719)
(6.0, 26.0, 57.007914014485927)
(6.0, 27.0, 52.627623582869077)
(6.0, 28.0, 54.275731606330829)
(6.0, 29.0, 53.23679755949037)
(6.0, 30.0, 50.366810999536526)
(6.0, 31.0, 53.668462172127988)
(6.0, 32.0, 58.145294144754857)
(6.0, 33.0, 53.489726099136121)
(6.0, 34.0, 48.609797239972451)
