(17.0, 60.0, 48.613428245617612)
(17.0, 61.0, 44.185324442090092)
(17.0, 62.0, 47.983456288994375)
(17.0, 63.0, 42.915910555162569)
(17.0, 64.0, 47.233680082812072)
(17.0, 65.0, 46.189806420053898)
(17.0, 66.0, 42.549614127641568)
(17.0, 67.0, 42.661961188138122)
(17.0, 68.0, 48.150714539151878)
(17.0, 69.0, 44.566708630872796)
(17.0, 70.0, 45.935740995892743)
(17.0, 71.0, 47.165715062097362)
(17.0, 72.0, 47.044602890207813)
(17.0, 73.0, 45.360035161318507)
(17.0, 74.0, 43.36566099433022)
(17.0, 75.0, 45.193949871773135)
(17.0, 76.0, 47.404457180746718)
(17.0, 77.0, 43.722815239074279)
(17.0, 78.0, 48.70982477341667)
(17.0, 79.0, 43.791859971537633)
(17.0, 80.0, 51.860928198148343)
(17.0, 81.0, 48.43830466986681)
(17.0, 82.0, 45.780917381049626)
(17.0, 83.0, 46.946145810951535)
(17.0, 84.0, 45.301718896241184)
(17.0, 85.0, 44.080501905192428)
(17.0, 86.0, 46.372422044042871)
(17.0, 87.0, 47.132831141159699)
(17.0, 88.0, 43.191746476215016)
(17.0, 89.0, 50.452874216205586)
(17.0, 90.0, 44.138899951151302)
(17.0, 91.0, 43.514247970740684)
(17.0, 92.0, 49.932896926431688)
(17.0, 93.0, 47.000641410498822)
(17.0, 94.0, 46.741434334519226)
(17.0, 95.0, 48.352021498088547)
(17.0, 96.0, 48.983612830680869)
(17.0, 97.0, 46.950728434184569)
(17.0, 98.0, 48.786116276106128)
(17.0, 99.0, 47.773319621868737)
(18.0, 0.0, 49.716419220486515)
(18.0, 1.0, 49.680677116634271)
(18.0, 2.0, 50.467201681801463)
(18.0, 3.0, 51.196600842265418)
(18.0, 4.0, 51.213642425647592)
(18.0, 5.0, 51.219893016711183)
(18.0, 6.0, 54.169157284417807)
(18.0, 7.0, 53.166543029895223)
(18.0, 8.0, 54.001600635776711)
(18.0, 9.0, 56.43367892830274)
(18.0, 10.0, 49.867935629318794)
(18.0, 11.0, 52.135192001080974)
(18.0, 12.0, 49.647503683362025)
(18.0, 13.0, 49.228000563096629)
(18.0, 14.0, 49.533122298245203)
(18.0, 15.0, 52.406457103811881)
(18.0, 16.0, 51.004179831209598)
(18.0, 17.0, 50.792988765232352)
(18.0, 18.0, 53.841330631797689)
(18.0, 19.0, 51.564799117106517)
(18.0, 20.0, 57.861163087305492)
(18.0, 21.0, 48.156943685765768)
(18.0, 22.0, 50.01858274135413)
(18.0, 23.0, 53.488978254796045)
(18.0, 24.0, 50.315769181922619)
(18.0, 25.0, 45.775537999266838)
(18.0, 26.0, 53.829996429527121)
(18.0, 27.0, 52.691619005039591)
(18.0, 28.0, 52.698372097870333)
(18.0, 29.0, 52.888987013990089)
(18.0, 30.0, 50.297439993287313)
(18.0, 31.0, 50.408290724797205)
(18.0, 32.0, 55.033526829315988)
(18.0, 33.0, 52.200565576262179)
(18.0, 34.0, 52.05373038590821)
(18.0, 35.0, 52.367838016122207)
(18.0, 36.0, 51.50426667658386)
(18.0, 37.0, 49.914398860316574)
(18.0, 38.0, 50.143222511509293)
(18.0, 39.0, 51.204373814967056)
(18.0, 40.0, 48.586788820720798)
(18.0, 41.0, 53.495590398124179)
(18.0, 42.0, 49.743039133232529)
(18.0, 43.0, 50.816911770911801)
(18.0, 44.0, 51.273460529952246)
(18.0, 45.0, 54.55678811632842)
(18.0, 46.0, 47.996667987012017)
(18.0, 47.0, 47.80232130807974)
(18.0, 48.0, 50.229316643265683)
(18.0, 49.0, 50.557214225007243)
(18.0, 50.0, 49.774207080170413)
(18.0, 51.0, 49.586494592843124)
(18.0, 52.0, 49.832614762647779)
(18.0, 53.0, 53.591342192039235)
(18.0, 54.0, 47.458362492365772)
(18.0, 55.0, 50.393674919885399)
(18.0, 56.0, 50.161111826999388)
(18.0, 57.0, 48.01329362620897)
(18.0, 58.0, 54.497681538393344)
(18.0, 59.0, 50.710817942113763)
(18.0, 60.0, 54.358871308070761)
(18.0, 61.0, 50.127848643149164)
(18.0, 62.0, 53.7467286068565)
(18.0, 63.0, 47.430206169977183)
(18.0, 64.0, 52.51944888642511)
(18.0, 65.0, 52.006057350753544)
(18.0, 66.0, 47.674386160470561)
(18.0, 67.0, 48.164166393598293)
(18.0, 68.0, 54.153474424759189)
(18.0, 69.0, 50.954785653501062)
(18.0, 70.0, 48.999046796175584)
(18.0, 71.0, 52.904228910382436)
(18.0, 72.0, 52.326077304698089)
(18.0, 73.0, 50.024992017205825)
(18.0, 74.0, 50.980688994529544)
(18.0, 75.0, 50.838889368017547)
(18.0, 76.0, 54.9031798392732)
(18.0, 77.0, 50.695752140012509)
(18.0, 78.0, 52.684595390854433)
(18.0, 79.0, 50.758555777778838)
(18.0, 80.0, 53.573116766905599)
(18.0, 81.0, 52.78965110950282)
(18.0, 82.0, 51.547173916272129)
(18.0, 83.0, 52.511438845286143)
(18.0, 84.0, 49.931772051352738)
(18.0, 85.0, 49.494457646004832)
(18.0, 86.0, 50.70231531378559)
(18.0, 87.0, 51.938159232908305)
(18.0, 88.0, 48.616540652784792)
(18.0, 89.0, 55.064850634899159)
(18.0, 90.0, 49.223557234983964)
(18.0, 91.0, 48.826803363263672)
(18.0, 92.0, 52.717362850251881)
(18.0, 93.0, 54.210463620501216)
(18.0, 94.0, 52.602076956784401)
(18.0, 95.0, 52.078372671033918)
(18.0, 96.0, 56.262750473404644)
(18.0, 97.0, 54.016334254702301)
(18.0, 98.0, 54.563325810705884)
(18.0, 99.0, 54.764781382619816)
(19.0, 0.0, 48.210053106839595)
(19.0, 1.0, 47.848002521899843)
(19.0, 2.0, 48.301932800210309)
(19.0, 3.0, 48.148657739040232)
(19.0, 4.0, 49.976377052153801)
(19.0, 5.0, 50.955240702032306)
(19.0, 6.0, 50.955283552098784)
(19.0, 7.0, 50.018347287960509)
(19.0, 8.0, 51.861923384843848)
(19.0, 9.0, 53.463084924898261)
(19.0, 10.0, 47.929281089728576)
(19.0, 11.0, 53.722869201812358)
(19.0, 12.0, 47.911356959888856)
(19.0, 13.0, 48.298089831808888)
(19.0, 14.0, 48.113034932949816)
(19.0, 15.0, 54.059303924012021)
(19.0, 16.0, 52.745371834807159)
(19.0, 17.0, 49.238166168020747)
(19.0, 18.0, 50.826296104529277)
(19.0, 19.0, 51.817896597644463)
(19.0, 20.0, 51.726034453299803)
(19.0, 21.0, 46.303122112829939)
(19.0, 22.0, 49.934500482085419)
(19.0, 23.0, 51.190768385889044)
(19.0, 24.0, 48.32728576723855)
(19.0, 25.0, 45.413149106235011)
(19.0, 26.0, 52.009900416214073)
(19.0, 27.0, 49.380553279028412)
(19.0, 28.0, 51.775166171320052)
(19.0, 29.0, 52.241714829588659)
(19.0, 30.0, 49.260654739902726)
(19.0, 31.0, 48.586479963631184)
(19.0, 32.0, 53.386483863124866)
(19.0, 33.0, 52.500904158675993)
(19.0, 34.0, 50.344834121475117)
(19.0, 35.0, 51.205447366732763)
(19.0, 36.0, 49.826521172273395)
(19.0, 37.0, 47.761575572106651)
(19.0, 38.0, 49.429517167200395)
(19.0, 39.0, 50.302401703898525)
(19.0, 40.0, 46.770276280192398)
(19.0, 41.0, 51.932004586810621)
(19.0, 42.0, 49.332648208856988)
(19.0, 43.0, 50.746384532371991)
(19.0, 44.0, 49.388959419694999)
(19.0, 45.0, 51.685668344930846)
(19.0, 46.0, 43.986123552487548)
(19.0, 47.0, 49.241562299652585)
(19.0, 48.0, 50.500346359482464)
(19.0, 49.0, 47.722072853019334)
(19.0, 50.0, 46.910520538350802)
(19.0, 51.0, 48.208370661871712)
(19.0, 52.0, 49.411158535788829)
(19.0, 53.0, 52.870775525379599)
(19.0, 54.0, 47.144926027495806)
(19.0, 55.0, 48.705984988275844)
(19.0, 56.0, 48.384197790453328)
(19.0, 57.0, 44.344535509658158)
(19.0, 58.0, 49.816045714499019)
(19.0, 59.0, 51.575359384345141)
(19.0, 60.0, 50.97818233661291)
(19.0, 61.0, 48.231110596166417)
(19.0, 62.0, 50.604435716157042)
(19.0, 63.0, 46.574480860213797)
(19.0, 64.0, 49.981698657706424)
(19.0, 65.0, 51.192529611748455)
(19.0, 66.0, 46.913628001633001)
(19.0, 67.0, 46.08410756566883)
(19.0, 68.0, 52.546507076369622)
(19.0, 69.0, 50.079409961337504)
(19.0, 70.0, 48.574386379229765)
(19.0, 71.0, 51.161250935365814)
(19.0, 72.0, 50.062461962642033)
(19.0, 73.0, 49.305080430889248)
(19.0, 74.0, 49.52162079598741)
(19.0, 75.0, 51.102652708257224)
(19.0, 76.0, 50.738079344760081)
(19.0, 77.0, 49.25190899725537)
(19.0, 78.0, 51.786675079091552)
(19.0, 79.0, 47.866520682214485)
(19.0, 80.0, 51.479465222110612)
(19.0, 81.0, 53.132129721523981)
(19.0, 82.0, 51.562349804750589)
(19.0, 83.0, 51.730473676183507)
(19.0, 84.0, 49.75973035747154)
(19.0, 85.0, 49.130076159665727)
(19.0, 86.0, 49.866830362134131)
(19.0, 87.0, 49.711523872167668)
(19.0, 88.0, 45.820081705959289)
(19.0, 89.0, 54.565006915805945)
(19.0, 90.0, 49.226741612035326)
(19.0, 91.0, 45.553736675250747)
(19.0, 92.0, 50.989002049283215)
(19.0, 93.0, 51.837704995228762)
(19.0, 94.0, 51.506975326757214)
(19.0, 95.0, 49.329495756085599)
(19.0, 96.0, 51.569339319820237)
(19.0, 97.0, 53.058208112407293)
(19.0, 98.0, 54.591779479494939)
(19.0, 99.0, 52.268187444513948)
(20.0, 0.0, 49.036518389963511)
(20.0, 1.0, 47.166946185469783)
(20.0, 2.0, 46.952891592151985)
(20.0, 3.0, 47.242950694610272)
(20.0, 4.0, 49.923478190397589)
(20.0, 5.0, 48.490882116139431)
(20.0, 6.0, 48.739232472066575)
(20.0, 7.0, 47.533301673009582)
(20.0, 8.0, 52.294369279351336)
(20.0, 9.0, 51.499068211399447)
(20.0, 10.0, 44.946562123267398)
(20.0, 11.0, 51.257993409618294)
(20.0, 12.0, 50.137563979611684)
(20.0, 13.0, 47.573099604061312)
(20.0, 14.0, 44.635374831223039)
(20.0, 15.0, 47.139470752464476)
(20.0, 16.0, 48.700574999687532)
(20.0, 17.0, 47.122085586473872)
(20.0, 18.0, 49.226658934113175)
(20.0, 19.0, 49.814327609272979)
(20.0, 20.0, 52.66694617813242)
(20.0, 21.0, 47.442331880771903)
(20.0, 22.0, 48.014844302281524)
(20.0, 23.0, 49.519669136567344)
(20.0, 24.0, 48.272981048181975)
(20.0, 25.0, 44.211286084114697)
(20.0, 26.0, 50.693655835606961)
(20.0, 27.0, 48.129043735014342)
(20.0, 28.0, 50.065579570994842)
(20.0, 29.0, 48.208093134074609)
(20.0, 30.0, 47.29560103667491)
(20.0, 31.0, 46.081209842650964)
(20.0, 32.0, 52.303106428539408)
(20.0, 33.0, 49.25707412528638)
(20.0, 34.0, 48.53651155071605)
(20.0, 35.0, 49.161710581947844)
(20.0, 36.0, 47.840699079263544)
(20.0, 37.0, 46.044699433027212)
(20.0, 38.0, 46.190337884230821)
(20.0, 39.0, 48.541242259362654)
(20.0, 40.0, 45.546159592174959)
(20.0, 41.0, 49.098865965514776)
(20.0, 42.0, 46.695793140021195)
(20.0, 43.0, 48.779905202535616)
(20.0, 44.0, 49.53422630218229)
(20.0, 45.0, 50.683128903452889)
(20.0, 46.0, 44.227241443398597)
(20.0, 47.0, 47.111852090185408)
(20.0, 48.0, 46.818589307822016)
(20.0, 49.0, 47.643456634995474)
(20.0, 50.0, 45.648486142908709)
(20.0, 51.0, 45.603091045290782)
(20.0, 52.0, 47.043368026720586)
(20.0, 53.0, 49.227506778217808)
(20.0, 54.0, 46.202922977990553)
(20.0, 55.0, 47.477990778533979)
(20.0, 56.0, 47.355328188115166)
(20.0, 57.0, 44.618459256422923)
(20.0, 58.0, 50.505906761813499)
(20.0, 59.0, 50.536631028282741)
(20.0, 60.0, 50.326390805449975)
(20.0, 61.0, 48.358582194815575)
(20.0, 62.0, 48.191858983891137)
(20.0, 63.0, 44.889698732103362)
(20.0, 64.0, 48.391225210567647)
(20.0, 65.0, 50.051666201203858)
(20.0, 66.0, 45.781357562055248)
(20.0, 67.0, 44.985437114822332)
(20.0, 68.0, 51.712361924018026)
(20.0, 69.0, 47.960888669866648)
(20.0, 70.0, 49.722369887141411)
(20.0, 71.0, 52.224119546798818)
(20.0, 72.0, 47.79417907515213)
(20.0, 73.0, 48.823992800215258)
(20.0, 74.0, 48.60362885842919)
(20.0, 75.0, 49.183370647692612)
(20.0, 76.0, 50.002570340144416)
(20.0, 77.0, 45.129631494195166)
(20.0, 78.0, 49.260111737221834)
(20.0, 79.0, 45.739383573378504)
(20.0, 80.0, 51.857142157002684)
(20.0, 81.0, 51.535496103617483)
(20.0, 82.0, 51.035634155231335)
(20.0, 83.0, 48.315677972347771)
(20.0, 84.0, 47.264527215505026)
(20.0, 85.0, 44.254382344604565)
(20.0, 86.0, 46.906531806124633)
(20.0, 87.0, 49.09484290155627)
(20.0, 88.0, 47.444537516523773)
(20.0, 89.0, 51.526965285423969)
(20.0, 90.0, 47.65436284239172)
(20.0, 91.0, 43.905597380272141)
(20.0, 92.0, 51.045121029377412)
(20.0, 93.0, 48.235199373507086)
(20.0, 94.0, 48.11659415097099)
(20.0, 95.0, 49.580123024756332)
(20.0, 96.0, 49.692919353882374)
(20.0, 97.0, 51.838269610128364)
(20.0, 98.0, 53.889188449170248)
(20.0, 99.0, 51.92347587909552)
(21.0, 0.0, 49.948615490539538)
(21.0, 1.0, 49.60804322499078)
(21.0, 2.0, 48.614101787182861)
(21.0, 3.0, 48.233859214444706)
(21.0, 4.0, 50.86242097043943)
(21.0, 5.0, 51.740364768653301)
(21.0, 6.0, 51.7998748152175)
(21.0, 7.0, 50.267209705104769)
(21.0, 8.0, 54.586238667747764)
(21.0, 9.0, 55.13210749138166)
(21.0, 10.0, 49.232607232777049)
(21.0, 11.0, 53.497621528846373)
(21.0, 12.0, 48.982466794228415)
(21.0, 13.0, 48.025647619856414)
(21.0, 14.0, 51.084208204964618)
(21.0, 15.0, 49.276524993696782)
(21.0, 16.0, 51.474228825087835)
(21.0, 17.0, 49.807456560497918)
(21.0, 18.0, 51.366300513889996)
(21.0, 19.0, 51.661535089566826)
(21.0, 20.0, 53.659562189463742)
(21.0, 21.0, 52.039861712190721)
(21.0, 22.0, 50.190624043232688)
(21.0, 23.0, 50.559752270360875)
(21.0, 24.0, 48.464828705756403)
(21.0, 25.0, 47.030303794729072)
(21.0, 26.0, 53.188690936313051)
(21.0, 27.0, 50.014238315500023)
(21.0, 28.0, 52.462784806213705)
(21.0, 29.0, 53.359935362129484)
(21.0, 30.0, 47.771721308612328)
(21.0, 31.0, 49.754289811247844)
(21.0, 32.0, 56.295275816931799)
(21.0, 33.0, 53.115144697485952)
(21.0, 34.0, 50.474099840540021)
(21.0, 35.0, 49.154068316449425)
(21.0, 36.0, 51.683996567364318)
(21.0, 37.0, 49.646631755128816)
(21.0, 38.0, 48.462157807029918)
(21.0, 39.0, 51.37535528408624)
(21.0, 40.0, 50.778455210287397)
(21.0, 41.0, 55.142638839760806)
(21.0, 42.0, 48.205489992242462)
(21.0, 43.0, 50.463450200542219)
(21.0, 44.0, 51.833776460669412)
(21.0, 45.0, 52.462514198815597)
(21.0, 46.0, 49.107081982465211)
(21.0, 47.0, 48.832235060197171)
(21.0, 48.0, 51.157934833690618)
(21.0, 49.0, 49.082004019022335)
(21.0, 50.0, 46.765014901224873)
(21.0, 51.0, 47.753671960269656)
(21.0, 52.0, 51.792576406597618)
(21.0, 53.0, 53.940244141165152)
(21.0, 54.0, 47.455317629425579)
(21.0, 55.0, 52.825784262905614)
(21.0, 56.0, 50.223214619727798)
(21.0, 57.0, 46.773591199856995)
(21.0, 58.0, 51.948016374642336)
(21.0, 59.0, 50.990361129634096)
(21.0, 60.0, 51.740798885405106)
(21.0, 61.0, 50.228276101499318)
(21.0, 62.0, 51.36883698963068)
(21.0, 63.0, 47.416157997127591)
(21.0, 64.0, 49.416860143742817)
(21.0, 65.0, 51.123290190003537)
(21.0, 66.0, 48.913264266380637)
(21.0, 67.0, 46.396536546899)
(21.0, 68.0, 53.040621054239246)
(21.0, 69.0, 50.811997741221774)
(21.0, 70.0, 50.916944135358705)
(21.0, 71.0, 54.43528478050159)
(21.0, 72.0, 49.906361440832207)
(21.0, 73.0, 51.604811430320808)
(21.0, 74.0, 49.719315961078905)
(21.0, 75.0, 52.554170028900643)
(21.0, 76.0, 54.037726711677877)
(21.0, 77.0, 48.091696906020758)
(21.0, 78.0, 51.542796946225934)
(21.0, 79.0, 47.569613301614893)
(21.0, 80.0, 55.001942978535546)
(21.0, 81.0, 52.244916376870748)
(21.0, 82.0, 52.550670933642316)
(21.0, 83.0, 50.803642110746267)
(21.0, 84.0, 47.817178033544401)
(21.0, 85.0, 51.977182599511515)
(21.0, 86.0, 47.118035416166407)
(21.0, 87.0, 50.414886890300622)
(21.0, 88.0, 46.890834638787197)
(21.0, 89.0, 53.358033282348266)
(21.0, 90.0, 49.386795629619684)
(21.0, 91.0, 48.014122401206919)
(21.0, 92.0, 52.739989114230895)
(21.0, 93.0, 52.967593180131246)
(21.0, 94.0, 51.513432983365036)
(21.0, 95.0, 51.676422437017159)
(21.0, 96.0, 54.693547137385536)
(21.0, 97.0, 50.800762140224336)
(21.0, 98.0, 55.338745844157451)
(21.0, 99.0, 52.478806240364293)
(22.0, 0.0, 51.578783502103157)
(22.0, 1.0, 50.844178909530072)
(22.0, 2.0, 50.143450205871481)
(22.0, 3.0, 52.666995513304038)
(22.0, 4.0, 51.121980529966926)
(22.0, 5.0, 53.803298384236136)
(22.0, 6.0, 52.628156594983793)
(22.0, 7.0, 52.718325425015493)
(22.0, 8.0, 54.783115252233038)
(22.0, 9.0, 55.794104627088672)
(22.0, 10.0, 50.154685800192858)
(22.0, 11.0, 56.5924427293224)
(22.0, 12.0, 52.424588533941638)
(22.0, 13.0, 50.282478129779619)
(22.0, 14.0, 52.853120940270571)
(22.0, 15.0, 53.220783353592921)
(22.0, 16.0, 53.472379161100164)
(22.0, 17.0, 51.687569679140758)
(22.0, 18.0, 54.169262480681816)
(22.0, 19.0, 54.294301414451354)
(22.0, 20.0, 57.312716183358788)
(22.0, 21.0, 50.4451816938574)
(22.0, 22.0, 51.64899309747922)
(22.0, 23.0, 55.128792382654552)
(22.0, 24.0, 53.016998145351451)
(22.0, 25.0, 48.802127567793612)
(22.0, 26.0, 54.628011286997385)
(22.0, 27.0, 51.996246584580362)
(22.0, 28.0, 53.649487700614984)
(22.0, 29.0, 54.38580520132696)
(22.0, 30.0, 51.465055062905861)
(22.0, 31.0, 52.330815903688652)
(22.0, 32.0, 57.700358169839177)
(22.0, 33.0, 52.463433675829606)
(22.0, 34.0, 52.46024129136336)
(22.0, 35.0, 53.946188084076951)
(22.0, 36.0, 50.911652588287112)
(22.0, 37.0, 51.269581039762031)
(22.0, 38.0, 49.934973459443867)
(22.0, 39.0, 53.870328569485082)
(22.0, 40.0, 50.568285984564213)
(22.0, 41.0, 54.551123935357602)
(22.0, 42.0, 51.141006702953064)
(22.0, 43.0, 52.400215604469182)
(22.0, 44.0, 51.101486608718545)
(22.0, 45.0, 54.397183143527968)
(22.0, 46.0, 49.872765839874774)
(22.0, 47.0, 47.417525550646353)
(22.0, 48.0, 51.966540601121707)
(22.0, 49.0, 50.985269713872981)
(22.0, 50.0, 48.523664524175082)
(22.0, 51.0, 49.295493019134014)
(22.0, 52.0, 52.272337987334964)
(22.0, 53.0, 52.029339906715023)
(22.0, 54.0, 48.96729612441905)
(22.0, 55.0, 53.257260238881003)
(22.0, 56.0, 53.769865593879217)
(22.0, 57.0, 48.419151739239993)
(22.0, 58.0, 52.263791521350697)
(22.0, 59.0, 53.004849224516875)
(22.0, 60.0, 53.731384908584758)
(22.0, 61.0, 50.510068607642786)
(22.0, 62.0, 53.326123312765631)
(22.0, 63.0, 49.870590395358498)
(22.0, 64.0, 54.264024948206696)
(22.0, 65.0, 53.223419910166307)
(22.0, 66.0, 49.807939539295411)
(22.0, 67.0, 48.171458461749893)
(22.0, 68.0, 53.168828422638342)
(22.0, 69.0, 50.154702547341344)
(22.0, 70.0, 52.293337434326844)
(22.0, 71.0, 54.525780992027336)
(22.0, 72.0, 53.435491570088288)
(22.0, 73.0, 51.632509375040243)
(22.0, 74.0, 51.588186112453982)
(22.0, 75.0, 51.466472955094744)
(22.0, 76.0, 54.943584024145544)
(22.0, 77.0, 52.081740241048806)
(22.0, 78.0, 54.169905881516506)
(22.0, 79.0, 48.95578086477812)
(22.0, 80.0, 57.154836835679937)
(22.0, 81.0, 56.013571692027746)
(22.0, 82.0, 54.019798094190946)
(22.0, 83.0, 51.493515805584011)
(22.0, 84.0, 50.210911186604477)
(22.0, 85.0, 53.214297577907615)
(22.0, 86.0, 52.72953726532198)
(22.0, 87.0, 52.069103890756338)
(22.0, 88.0, 48.901205845935749)
(22.0, 89.0, 56.298432039077639)
(22.0, 90.0, 51.646183794174064)
(22.0, 91.0, 46.573468011066566)
(22.0, 92.0, 54.466299764247836)
(22.0, 93.0, 53.15095423887373)
(22.0, 94.0, 53.099959613809602)
(22.0, 95.0, 53.14593042342451)
(22.0, 96.0, 54.299629081964191)
(22.0, 97.0, 53.822182034063594)
(22.0, 98.0, 55.406044643699857)
(22.0, 99.0, 53.324113663512442)
(23.0, 0.0, 48.224885791055286)
(23.0, 1.0, 45.995804114814774)
(23.0, 2.0, 47.657310240375494)
(23.0, 3.0, 49.267694087112673)
(23.0, 4.0, 49.634279043904499)
(23.0, 5.0, 48.843305812070746)
(23.0, 6.0, 50.745258923663584)
(23.0, 7.0, 50.538450084226042)
(23.0, 8.0, 52.141940026294044)
(23.0, 9.0, 51.674199290211689)
(23.0, 10.0, 48.736711032664346)
(23.0, 11.0, 50.757663859837706)
(23.0, 12.0, 48.769795398603954)
(23.0, 13.0, 46.333033326043775)
(23.0, 14.0, 49.113888048792546)
(23.0, 15.0, 49.624714195668474)
(23.0, 16.0, 49.790345594446947)
(23.0, 17.0, 48.734564944196819)
(23.0, 18.0, 51.318661326466398)
(23.0, 19.0, 53.27858468831883)
(23.0, 20.0, 50.869380118617684)
(23.0, 21.0, 47.834968244675629)
(23.0, 22.0, 48.955822174231976)
(23.0, 23.0, 50.148759972236988)
(23.0, 24.0, 48.479749212795141)
(23.0, 25.0, 44.553974177338233)
(23.0, 26.0, 50.00422067802517)
(23.0, 27.0, 49.686779922176235)
(23.0, 28.0, 51.955364531567184)
(23.0, 29.0, 48.501493887090071)
(23.0, 30.0, 47.555048385020569)
(23.0, 31.0, 47.553402400531382)
(23.0, 32.0, 53.295110221940448)
(23.0, 33.0, 49.774187579632788)
(23.0, 34.0, 50.248029186918856)
(23.0, 35.0, 50.190578983239007)
(23.0, 36.0, 48.985938350366801)
(23.0, 37.0, 49.67022266963852)
(23.0, 38.0, 47.68634965126185)
(23.0, 39.0, 48.597332048525828)
(23.0, 40.0, 47.962005617962852)
(23.0, 41.0, 51.459446041203222)
(23.0, 42.0, 46.175844451219533)
(23.0, 43.0, 48.385329133174139)
(23.0, 44.0, 48.019266098100431)
(23.0, 45.0, 50.751072714951391)
(23.0, 46.0, 47.34010171787115)
(23.0, 47.0, 48.979298444641884)
(23.0, 48.0, 49.081267091451302)
(23.0, 49.0, 48.616427191147331)
(23.0, 50.0, 47.283095022938284)
(23.0, 51.0, 46.403395034183113)
(23.0, 52.0, 49.334535801824636)
(23.0, 53.0, 47.856036437780254)
(23.0, 54.0, 48.297825214351498)
(23.0, 55.0, 50.03442816755171)
(23.0, 56.0, 50.376500973676187)
(23.0, 57.0, 44.184972763784934)
(23.0, 58.0, 49.470411167973424)
(23.0, 59.0, 49.071764356694544)
(23.0, 60.0, 50.824795438324728)
(23.0, 61.0, 45.537041215538572)
(23.0, 62.0, 47.971340753717868)
(23.0, 63.0, 47.762881674793221)
(23.0, 64.0, 50.311212303652745)
(23.0, 65.0, 51.208764815911408)
(23.0, 66.0, 46.710116260915896)
(23.0, 67.0, 46.203867720129317)
(23.0, 68.0, 50.58816184934679)
(23.0, 69.0, 47.166787610505089)
(23.0, 70.0, 49.006357027780446)
(23.0, 71.0, 51.731987734143573)
(23.0, 72.0, 47.340834778506604)
