(12.0, 46.0, 46.215753889677728)
(12.0, 47.0, 45.997033312165442)
(12.0, 48.0, 49.593953114012919)
(12.0, 49.0, 47.42207046506185)
(12.0, 50.0, 48.178246495387938)
(12.0, 51.0, 46.528361480380731)
(12.0, 52.0, 51.074563009291893)
(12.0, 53.0, 54.287475492136906)
(12.0, 54.0, 49.796131134847954)
(12.0, 55.0, 50.654267769396284)
(12.0, 56.0, 49.063337965320045)
(12.0, 57.0, 44.934989954419898)
(12.0, 58.0, 51.176920409579921)
(12.0, 59.0, 51.913480264375572)
(12.0, 60.0, 51.510536428548008)
(12.0, 61.0, 48.639551449182179)
(12.0, 62.0, 50.160662108780883)
(12.0, 63.0, 48.021065866902305)
(12.0, 64.0, 52.849983223363189)
(12.0, 65.0, 51.540481627677877)
(12.0, 66.0, 46.502421175944036)
(12.0, 67.0, 46.814014519170698)
(12.0, 68.0, 54.181790556995381)
(12.0, 69.0, 48.996548983842146)
(12.0, 70.0, 51.430612022214881)
(12.0, 71.0, 52.872275401455454)
(12.0, 72.0, 51.567440323437182)
(12.0, 73.0, 52.812949558473548)
(12.0, 74.0, 51.17084292937092)
(12.0, 75.0, 50.973619703809455)
(12.0, 76.0, 53.186837070723172)
(12.0, 77.0, 47.471251946740971)
(12.0, 78.0, 50.106012942581032)
(12.0, 79.0, 45.45246511210226)
(12.0, 80.0, 54.967453268969464)
(12.0, 81.0, 54.209000151912015)
(12.0, 82.0, 52.413128543386286)
(12.0, 83.0, 49.779143789889943)
(12.0, 84.0, 48.447307030996093)
(12.0, 85.0, 48.887825910554504)
(12.0, 86.0, 50.359883553956188)
(12.0, 87.0, 49.552581079090174)
(12.0, 88.0, 47.91946328735861)
(12.0, 89.0, 53.673205715901815)
(12.0, 90.0, 47.684601301191293)
(12.0, 91.0, 43.903676066971798)
(12.0, 92.0, 49.96076541940063)
(12.0, 93.0, 51.937086931919481)
(12.0, 94.0, 51.808691989376968)
(12.0, 95.0, 52.795295047219653)
(12.0, 96.0, 52.374509085592635)
(12.0, 97.0, 55.722954787315103)
(12.0, 98.0, 53.321853994007562)
(12.0, 99.0, 51.84581998340461)
(13.0, 0.0, 46.881852320403382)
(13.0, 1.0, 48.830576630556109)
(13.0, 2.0, 48.808651736640769)
(13.0, 3.0, 47.417081444295604)
(13.0, 4.0, 48.487404025422627)
(13.0, 5.0, 49.033605638664767)
(13.0, 6.0, 50.777686669415075)
(13.0, 7.0, 49.338947602412318)
(13.0, 8.0, 52.325104982894999)
(13.0, 9.0, 53.910617702266087)
(13.0, 10.0, 49.15033223533338)
(13.0, 11.0, 52.408459641255362)
(13.0, 12.0, 48.180282014130007)
(13.0, 13.0, 47.116132395480669)
(13.0, 14.0, 46.22174573665086)
(13.0, 15.0, 50.33514192026712)
(13.0, 16.0, 48.270242665794711)
(13.0, 17.0, 47.616760440070649)
(13.0, 18.0, 51.806181016563599)
(13.0, 19.0, 49.200032421882369)
(13.0, 20.0, 52.521262185018415)
(13.0, 21.0, 47.494158522547188)
(13.0, 22.0, 47.92518801489868)
(13.0, 23.0, 49.988333071705654)
(13.0, 24.0, 48.141622090644205)
(13.0, 25.0, 43.411588572733677)
(13.0, 26.0, 50.809244110927551)
(13.0, 27.0, 48.616907168252254)
(13.0, 28.0, 52.231379433142465)
(13.0, 29.0, 48.79293031289717)
(13.0, 30.0, 48.179325711935647)
(13.0, 31.0, 50.100432339744202)
(13.0, 32.0, 52.07648150256059)
(13.0, 33.0, 49.381514768665404)
(13.0, 34.0, 49.298108309738268)
(13.0, 35.0, 49.741783333965216)
(13.0, 36.0, 50.690423650045673)
(13.0, 37.0, 44.932371371836595)
(13.0, 38.0, 49.666545649185004)
(13.0, 39.0, 48.362890779127994)
(13.0, 40.0, 47.4056611698186)
(13.0, 41.0, 49.713625067345987)
(13.0, 42.0, 48.114659346531795)
(13.0, 43.0, 48.577723016547786)
(13.0, 44.0, 47.115483077774513)
(13.0, 45.0, 51.6354950992624)
(13.0, 46.0, 46.464410340360416)
(13.0, 47.0, 45.837605433909644)
(13.0, 48.0, 48.970552959810973)
(13.0, 49.0, 49.279275576526814)
(13.0, 50.0, 45.125238005607912)
(13.0, 51.0, 45.582414309192814)
(13.0, 52.0, 47.086350403793411)
(13.0, 53.0, 50.393032147531869)
(13.0, 54.0, 46.033864642800765)
(13.0, 55.0, 49.932755955983993)
(13.0, 56.0, 48.498771398151355)
(13.0, 57.0, 43.118010234295298)
(13.0, 58.0, 49.910771661961036)
(13.0, 59.0, 50.470761996566097)
(13.0, 60.0, 49.520269759515607)
(13.0, 61.0, 47.686508661498294)
(13.0, 62.0, 49.760469712209641)
(13.0, 63.0, 46.838421334565481)
(13.0, 64.0, 48.016228284371969)
(13.0, 65.0, 48.94284278971196)
(13.0, 66.0, 46.164968715501587)
(13.0, 67.0, 45.999120897897548)
(13.0, 68.0, 52.301642531249271)
(13.0, 69.0, 46.357868068520972)
(13.0, 70.0, 49.264120904382096)
(13.0, 71.0, 51.256875451791771)
(13.0, 72.0, 48.517231926700624)
(13.0, 73.0, 47.900155202178908)
(13.0, 74.0, 47.519257165626833)
(13.0, 75.0, 49.799727652624526)
(13.0, 76.0, 49.624011844387248)
(13.0, 77.0, 47.085029480551114)
(13.0, 78.0, 51.18738187871385)
(13.0, 79.0, 47.357965954139864)
(13.0, 80.0, 52.695716644980578)
(13.0, 81.0, 51.332222048083928)
(13.0, 82.0, 50.662402751484763)
(13.0, 83.0, 49.103447526943214)
(13.0, 84.0, 47.095656291288115)
(13.0, 85.0, 45.293051562780221)
(13.0, 86.0, 50.60235640819721)
(13.0, 87.0, 48.484202802683981)
(13.0, 88.0, 44.221273183450265)
(13.0, 89.0, 51.792158441579943)
(13.0, 90.0, 46.546921411160078)
(13.0, 91.0, 46.152941704673871)
(13.0, 92.0, 50.284658559946379)
(13.0, 93.0, 50.68288190236828)
(13.0, 94.0, 49.552514589765337)
(13.0, 95.0, 50.263799759639326)
(13.0, 96.0, 52.175474119934947)
(13.0, 97.0, 51.177458317934722)
(13.0, 98.0, 52.959135408691942)
(13.0, 99.0, 50.194702150437422)
(14.0, 0.0, 47.029355026747325)
(14.0, 1.0, 45.845181059459556)
(14.0, 2.0, 46.313233002597627)
(14.0, 3.0, 49.956047024871523)
(14.0, 4.0, 49.592864679751912)
(14.0, 5.0, 48.794346424439944)
(14.0, 6.0, 52.443124358753785)
(14.0, 7.0, 50.344856783434565)
(14.0, 8.0, 52.662704978736436)
(14.0, 9.0, 53.00629866501535)
(14.0, 10.0, 48.137451702862073)
(14.0, 11.0, 51.103479580028512)
(14.0, 12.0, 48.779121703502639)
(14.0, 13.0, 44.797454651163306)
(14.0, 14.0, 47.059240839982486)
(14.0, 15.0, 49.255508951358543)
(14.0, 16.0, 48.647452831366294)
(14.0, 17.0, 46.647417472428664)
(14.0, 18.0, 50.203376792652556)
(14.0, 19.0, 49.657356843611254)
(14.0, 20.0, 54.014947787400899)
(14.0, 21.0, 49.644257747778148)
(14.0, 22.0, 49.893483741543626)
(14.0, 23.0, 50.139952940965706)
(14.0, 24.0, 47.264961882220774)
(14.0, 25.0, 44.785593117928542)
(14.0, 26.0, 50.340991418226963)
(14.0, 27.0, 49.725233815895301)
(14.0, 28.0, 50.18131349616165)
(14.0, 29.0, 49.335794553206796)
(14.0, 30.0, 49.19749014415283)
(14.0, 31.0, 46.750235217515979)
(14.0, 32.0, 52.606206370388307)
(14.0, 33.0, 48.666391459083357)
(14.0, 34.0, 50.842393869380182)
(14.0, 35.0, 50.2547197346709)
(14.0, 36.0, 47.478930823983234)
(14.0, 37.0, 45.95537412137157)
(14.0, 38.0, 47.451110131108479)
(14.0, 39.0, 47.103330033019887)
(14.0, 40.0, 46.166021332578474)
(14.0, 41.0, 51.619815040185642)
(14.0, 42.0, 47.32192361737237)
(14.0, 43.0, 47.976018468097422)
(14.0, 44.0, 48.667967322507735)
(14.0, 45.0, 50.740686223244595)
(14.0, 46.0, 45.497646586330937)
(14.0, 47.0, 46.719250042906395)
(14.0, 48.0, 48.823983176977443)
(14.0, 49.0, 48.741254565980583)
(14.0, 50.0, 47.376486860255241)
(14.0, 51.0, 46.053915918821446)
(14.0, 52.0, 47.462897456360508)
(14.0, 53.0, 49.565792968546305)
(14.0, 54.0, 46.548822773359859)
(14.0, 55.0, 50.753440918839424)
(14.0, 56.0, 50.431910718462909)
(14.0, 57.0, 45.730910996377943)
(14.0, 58.0, 49.948893022168747)
(14.0, 59.0, 47.954180511783463)
(14.0, 60.0, 48.63829485048106)
(14.0, 61.0, 46.251676137481546)
(14.0, 62.0, 48.73576272017813)
(14.0, 63.0, 47.818901056107535)
(14.0, 64.0, 52.037369796987285)
(14.0, 65.0, 48.574494186386772)
(14.0, 66.0, 46.400504697218146)
(14.0, 67.0, 43.352217986165563)
(14.0, 68.0, 51.003576713227787)
(14.0, 69.0, 46.962127232875893)
(14.0, 70.0, 47.829929302384613)
(14.0, 71.0, 51.458686822180937)
(14.0, 72.0, 47.316100307337194)
(14.0, 73.0, 48.096513711482729)
(14.0, 74.0, 48.134632062226679)
(14.0, 75.0, 50.557675790792771)
(14.0, 76.0, 51.88967431362336)
(14.0, 77.0, 48.026825463927686)
(14.0, 78.0, 48.453144264389891)
(14.0, 79.0, 47.513820329449821)
(14.0, 80.0, 53.977979955936384)
(14.0, 81.0, 50.667402477170199)
(14.0, 82.0, 48.565885171021804)
(14.0, 83.0, 48.563832384634857)
(14.0, 84.0, 48.116260619372518)
(14.0, 85.0, 45.591573653469808)
(14.0, 86.0, 46.744297461085765)
(14.0, 87.0, 49.429677896877593)
(14.0, 88.0, 43.981960697310029)
(14.0, 89.0, 49.125573098566548)
(14.0, 90.0, 48.450396426940813)
(14.0, 91.0, 46.277043921991591)
(14.0, 92.0, 51.735156832785421)
(14.0, 93.0, 48.899195554026868)
(14.0, 94.0, 50.233669265256694)
(14.0, 95.0, 51.032541732137744)
(14.0, 96.0, 52.170499678361786)
(14.0, 97.0, 49.271855388240695)
(14.0, 98.0, 53.004917784158152)
(14.0, 99.0, 51.628867284562943)
(15.0, 0.0, 47.632607640585633)
(15.0, 1.0, 46.191035121736199)
(15.0, 2.0, 46.518053646675931)
(15.0, 3.0, 50.208904170555897)
(15.0, 4.0, 50.863263038062918)
(15.0, 5.0, 47.636945790223137)
(15.0, 6.0, 50.986407108769285)
(15.0, 7.0, 50.32040623443757)
(15.0, 8.0, 53.318830432420171)
(15.0, 9.0, 55.870619528167943)
(15.0, 10.0, 49.075795595799477)
(15.0, 11.0, 53.379842634200706)
(15.0, 12.0, 50.700173201646599)
(15.0, 13.0, 49.407177429620937)
(15.0, 14.0, 45.791137922395343)
(15.0, 15.0, 50.634738069321351)
(15.0, 16.0, 48.919443803278185)
(15.0, 17.0, 48.724939363000729)
(15.0, 18.0, 52.982837679163573)
(15.0, 19.0, 48.08363706385704)
(15.0, 20.0, 50.833356742041303)
(15.0, 21.0, 47.874038037737677)
(15.0, 22.0, 46.289595778836414)
(15.0, 23.0, 51.45557414194387)
(15.0, 24.0, 47.778342913481502)
(15.0, 25.0, 45.637262798824395)
(15.0, 26.0, 49.913605321904029)
(15.0, 27.0, 50.111922463786676)
(15.0, 28.0, 50.245741051429412)
(15.0, 29.0, 47.717048033233318)
(15.0, 30.0, 48.454501573109759)
(15.0, 31.0, 48.814136243827193)
(15.0, 32.0, 53.213589671363806)
(15.0, 33.0, 51.276533103782455)
(15.0, 34.0, 51.557429644528732)
(15.0, 35.0, 49.05989440960532)
(15.0, 36.0, 49.746564718897474)
(15.0, 37.0, 48.290802860451208)
(15.0, 38.0, 49.575616425420762)
(15.0, 39.0, 48.261855279454508)
(15.0, 40.0, 45.474345554618665)
(15.0, 41.0, 50.910142988979267)
(15.0, 42.0, 49.171168083120762)
(15.0, 43.0, 48.580611277783106)
(15.0, 44.0, 47.646561918416964)
(15.0, 45.0, 50.351755962032811)
(15.0, 46.0, 44.135915978884555)
(15.0, 47.0, 47.469755572851987)
(15.0, 48.0, 48.816578037784041)
(15.0, 49.0, 47.845189591443962)
(15.0, 50.0, 45.936381191073885)
(15.0, 51.0, 48.158841546332553)
(15.0, 52.0, 50.520296271037253)
(15.0, 53.0, 49.4732972368014)
(15.0, 54.0, 47.505117284590739)
(15.0, 55.0, 50.299413501488132)
(15.0, 56.0, 49.981253248930727)
(15.0, 57.0, 45.91049351974344)
(15.0, 58.0, 49.957178148802271)
(15.0, 59.0, 50.089302783581005)
(15.0, 60.0, 50.436236897253728)
(15.0, 61.0, 48.605417961291536)
(15.0, 62.0, 48.389818382567242)
(15.0, 63.0, 47.594676775968608)
(15.0, 64.0, 50.683499881533329)
(15.0, 65.0, 49.947337472893466)
(15.0, 66.0, 45.338465775827743)
(15.0, 67.0, 45.286344141025651)
(15.0, 68.0, 51.163628172452164)
(15.0, 69.0, 51.52388623004682)
(15.0, 70.0, 49.367309842732823)
(15.0, 71.0, 51.327207275479843)
(15.0, 72.0, 49.750477589973066)
(15.0, 73.0, 52.352468742922696)
(15.0, 74.0, 46.186253806628699)
(15.0, 75.0, 49.158282043902581)
(15.0, 76.0, 52.432842950656173)
(15.0, 77.0, 47.447816681883324)
(15.0, 78.0, 50.961663594887753)
(15.0, 79.0, 46.032935953668073)
(15.0, 80.0, 52.315237824527117)
(15.0, 81.0, 50.228580290229985)
(15.0, 82.0, 49.478017462987872)
(15.0, 83.0, 50.614680743121383)
(15.0, 84.0, 44.891982548593312)
(15.0, 85.0, 47.825966485887463)
(15.0, 86.0, 47.629121869095712)
(15.0, 87.0, 50.165477208090223)
(15.0, 88.0, 45.203591935064665)
(15.0, 89.0, 51.98627141632339)
(15.0, 90.0, 48.341287603983631)
(15.0, 91.0, 45.109854315066997)
(15.0, 92.0, 49.782088273208146)
(15.0, 93.0, 48.913816790711358)
(15.0, 94.0, 51.116968200599111)
(15.0, 95.0, 52.884567891449002)
(15.0, 96.0, 51.919860533765032)
(15.0, 97.0, 52.000247847961205)
(15.0, 98.0, 50.816667779342112)
(15.0, 99.0, 51.786896438510183)
(16.0, 0.0, 48.751449306744121)
(16.0, 1.0, 48.152877967841206)
(16.0, 2.0, 50.361070902001757)
(16.0, 3.0, 51.654863683270804)
(16.0, 4.0, 51.238623024470712)
(16.0, 5.0, 50.261909132405393)
(16.0, 6.0, 53.900520932287463)
(16.0, 7.0, 50.296789975668219)
(16.0, 8.0, 54.749433571720871)
(16.0, 9.0, 54.942303282668661)
(16.0, 10.0, 51.343950361099203)
(16.0, 11.0, 54.43802771709786)
(16.0, 12.0, 49.704262642546567)
(16.0, 13.0, 47.088494916259506)
(16.0, 14.0, 51.672388360009762)
(16.0, 15.0, 51.954793663882754)
(16.0, 16.0, 50.805714396637434)
(16.0, 17.0, 51.206497681466615)
(16.0, 18.0, 50.670502774650508)
(16.0, 19.0, 50.212870967061988)
(16.0, 20.0, 52.866471080601094)
(16.0, 21.0, 48.653194678559885)
(16.0, 22.0, 49.677700710778822)
(16.0, 23.0, 53.055436635220971)
(16.0, 24.0, 50.346138175742041)
(16.0, 25.0, 48.27724848735572)
(16.0, 26.0, 52.231204087046741)
(16.0, 27.0, 50.949684376491547)
(16.0, 28.0, 51.920741755928645)
(16.0, 29.0, 50.012042038958256)
(16.0, 30.0, 50.391709740467107)
(16.0, 31.0, 49.321772091887162)
(16.0, 32.0, 54.758192482085477)
(16.0, 33.0, 51.453499003241618)
(16.0, 34.0, 51.421685032963673)
(16.0, 35.0, 50.868943581676916)
(16.0, 36.0, 51.76541810778243)
(16.0, 37.0, 47.496381651532133)
(16.0, 38.0, 50.534555189725758)
(16.0, 39.0, 47.940732989421896)
(16.0, 40.0, 49.094265129213333)
(16.0, 41.0, 52.858159450397174)
(16.0, 42.0, 50.177792333925197)
(16.0, 43.0, 50.756916145462981)
(16.0, 44.0, 50.45931618471451)
(16.0, 45.0, 52.208580947103357)
(16.0, 46.0, 47.069966771295654)
(16.0, 47.0, 47.528903513605435)
(16.0, 48.0, 52.267566217896309)
(16.0, 49.0, 49.634613080508281)
(16.0, 50.0, 47.950352694941074)
(16.0, 51.0, 46.904195141027898)
(16.0, 52.0, 52.211676457492558)
(16.0, 53.0, 53.555984334411605)
(16.0, 54.0, 48.893196270214595)
(16.0, 55.0, 50.791428802912527)
(16.0, 56.0, 51.217883975970778)
(16.0, 57.0, 48.528970394781339)
(16.0, 58.0, 52.021911133873814)
(16.0, 59.0, 52.057857298494014)
(16.0, 60.0, 52.20879194119702)
(16.0, 61.0, 48.200851433478462)
(16.0, 62.0, 52.027374406016122)
(16.0, 63.0, 47.281394677053527)
(16.0, 64.0, 50.283688609573737)
(16.0, 65.0, 49.211081407388662)
(16.0, 66.0, 48.738129290378879)
(16.0, 67.0, 48.362485609410733)
(16.0, 68.0, 52.129146013145778)
(16.0, 69.0, 49.740650285327945)
(16.0, 70.0, 50.057019472502219)
(16.0, 71.0, 55.539188649168061)
(16.0, 72.0, 49.366491382986965)
(16.0, 73.0, 51.145681190801255)
(16.0, 74.0, 48.461293745356414)
(16.0, 75.0, 52.79858140820447)
(16.0, 76.0, 51.142646705031559)
(16.0, 77.0, 52.067606900453129)
(16.0, 78.0, 52.789589095921613)
(16.0, 79.0, 48.028535519343265)
(16.0, 80.0, 54.091942959502589)
(16.0, 81.0, 51.640034543855379)
(16.0, 82.0, 50.275300548865488)
(16.0, 83.0, 50.911873271142611)
(16.0, 84.0, 48.616217137469015)
(16.0, 85.0, 48.015057000106673)
(16.0, 86.0, 46.963880399987033)
(16.0, 87.0, 51.211575387108681)
(16.0, 88.0, 46.860350299658919)
(16.0, 89.0, 52.711293911924784)
(16.0, 90.0, 50.593016794834867)
(16.0, 91.0, 46.770539386651336)
(16.0, 92.0, 53.212000204938889)
(16.0, 93.0, 51.384724504386938)
(16.0, 94.0, 50.814178120729068)
(16.0, 95.0, 53.14471144404861)
(16.0, 96.0, 55.077494697041445)
(16.0, 97.0, 53.4017923559149)
(16.0, 98.0, 51.489095191076252)
(16.0, 99.0, 54.107028719878222)
(17.0, 0.0, 44.026980248067218)
(17.0, 1.0, 45.774949184181125)
(17.0, 2.0, 45.937920265441576)
(17.0, 3.0, 44.083674939590544)
(17.0, 4.0, 44.899902819774468)
(17.0, 5.0, 44.990901081423274)
(17.0, 6.0, 44.948216506223616)
(17.0, 7.0, 47.908778688706185)
(17.0, 8.0, 48.090378303558381)
(17.0, 9.0, 50.305099585305818)
(17.0, 10.0, 44.786725471293799)
(17.0, 11.0, 48.17686590633587)
(17.0, 12.0, 44.871416178366573)
(17.0, 13.0, 43.839604508371195)
(17.0, 14.0, 43.620702843707804)
(17.0, 15.0, 45.727075704676821)
(17.0, 16.0, 48.141205225489308)
(17.0, 17.0, 42.251060192094911)
(17.0, 18.0, 47.287703680582737)
(17.0, 19.0, 49.62816303550396)
(17.0, 20.0, 48.57626947033134)
(17.0, 21.0, 45.342228885364136)
(17.0, 22.0, 44.01705895360891)
(17.0, 23.0, 46.068458771118621)
(17.0, 24.0, 42.47975516245684)
(17.0, 25.0, 40.122352534186163)
(17.0, 26.0, 48.640999239778253)
(17.0, 27.0, 46.989837941593414)
(17.0, 28.0, 48.486971313937794)
(17.0, 29.0, 44.521999813913332)
(17.0, 30.0, 43.987496710600645)
(17.0, 31.0, 45.779335154985823)
(17.0, 32.0, 46.175691637495191)
(17.0, 33.0, 47.669120858896079)
(17.0, 34.0, 46.515842751388732)
(17.0, 35.0, 44.100016167568938)
(17.0, 36.0, 47.353140905409383)
(17.0, 37.0, 43.720620293899259)
(17.0, 38.0, 45.491345360576275)
(17.0, 39.0, 43.610761121778616)
(17.0, 40.0, 44.426898394273429)
(17.0, 41.0, 48.543005231115217)
(17.0, 42.0, 43.777192472467078)
(17.0, 43.0, 45.611492742297671)
(17.0, 44.0, 44.050027435235435)
(17.0, 45.0, 49.250749893183638)
(17.0, 46.0, 42.965967745640327)
(17.0, 47.0, 44.733467228535169)
(17.0, 48.0, 45.212668915739272)
(17.0, 49.0, 47.42817940663474)
(17.0, 50.0, 42.962211708741563)
(17.0, 51.0, 43.967379500865235)
(17.0, 52.0, 44.016204257687221)
(17.0, 53.0, 46.967797016779699)
(17.0, 54.0, 41.804675235733797)
(17.0, 55.0, 47.46766824421924)
(17.0, 56.0, 44.564069926787241)
(17.0, 57.0, 41.64920106674407)
(17.0, 58.0, 46.600158370310652)
(17.0, 59.0, 46.647905237374928)
