(5813, 493.8245213063305)
(5814, 495.90822889056494)
(5815, 497.86700972870165)
(5816, 489.15838735717568)
(5817, 496.45836070106981)
(5818, 501.63479411044131)
(5819, 500.75352279496627)
(5820, 484.94073561434647)
(5821, 508.50505656546102)
(5822, 494.32533678841889)
(5823, 500.08853355810885)
(5824, 499.60374027252874)
(5825, 500.38473755102052)
(5826, 505.82808002728268)
(5827, 511.92289196926623)
(5828, 499.27032839067806)
(5829, 509.03574621227773)
(5830, 500.22824469102449)
(5831, 500.07286940299491)
(5832, 496.15130668756194)
(5833, 498.62577006434947)
(5834, 478.97387758592959)
(5835, 507.44576652608089)
(5836, 500.49102110397337)
(5837, 506.39227146741638)
(5838, 478.31254395305706)
(5839, 488.55852668090813)
(5840, 500.58617061579218)
(5841, 492.10017349951409)
(5842, 502.51289818673689)
(5843, 492.43122718832103)
(5844, 488.75384416267207)
(5845, 489.80279006244007)
(5846, 496.16322619661833)
(5847, 495.84343172707179)
(5848, 497.36301395196006)
(5849, 497.1514171794152)
(5850, 496.37818318170173)
(5851, 505.45106948172003)
(5852, 487.2335931534642)
(5853, 502.29523249117125)
(5854, 493.33586217780299)
(5855, 495.15410545507734)
(5856, 488.42880813307573)
(5857, 500.19548887147772)
(5858, 490.86999794461593)
(5859, 491.74930866348478)
(5860, 503.52184643686735)
(5861, 474.60742207457736)
(5862, 480.87244309728248)
(5863, 512.40181094706213)
(5864, 496.06897216871516)
(5865, 494.24463364518488)
(5866, 491.93392270499578)
(5867, 494.11688770127222)
(5868, 490.86429361379294)
(5869, 508.84018475515006)
(5870, 495.32118211522072)
(5871, 500.31835529962427)
(5872, 499.58013311013968)
(5873, 497.69584367024004)
(5874, 488.42264530029126)
(5875, 490.97523860779893)
(5876, 511.32362591940478)
(5877, 491.03889927174407)
(5878, 497.83265013669279)
(5879, 495.35239791103209)
(5880, 487.04795659456244)
(5881, 498.50108870310873)
(5882, 489.39023384394488)
(5883, 493.51171864337277)
(5884, 500.93741384471662)
(5885, 500.23196813934095)
(5886, 489.45023035266001)
(5887, 505.94296282326854)
(5888, 487.20094136555997)
(5889, 504.09469782438532)
(5890, 502.66690222571458)
(5891, 490.79654937623343)
(5892, 490.10307373430408)
(5893, 497.35601018277458)
(5894, 487.65855675071248)
(5895, 499.35286135626632)
(5896, 485.39721440409915)
(5897, 498.2799501590307)
(5898, 496.80400736341875)
(5899, 509.27395745974241)
(5900, 503.72289783090457)
(5901, 496.11065754533644)
(5902, 490.21486189508323)
(5903, 485.47467797378977)
(5904, 492.0690277520938)
