(969, 493.79041996168803)
(970, 500.72169577924433)
(971, 494.39612520568221)
(972, 496.70333171022668)
(973, 485.38559242703622)
(974, 483.42974054842813)
(975, 494.38690714542224)
(976, 498.70958961041856)
(977, 492.31969920814504)
(978, 505.73358874936946)
(979, 499.72284941252838)
(980, 496.92731696997936)
(981, 502.95732298908524)
(982, 507.71224551105189)
(983, 501.25401829150752)
(984, 501.04087172565579)
(985, 497.09952534007977)
(986, 503.42899429500028)
(987, 491.58231606305503)
(988, 491.55661113900339)
(989, 502.50105268795937)
(990, 498.38409794391259)
(991, 499.56430929676588)
(992, 497.70926050870207)
(993, 499.36383435493821)
(994, 500.23771334166241)
(995, 502.18978253557475)
(996, 500.83863565988941)
(997, 493.45672839878057)
(998, 496.33928802604464)
(999, 498.45390296670331)
(1000, 493.35484186947377)
(1001, 504.57083302013376)
(1002, 493.77459119710784)
(1003, 495.54776937150507)
(1004, 488.76728820153556)
(1005, 488.13546980572062)
(1006, 498.2337263259659)
(1007, 494.54747340706433)
(1008, 502.06237285805861)
(1009, 504.54541027126038)
(1010, 486.57498995092817)
(1011, 492.42848586982711)
(1012, 494.43835371301952)
(1013, 488.29706951136052)
(1014, 496.25452575859515)
(1015, 493.9793677528811)
(1016, 504.47267966897277)
(1017, 488.00169632426605)
(1018, 506.62654148684908)
(1019, 496.24356475921456)
(1020, 506.74685814747659)
(1021, 502.52050187451005)
(1022, 493.42103349649915)
(1023, 501.99918078554185)
(1024, 514.14412273003006)
(1025, 492.02007532629591)
(1026, 502.08006993960595)
(1027, 492.70139865308056)
(1028, 495.15356252033621)
(1029, 490.36308954142896)
(1030, 505.60666000467404)
(1031, 497.80400967092868)
(1032, 485.28087263867315)
(1033, 497.54495001587406)
(1034, 496.85488593835288)
(1035, 491.74851529500677)
(1036, 496.06981786015029)
(1037, 494.73115312783187)
(1038, 495.73763089507236)
(1039, 497.92737552877406)
(1040, 487.47602517772805)
(1041, 499.00281548793231)
(1042, 480.20795004599802)
(1043, 488.13509289354306)
(1044, 500.23223387727865)
(1045, 483.10264728479842)
(1046, 487.45906566943074)
(1047, 487.88761767738299)
(1048, 506.13058015440384)
(1049, 489.59048131167071)
(1050, 496.34434859435714)
(1051, 492.15078928259328)
(1052, 508.45546939027167)
(1053, 497.6583030248629)
(1054, 502.63112779943009)
(1055, 492.30823469996631)
(1056, 501.25311219148944)
(1057, 500.75611539189475)
(1058, 498.7396934720399)
(1059, 485.44890592837373)
(1060, 495.01600334998204)
(1061, 499.5541508042474)
(1062, 491.23232124924021)
(1063, 478.21944220253772)
(1064, 503.51314446281265)
(1065, 495.39844321765923)
(1066, 476.5527891278341)
(1067, 500.37646498464591)
(1068, 488.30068850002613)
(1069, 491.89919501523678)
(1070, 486.85859648164467)
(1071, 474.15846397306484)
(1072, 496.26446770445614)
(1073, 492.25133786727474)
(1074, 484.88959577857645)
(1075, 499.59125578317759)
(1076, 498.86019183728524)
(1077, 490.7874855380752)
(1078, 496.96589910273974)
(1079, 494.46039501346883)
(1080, 499.56379523163298)
(1081, 506.44657858058724)
(1082, 480.09948185653218)
(1083, 493.66322372430773)
(1084, 497.52922135088181)
(1085, 493.35711097160879)
(1086, 499.81333923500119)
(1087, 484.08010491936875)
(1088, 490.77259567138253)
