(5060, 491.59711181010624)
(5061, 492.12742681212364)
(5062, 486.00626999567203)
(5063, 505.23696717701512)
(5064, 493.75064655416509)
(5065, 494.10877408340275)
(5066, 493.05686122565487)
(5067, 489.18723835621449)
(5068, 499.06959763273323)
(5069, 506.28513862222172)
(5070, 499.04193488310136)
(5071, 504.83015103036178)
(5072, 492.91383717246521)
(5073, 492.15384724309206)
(5074, 495.90935407376173)
(5075, 508.78575098591546)
(5076, 506.50372300059666)
(5077, 491.49100120641708)
(5078, 493.12718988554968)
(5079, 482.43708998698196)
(5080, 480.79551850873668)
(5081, 496.81176545383323)
(5082, 489.1695554495592)
(5083, 498.99107197270212)
(5084, 502.57301742770426)
(5085, 487.62011792592921)
(5086, 498.18007279070241)
(5087, 506.41257230970609)
(5088, 501.44071437534876)
(5089, 490.46021747452517)
(5090, 497.15536896835306)
(5091, 504.00807843922792)
(5092, 495.03651506973313)
(5093, 478.08078187448581)
(5094, 484.43305195030939)
(5095, 485.29315338709563)
(5096, 494.59527764344818)
(5097, 494.76662553756773)
(5098, 481.16266954177519)
(5099, 497.62145027467915)
(5100, 485.61275900908385)
(5101, 493.07533618924276)
(5102, 501.36396508518732)
(5103, 492.09564377717703)
(5104, 508.11814102858318)
(5105, 505.60154921973071)
(5106, 516.61109656238114)
(5107, 506.50820803020849)
(5108, 494.54389671907518)
(5109, 490.98631354728144)
(5110, 488.42202668375603)
(5111, 504.19413069657719)
(5112, 496.4386531482578)
(5113, 504.16998092260519)
(5114, 482.40679854894051)
(5115, 497.67469948111824)
(5116, 496.85928711573968)
(5117, 503.78760050539927)
(5118, 503.29310608796209)
(5119, 491.19911154522833)
(5120, 500.81964934418363)
(5121, 501.87178873612135)
(5122, 492.03884173177585)
(5123, 499.07047059959314)
(5124, 504.29542419500524)
(5125, 495.28166020995229)
(5126, 502.47592517885903)
(5127, 509.27926426257773)
(5128, 501.70578676708567)
(5129, 493.48947278246209)
(5130, 498.53055662982393)
(5131, 498.29573282555657)
(5132, 498.62248954456231)
(5133, 491.6052271160396)
(5134, 504.6592816234795)
(5135, 490.15042256001345)
(5136, 481.55197156467977)
(5137, 493.97246574534324)
(5138, 508.8895844161782)
(5139, 488.60365435540808)
(5140, 517.78594538186439)
(5141, 500.36701809680528)
(5142, 504.59261949940657)
(5143, 504.09607628163394)
(5144, 496.34772218998705)
(5145, 503.6444085277505)
(5146, 490.37811495271967)
(5147, 492.79759140568689)
(5148, 494.90280163526694)
(5149, 500.18479811516852)
(5150, 493.22355408025521)
(5151, 495.21588516402835)
(5152, 487.50770833989543)
(5153, 492.63463708064376)
(5154, 510.34747073866731)
(5155, 500.60400030785553)
(5156, 491.15078677614554)
(5157, 507.12111012241076)
(5158, 499.79286394157725)
(5159, 498.81833225638564)
(5160, 489.19788268831212)
(5161, 500.94351950365126)
