(8049, 500.35756383251146)
(8050, 500.49255268964964)
(8051, 514.15453879665347)
(8052, 505.48116654374945)
(8053, 493.23342099357558)
(8054, 490.50233229983348)
(8055, 501.81103411520292)
(8056, 502.9227299490488)
(8057, 501.62468497921753)
(8058, 492.90061362703716)
(8059, 487.71054430515562)
(8060, 492.24557080958181)
(8061, 487.16006160618849)
(8062, 491.62734040865058)
(8063, 490.27941132183372)
(8064, 493.75489950231014)
(8065, 494.32712437890842)
(8066, 493.02134682241638)
(8067, 504.78093176968991)
(8068, 498.22701409486899)
(8069, 501.00066713023199)
(8070, 498.59523420192738)
(8071, 496.29315125029245)
(8072, 497.11017014394247)
(8073, 520.82812108366238)
(8074, 508.08903512218956)
(8075, 477.62559896931469)
(8076, 495.27314415075091)
(8077, 504.63236238550155)
(8078, 505.02428015563663)
(8079, 500.08155665034315)
(8080, 501.34896585446228)
(8081, 490.89033851545901)
(8082, 495.36538276125862)
(8083, 497.1860605544129)
(8084, 502.68737645632541)
(8085, 514.6857929656187)
(8086, 497.27533432017833)
(8087, 495.28345528380487)
(8088, 498.47974181222935)
(8089, 488.89810735776979)
(8090, 499.34226190265002)
(8091, 511.98958742824294)
(8092, 519.26307906001625)
(8093, 484.59699059314994)
(8094, 510.36778372834078)
(8095, 486.23107049939006)
(8096, 505.60324874102338)
(8097, 486.51196225004622)
(8098, 490.27255843296223)
(8099, 497.9767051449341)
(8100, 496.64151790429287)
(8101, 497.58070453769119)
(8102, 502.66856894898569)
(8103, 494.46723632640499)
(8104, 498.67853339717834)
(8105, 495.03954151247314)
(8106, 506.13957681893663)
(8107, 499.57322533034653)
(8108, 496.41944118623684)
(8109, 496.50611705504593)
(8110, 509.40430597593064)
(8111, 498.38115490768314)
(8112, 481.41148665507524)
(8113, 477.66456639650085)
(8114, 500.61901046019159)
(8115, 478.28713209360927)
(8116, 506.95184986832214)
(8117, 501.8085372188159)
(8118, 510.49635652036756)
(8119, 491.15958447813887)
(8120, 497.05893945938169)
(8121, 487.4323072680574)
(8122, 487.11720711060684)
(8123, 499.27093752044868)
(8124, 481.77622049804148)
(8125, 483.47544505926084)
(8126, 488.09409406431826)
(8127, 485.56004622682406)
(8128, 486.87653683849044)
(8129, 489.57022130326834)
(8130, 499.66411559452541)
(8131, 496.15520368958971)
(8132, 495.22719980755551)
(8133, 491.7761746051948)
(8134, 492.57547556608608)
(8135, 512.08477272226253)
(8136, 502.4307843173525)
(8137, 495.52805417672863)
(8138, 487.41603206844411)
(8139, 508.06477231118146)
(8140, 502.8726184554331)
(8141, 498.84153723335299)
(8142, 506.31572029846802)
(8143, 503.66216439803225)
(8144, 497.63062935506366)
(8145, 489.42570365167325)
(8146, 491.96323219992126)
(8147, 499.63510591384983)
(8148, 492.30294392767416)
(8149, 487.62694825575426)
(8150, 503.00825522718708)
(8151, 501.16473905969798)
(8152, 494.67928834260567)
(8153, 497.40852609929698)
(8154, 491.72416209736537)
(8155, 497.4291839944982)
(8156, 486.56600851306496)
(8157, 482.52690070804181)
(8158, 499.16858931358206)
(8159, 501.11178345443648)
(8160, 492.36163986648728)
(8161, 501.81937346122402)
(8162, 497.83643328478058)
(8163, 493.22976455770311)
(8164, 508.25518271992109)
(8165, 484.52707581858749)
(8166, 487.00479653642435)
(8167, 499.16937731257303)
(8168, 505.81299669942007)
(8169, 502.18977175578482)
(8170, 499.14081444368969)
(8171, 486.05850403662134)
(8172, 507.18765935520008)
(8173, 510.94927582327176)
(8174, 503.53051236610878)
(8175, 510.18398263591462)
(8176, 509.22374484916372)
(8177, 496.44127266707329)
(8178, 515.66740329472793)
(8179, 511.26156165371361)
(8180, 496.0699773325)
(8181, 487.98321249765695)
(8182, 502.24837302167634)
(8183, 501.74160228554592)
(8184, 496.54032116460507)
(8185, 491.25362770163167)
(8186, 510.40487347909414)
(8187, 494.79920500418177)
(8188, 493.00802140020176)
(8189, 504.73988788326585)
(8190, 492.1479877088376)
(8191, 487.85085782891099)
(8192, 502.76513669749932)
(8193, 508.58346941347429)
(8194, 502.3924741925772)
(8195, 493.70146534941568)
(8196, 509.69060235174527)
(8197, 513.86533478855108)
(8198, 494.73082037422176)
(8199, 482.48129693390058)
(8200, 490.62063581263351)
(8201, 494.02188318852336)
(8202, 511.99986360489913)
(8203, 493.07562308042611)
(8204, 497.06326943706381)
(8205, 489.84698087255396)
(8206, 495.98935841601769)
(8207, 485.77938956955109)
(8208, 517.43464426581079)
(8209, 496.88337737520982)
(8210, 491.19890809192111)
(8211, 497.2118583028215)
(8212, 497.55583572951099)
(8213, 495.87571196649037)
(8214, 487.16720647546367)
(8215, 493.17138360114961)
(8216, 499.29991565243722)
