(6760, 507.03107378080642)
(6761, 490.173627910108)
(6762, 490.78272488326741)
(6763, 485.48029532038203)
(6764, 485.72915297431001)
(6765, 493.538745572994)
(6766, 491.63905579618205)
(6767, 492.88654723432865)
(6768, 497.76054624560049)
(6769, 487.48373055286334)
(6770, 494.6488761543219)
(6771, 496.7535844953735)
(6772, 498.57317473508351)
(6773, 498.73831343428287)
(6774, 494.04689826853428)
(6775, 497.18804134167857)
(6776, 496.13515986417519)
(6777, 491.45302555060891)
(6778, 494.82226728999808)
(6779, 494.71590978165943)
(6780, 491.85104432938351)
(6781, 499.3149419416668)
(6782, 488.37087038893293)
(6783, 501.25167602732313)
(6784, 510.04655955511788)
(6785, 477.50849377264876)
(6786, 488.59649109278973)
(6787, 499.65980759843592)
(6788, 492.94829447917834)
(6789, 493.76337126873591)
(6790, 487.54853880303403)
(6791, 502.03544748237925)
(6792, 501.81319297764867)
(6793, 504.15686263739371)
(6794, 496.91522062821895)
(6795, 506.39014848466076)
(6796, 499.42506646158176)
(6797, 483.83323199682206)
(6798, 485.94548622457461)
(6799, 490.50465570983425)
(6800, 498.08216647696679)
(6801, 502.01019678766488)
(6802, 495.78429334211017)
(6803, 493.96944168010918)
(6804, 501.63514682447982)
(6805, 493.4944736779006)
(6806, 504.66873675719421)
(6807, 486.23246792886567)
(6808, 485.5564554470584)
(6809, 493.10024434464731)
(6810, 497.52685872016502)
(6811, 490.93027265695866)
(6812, 490.91188638717301)
(6813, 495.55457255723525)
(6814, 495.50419982194768)
(6815, 497.31893378331046)
(6816, 498.34406288110245)
(6817, 490.1500530503331)
(6818, 489.49077439968585)
(6819, 494.64577927756261)
(6820, 488.26367542509638)
(6821, 487.96593389930763)
(6822, 502.70955170452243)
(6823, 501.62882767158567)
(6824, 497.01955913659117)
(6825, 495.04864503782505)
(6826, 488.17231914240546)
(6827, 500.21426671902401)
(6828, 487.11342941341553)
(6829, 496.89847877385876)
(6830, 501.43904182966094)
(6831, 495.70333760406925)
(6832, 491.11542598616143)
(6833, 489.68340979960556)
(6834, 492.05154778675404)
(6835, 486.1432048055708)
(6836, 504.99214401329857)
(6837, 492.26899498904891)
(6838, 502.55828449962451)
(6839, 500.71213336539097)
(6840, 498.0038478815834)
(6841, 495.64050838405603)
(6842, 503.68369705176286)
(6843, 492.39355609242386)
(6844, 496.83793506227624)
(6845, 487.96426474301063)
(6846, 494.58537042128779)
(6847, 497.38570396986574)
(6848, 484.53775845358922)
(6849, 494.95181243625734)
(6850, 495.23861521741662)
(6851, 491.06032276346673)
(6852, 484.91139047998979)
(6853, 491.89102291460864)
(6854, 497.62362769581244)
(6855, 490.62989122362262)
(6856, 499.20137448751552)
(6857, 502.4174161365039)
(6858, 486.47514625349868)
(6859, 497.43658358111969)
(6860, 497.90646853981451)
(6861, 494.99748220059632)
(6862, 498.1682609759863)
(6863, 495.50568009932124)
(6864, 505.5495571555561)
(6865, 503.2941895953619)
(6866, 492.62765598211081)
(6867, 494.70209765506388)
(6868, 504.95883867904433)
(6869, 487.93293857776422)
(6870, 511.37225951015137)
(6871, 489.17236956574732)
(6872, 498.31303013359695)
(6873, 492.06686708539985)
(6874, 497.43916108985547)
(6875, 498.60728183604692)
(6876, 501.65351960756686)
(6877, 495.01733247800286)
(6878, 496.84576495322642)
(6879, 491.3656577040345)
(6880, 511.85660067383219)
(6881, 492.43576652048591)
(6882, 495.11123024580684)
(6883, 494.65129383279327)
(6884, 496.68013609677644)
(6885, 483.69680443747598)
(6886, 500.18412593146263)
(6887, 484.12113973318583)
(6888, 494.90925668897512)
(6889, 503.11017059372881)
(6890, 498.6896009496744)
(6891, 484.41472724859057)
(6892, 497.82943729204089)
(6893, 497.06256176291078)
(6894, 506.03452317887059)
(6895, 493.24074554201633)
(6896, 503.4802869677996)
(6897, 506.50209784582205)
(6898, 482.02520645050589)
(6899, 492.76768494987618)
(6900, 489.96873649501259)
(6901, 499.61629161938015)
(6902, 486.70151659125793)
(6903, 493.44762835478014)
