(3713, 500.49295603913384)
(3714, 500.55924282791716)
(3715, 483.33115284736107)
(3716, 494.03286921936876)
(3717, 491.93299838866824)
(3718, 496.17529212887973)
(3719, 495.76125451741018)
(3720, 490.50874459625743)
(3721, 504.34354027052586)
(3722, 494.15989692635884)
(3723, 498.52862221927569)
(3724, 491.72050713055165)
(3725, 507.22662214991658)
(3726, 492.68913941431418)
(3727, 489.01739764157583)
(3728, 502.8949685591175)
(3729, 494.44797345419755)
(3730, 491.36759212332208)
(3731, 495.51994293310577)
(3732, 494.40807971506956)
(3733, 503.01625363669916)
(3734, 501.27011447273736)
(3735, 494.81966269664775)
(3736, 501.64258889711738)
(3737, 503.03316799432071)
(3738, 504.04095107737817)
(3739, 487.22319280950455)
(3740, 485.94419892710511)
(3741, 489.01061785334116)
(3742, 485.51801880936148)
(3743, 507.18136121346436)
(3744, 490.99481845440357)
(3745, 497.74507688538381)
(3746, 504.53178179362681)
(3747, 489.80828426774752)
(3748, 485.30846508333684)
(3749, 492.57906946783743)
(3750, 509.9571941591372)
(3751, 496.32616044715098)
(3752, 499.3881072484478)
(3753, 473.56396866374058)
(3754, 492.97397025433759)
(3755, 497.44220288112751)
(3756, 500.74230484013918)
(3757, 493.34876516086098)
(3758, 494.41578741876424)
(3759, 504.95659472252714)
(3760, 501.09527657038655)
(3761, 494.92895076922417)
(3762, 485.45032815682043)
(3763, 492.68406695838871)
(3764, 501.09675235914972)
(3765, 503.73198080845827)
(3766, 505.53505942806601)
(3767, 501.00069900020071)
(3768, 498.09754429257282)
(3769, 494.32703162504561)
(3770, 503.62896866050096)
(3771, 493.33598234704624)
(3772, 496.88715021459666)
(3773, 489.78880443557324)
(3774, 500.22740186597264)
(3775, 503.70120942863514)
(3776, 496.92087713929783)
(3777, 511.77489494056346)
(3778, 494.09391246903306)
(3779, 497.61640624164829)
(3780, 486.8717464816217)
(3781, 502.71879995683588)
(3782, 487.82441736669256)
(3783, 493.62334097336907)
(3784, 496.50288772870169)
(3785, 496.25437167774385)
(3786, 505.94907292529717)
(3787, 511.47275305334603)
(3788, 495.92229466097353)
(3789, 510.42966709715779)
(3790, 508.83501719188058)
(3791, 499.64459214988608)
(3792, 490.64213703581902)
(3793, 498.1875680501845)
(3794, 492.94776571897751)
(3795, 502.08883296887063)
(3796, 501.09799064606801)
(3797, 511.34730279269456)
(3798, 499.95222526769919)
(3799, 491.10475237227968)
(3800, 495.37800968705915)
(3801, 506.20485460226519)
(3802, 490.98680106856989)
(3803, 500.60513993217955)
(3804, 509.50932828267617)
(3805, 509.40402057564961)
(3806, 500.98726779445195)
(3807, 492.10998447042363)
(3808, 491.47115863606433)
(3809, 493.59356922668724)
(3810, 503.90924951587766)
(3811, 499.70304496503627)
(3812, 487.10550318561525)
(3813, 498.60497223971498)
(3814, 487.42674515531087)
(3815, 502.04325204779821)
(3816, 486.46507071613547)
(3817, 501.90409039725893)
(3818, 499.85790083493691)
(3819, 492.52157518436002)
(3820, 489.28638061929576)
(3821, 488.05674261837879)
(3822, 512.30615976945489)
(3823, 508.04514828538561)
(3824, 493.84128616937915)
(3825, 492.68423509221998)
(3826, 511.46981133285459)
(3827, 497.48250856356481)
(3828, 498.69653108475916)
(3829, 510.0427739274615)
(3830, 500.86716023341438)
(3831, 490.28914683414462)
(3832, 499.00309899117855)
(3833, 493.97096013266224)
(3834, 497.16064744355754)
(3835, 497.28755178102404)
(3836, 489.81711819578175)
(3837, 490.23497838889909)
(3838, 500.78017456138093)
(3839, 487.54779970396544)
(3840, 497.4240585184931)
(3841, 483.60458521530973)
(3842, 499.9306956612661)
(3843, 493.93775668336019)
(3844, 501.09397088052327)
(3845, 503.52966441541901)
(3846, 496.47269074388277)
(3847, 494.17976953821949)
(3848, 489.70652124770947)
(3849, 494.98177578087763)
(3850, 494.02623877992687)
(3851, 484.5456368881035)
(3852, 513.29379427678145)
