(1939, 495.26472315550933)
(1940, 507.87160285168147)
(1941, 494.01590376786226)
(1942, 488.92942149310591)
(1943, 490.80353213417999)
(1944, 495.66926991761034)
(1945, 487.45427129057498)
(1946, 502.9097029381702)
(1947, 489.2445093325739)
(1948, 492.85044610962962)
(1949, 506.96454962073159)
(1950, 485.54815409908417)
(1951, 506.5096906975856)
(1952, 494.04134370188433)
(1953, 499.65528308524318)
(1954, 503.55788307711146)
(1955, 495.54017642094493)
(1956, 508.29343217198453)
(1957, 496.96829019719883)
(1958, 480.6473366185129)
(1959, 491.68083078826351)
(1960, 479.55225943260547)
(1961, 502.52716409421947)
(1962, 499.77263312213421)
(1963, 492.94159119024482)
(1964, 494.82539443464429)
(1965, 505.88261883770673)
(1966, 502.70474050365669)
(1967, 504.54834187168376)
(1968, 500.65246277972255)
(1969, 506.46697056661793)
(1970, 497.2668022444272)
(1971, 500.92752064060761)
(1972, 487.74020611924118)
(1973, 498.09249917396693)
(1974, 502.62447195545224)
(1975, 490.18572869824868)
(1976, 497.76163305641614)
(1977, 494.14147089423011)
(1978, 496.90728884710586)
(1979, 489.47362799005583)
(1980, 499.5830026294073)
(1981, 493.70467034523347)
(1982, 496.13318313533705)
(1983, 490.63980555022101)
(1984, 500.3954338933512)
(1985, 511.67831650580092)
(1986, 489.31823406863634)
(1987, 488.47010626571154)
(1988, 498.01552450850954)
(1989, 504.34071350872046)
(1990, 493.34538915616008)
(1991, 506.80436302504438)
(1992, 496.28305977412208)
(1993, 506.28311882563384)
(1994, 517.87236981900605)
(1995, 496.25111008859017)
(1996, 494.32702134203032)
(1997, 501.36535054323326)
(1998, 483.14700701470429)
(1999, 502.3364323643508)
(2000, 500.2267161030918)
(2001, 503.72716227496869)
(2002, 495.8978338844405)
(2003, 496.38634609220105)
(2004, 492.50916692316662)
(2005, 489.9288325206561)
(2006, 489.34106534954549)
(2007, 496.15065414063008)
(2008, 494.25317420094024)
(2009, 499.70557692663181)
(2010, 492.5069324004462)
(2011, 490.19872776927116)
(2012, 494.7449882857743)
(2013, 504.83126728801801)
(2014, 491.32285120837309)
(2015, 498.13012944271372)
(2016, 488.65883656575949)
(2017, 496.46418063670171)
(2018, 498.74031989530124)
(2019, 495.68145405036842)
(2020, 491.93413416642312)
(2021, 485.97930766425185)
(2022, 493.20520647978634)
(2023, 505.32825030172796)
(2024, 502.65109749351939)
(2025, 502.09393591693402)
(2026, 512.58374282016223)
(2027, 493.2279545927646)
(2028, 500.02984113202808)
(2029, 477.35724331602307)
(2030, 496.81669968117785)
(2031, 491.33626150023917)
(2032, 502.97531867258687)
(2033, 492.49642973662543)
(2034, 494.31274634329208)
(2035, 484.84564987826809)
(2036, 474.19990384309648)
(2037, 511.21010992945315)
(2038, 500.84562253034335)
(2039, 500.12576830981152)
(2040, 510.71534861741776)
(2041, 496.90957668269414)
(2042, 494.40995786420342)
(2043, 492.57954873365469)
(2044, 506.85319335499571)
(2045, 505.77586344843962)
(2046, 484.00271081637499)
(2047, 490.2321408408132)
(2048, 487.75791887309816)
(2049, 482.93563163822819)
(2050, 502.66453840382474)
(2051, 485.74748291892064)
(2052, 505.55190437149031)
(2053, 493.01815537308732)
(2054, 504.74332395085264)
(2055, 502.57551231560268)
(2056, 489.72989256067876)
(2057, 492.68732713196107)
(2058, 496.87116060755545)
(2059, 503.32545087011943)
(2060, 493.32630737312701)
(2061, 509.30015471520062)
(2062, 482.15182221413687)
(2063, 499.95835977763898)
(2064, 497.47897253091537)
(2065, 483.76570805219433)
(2066, 500.92717083225989)
(2067, 495.27691877806893)
(2068, 493.24714033832009)
(2069, 508.90801868748133)
(2070, 504.69904131212633)
(2071, 484.26973786936105)
(2072, 477.77721368036589)
(2073, 495.39285643042984)
(2074, 497.39198857440999)
(2075, 485.93899388152374)
(2076, 494.71385500684568)
(2077, 499.86659471736664)
(2078, 490.46483203706941)
(2079, 496.65623382475405)
(2080, 492.14071635751532)
(2081, 498.39537277090824)
(2082, 504.84263165415797)
(2083, 504.37329027164628)
(2084, 505.12347160183447)
(2085, 499.07334084884678)
(2086, 491.5229134966421)
