(2550, 500.46000795412112)
(2551, 494.03913639692257)
(2552, 503.74314094149042)
(2553, 486.32010435158202)
(2554, 482.46580274059187)
(2555, 490.36146236283014)
(2556, 497.94035334871865)
(2557, 490.24940043538163)
(2558, 484.72893943496916)
(2559, 505.88340573382396)
(2560, 503.477663332757)
(2561, 492.28310465885249)
(2562, 492.55874946136584)
(2563, 497.24070071406453)
(2564, 498.68935510941958)
(2565, 498.0220784999924)
(2566, 484.6691743623586)
(2567, 510.73957950172115)
(2568, 499.78304964039972)
(2569, 496.06360966814378)
(2570, 495.01050622337976)
(2571, 496.8533734898939)
(2572, 506.61564743066799)
(2573, 501.62278410897028)
(2574, 498.20066058383941)
(2575, 497.26421132289471)
(2576, 490.40820432209313)
(2577, 495.63117312126855)
(2578, 498.77823773987768)
(2579, 487.32642482493907)
(2580, 493.69279154789643)
(2581, 493.40779978400303)
(2582, 495.60461717444622)
(2583, 489.36133492816475)
(2584, 512.96854836823172)
(2585, 516.05661362065939)
(2586, 500.33104598874934)
(2587, 505.85288431633785)
(2588, 504.15584273745247)
(2589, 503.36942781647014)
(2590, 491.27585735242917)
(2591, 496.48531379186528)
(2592, 493.90627573403424)
(2593, 501.85087144397426)
(2594, 481.7612817799689)
(2595, 500.68141012563456)
(2596, 488.12147184064906)
(2597, 499.35351874165804)
(2598, 495.25609446803503)
(2599, 495.76910278676496)
(2600, 494.18643817876386)
(2601, 504.54679753087225)
(2602, 497.54861093188964)
(2603, 496.69711632000042)
(2604, 489.79015183882132)
(2605, 482.82104387604625)
(2606, 492.20790346535568)
(2607, 501.09689248562933)
(2608, 485.88782717623485)
(2609, 498.44022783638457)
(2610, 506.39437165504637)
(2611, 500.79448671493503)
(2612, 500.29704348009835)
(2613, 489.95136450046084)
(2614, 496.8258540228602)
(2615, 496.41040018111505)
(2616, 500.90782772086067)
(2617, 494.9334914029123)
(2618, 488.62920113440134)
(2619, 498.13758031424436)
(2620, 484.65010042655086)
(2621, 501.78638289354808)
(2622, 513.92210354292354)
(2623, 498.98344359395037)
(2624, 506.07726258783305)
(2625, 486.63515627466336)
(2626, 496.28219057521812)
(2627, 504.6555950483654)
(2628, 491.31771544737677)
(2629, 483.32529999638109)
(2630, 507.73456639861615)
(2631, 504.27587501428184)
(2632, 508.20111520475848)
(2633, 483.11449455691252)
(2634, 500.34344747560783)
(2635, 487.05008471503004)
(2636, 503.58133880354865)
(2637, 484.08543193447503)
(2638, 496.48408202548529)
(2639, 495.04482734752094)
(2640, 503.54725000487912)
(2641, 490.69796986195132)
(2642, 499.8590964146083)
(2643, 506.98968112102472)
(2644, 487.42554086598807)
(2645, 481.40020089049051)
(2646, 499.3328468339389)
(2647, 503.48886825007366)
(2648, 501.7874859743531)
(2649, 498.40686094498369)
(2650, 498.39268694196107)
(2651, 503.66131043035375)
(2652, 511.62577469083783)
(2653, 501.74799055289213)
(2654, 491.74552694340406)
(2655, 488.68851237378931)
(2656, 494.25861213660789)
(2657, 488.90362279021645)
(2658, 492.59001815918469)
(2659, 484.25816063024104)
(2660, 496.81261612960463)
(2661, 483.22074542414862)
(2662, 487.66655203494821)
(2663, 505.19376381919005)
(2664, 489.50227382236949)
(2665, 499.7368265582823)
(2666, 499.07240892757909)
(2667, 481.63122532718103)
(2668, 488.16130720576916)
(2669, 502.19406205694105)
(2670, 481.44557880274931)
(2671, 504.70282609278024)
(2672, 506.00361586157169)
(2673, 489.27942032873159)
(2674, 510.73933253914799)
(2675, 492.53144050271709)
(2676, 506.8479128326631)
(2677, 494.64195636089221)
(2678, 502.6972028188909)
(2679, 495.93067599037056)
(2680, 493.76882787547123)
(2681, 496.88774630067587)
(2682, 498.6017024412306)
(2683, 490.47705161225292)
(2684, 494.22673605898564)
(2685, 500.75095653317811)
(2686, 487.97148315902535)
(2687, 490.04325929410135)
(2688, 486.65486767500948)
(2689, 499.17324437505965)
(2690, 483.3202442056695)
(2691, 487.57191588957835)
(2692, 498.33425448958531)
(2693, 493.06773159309489)
(2694, 508.37437116036938)
(2695, 487.03022368082208)
(2696, 488.16804903204968)
