(4587, 496.2225984555335)
(4588, 500.0358569330939)
(4589, 490.50578201650177)
(4590, 502.2450797997011)
(4591, 513.54638398469979)
(4592, 499.89396098394263)
(4593, 511.01166787189538)
(4594, 494.208935908348)
(4595, 491.11148550189012)
(4596, 500.8290975882727)
(4597, 503.97628954802286)
(4598, 497.388937433997)
(4599, 488.87772151672056)
(4600, 503.08931941134745)
(4601, 497.19300874907378)
(4602, 491.82931616005999)
(4603, 504.67500543165244)
(4604, 498.66893822213319)
(4605, 502.49677584368658)
(4606, 496.50783380079207)
(4607, 500.30088901981105)
(4608, 496.52825691372766)
(4609, 513.43509142724133)
(4610, 498.35082750676702)
(4611, 494.78702423407856)
(4612, 498.46295831862943)
(4613, 480.45192896843974)
(4614, 500.65205395494041)
(4615, 486.12388572901824)
(4616, 499.58545298676381)
(4617, 490.46883210980172)
(4618, 479.48862905259307)
(4619, 510.5975037063518)
(4620, 503.4989056436803)
(4621, 492.3650415831936)
(4622, 503.96419502741389)
(4623, 486.33506913396889)
(4624, 514.01086483948575)
(4625, 488.33752313378335)
(4626, 502.38866029459507)
(4627, 488.36394286905022)
(4628, 496.11882819918958)
(4629, 499.2301124160465)
(4630, 494.52056492560791)
(4631, 494.45908769555268)
(4632, 501.66186803423585)
(4633, 512.33460618334834)
(4634, 506.66107484940238)
(4635, 489.74431378487674)
(4636, 493.01075534903305)
(4637, 501.2864098755615)
(4638, 493.98775250658474)
(4639, 506.36695371702876)
(4640, 486.8958133163523)
(4641, 495.26359644997234)
(4642, 508.44288356873199)
(4643, 503.24067711635143)
(4644, 496.52773613310512)
(4645, 500.41739422932687)
(4646, 489.84580487867828)
(4647, 496.35534130764563)
(4648, 481.51675524089853)
(4649, 489.05682635186758)
(4650, 502.35192661540464)
(4651, 487.93644784447935)
(4652, 502.31992381601196)
(4653, 505.75453118706957)
(4654, 495.81591929636943)
(4655, 495.37550526655821)
(4656, 490.25908820818199)
(4657, 485.06284458483719)
(4658, 507.95070686149398)
(4659, 500.43406901971878)
(4660, 491.44768672338296)
(4661, 481.82263513795976)
(4662, 499.02441666767868)
(4663, 490.97010815010339)
(4664, 498.10628936184264)
(4665, 509.89673523633093)
(4666, 490.88272051495414)
(4667, 484.02793173381997)
(4668, 497.44726257900436)
(4669, 495.77244190520531)
(4670, 495.24674956481977)
(4671, 505.1674486510945)
(4672, 494.50703621155048)
(4673, 494.69480030135594)
(4674, 501.45755333207467)
(4675, 502.28206592804639)
(4676, 493.06884727948335)
(4677, 509.39697685908914)
(4678, 500.7019946642904)
(4679, 494.38632404988061)
(4680, 490.12336482713107)
(4681, 489.23762963632828)
(4682, 493.46933952423433)
(4683, 498.61494273480486)
(4684, 501.16396257761545)
(4685, 491.66926312627243)
(4686, 485.35311033138839)
(4687, 490.31698045581152)
(4688, 510.88917627410859)
(4689, 493.92931099367013)
(4690, 500.62236694772406)
(4691, 489.09238185568387)
(4692, 505.91142436038342)
(4693, 491.48117844362343)
(4694, 488.64640755976632)
(4695, 489.7845504764822)
(4696, 499.03675647331875)
(4697, 492.46977736493818)
(4698, 497.80023567014689)
(4699, 493.00400454590255)
(4700, 497.46641651385431)
(4701, 498.66307557240992)
(4702, 486.61694828480933)
(4703, 498.70737129820071)
(4704, 501.67568324241216)
(4705, 495.8735932755061)
(4706, 492.96030843287269)
(4707, 474.94568821046425)
(4708, 502.51221070069732)
(4709, 509.92487737244221)
(4710, 500.40680648690375)
(4711, 493.6494774032019)
(4712, 493.50097795021196)
(4713, 490.11187703206605)
(4714, 501.04204106494285)
(4715, 495.85474535688633)
(4716, 492.56199975887569)
(4717, 500.72301683956806)
(4718, 493.80185787381811)
(4719, 486.62540759106577)
(4720, 493.39114318721846)
(4721, 484.39546242611482)
(4722, 502.43863130350769)
(4723, 494.96398802789906)
(4724, 489.70359453689196)
(4725, 496.82086417729755)
(4726, 487.42658334916632)
(4727, 490.57124055248192)
(4728, 497.59638551864839)
(4729, 492.20907931903764)
