(5596, 498.76006689921394)
(5597, 497.33073587112756)
(5598, 510.49526624442825)
(5599, 492.9530451694713)
(5600, 489.04074886020044)
(5601, 502.09161076455382)
(5602, 505.80902336392546)
(5603, 489.87821827686287)
(5604, 497.46007512112328)
(5605, 498.70448473687344)
(5606, 489.40568023920054)
(5607, 492.94672883005529)
(5608, 492.77411506232363)
(5609, 487.71657794926)
(5610, 492.58689681427165)
(5611, 500.7666719071384)
(5612, 506.96092843182248)
(5613, 499.93996809607438)
(5614, 493.87235035226672)
(5615, 500.06917275677284)
(5616, 490.41400410694735)
(5617, 498.97599005914071)
(5618, 500.06881018340187)
(5619, 495.1656534362786)
(5620, 493.06050795243783)
(5621, 484.99772215537132)
(5622, 502.93084510556264)
(5623, 490.46580468964896)
(5624, 497.53831511205516)
(5625, 494.16748051368529)
(5626, 493.69893841234091)
(5627, 497.89855979845561)
(5628, 492.22525982369979)
(5629, 494.0634381116904)
(5630, 499.61265366113378)
(5631, 508.26404706574789)
(5632, 498.22037585965745)
(5633, 494.06634326524471)
(5634, 487.75573424536054)
(5635, 476.46269736826201)
(5636, 506.54326763215357)
(5637, 485.79861808779458)
(5638, 494.27092017699295)
(5639, 490.45464542524752)
(5640, 466.77956867718257)
(5641, 494.91265144637896)
(5642, 489.11401971982582)
(5643, 502.60032296075337)
(5644, 492.71216119085909)
(5645, 486.0012606156983)
(5646, 496.45137307955724)
(5647, 498.31662724726959)
(5648, 501.02424134657451)
(5649, 497.846821751086)
(5650, 488.33492076664845)
(5651, 505.46026865751742)
(5652, 489.33102749313031)
(5653, 482.97221561150604)
(5654, 504.63589598121507)
(5655, 499.22916851631715)
(5656, 508.90361690806367)
(5657, 493.69442629160073)
(5658, 508.87465769314446)
(5659, 491.87359782385749)
(5660, 514.01671732794489)
(5661, 488.91507593377355)
(5662, 493.30073571366017)
(5663, 494.96341814349353)
(5664, 502.72175644361027)
(5665, 489.66266817323344)
(5666, 505.66609528274728)
(5667, 500.23168547001217)
(5668, 497.44381834466674)
(5669, 485.34298467678587)
(5670, 488.62665047841028)
(5671, 486.71293785090484)
(5672, 489.62303831503613)
(5673, 499.64663159269207)
(5674, 497.92548974470537)
(5675, 494.31233971771218)
(5676, 500.79388379123759)
(5677, 497.5740677778893)
(5678, 497.56140501946714)
(5679, 491.86215470481477)
(5680, 496.51901946814235)
(5681, 487.47307594930282)
(5682, 496.65210116559456)
(5683, 494.18974116275126)
(5684, 492.89749569516414)
(5685, 484.28577049388235)
(5686, 513.41615385611203)
(5687, 488.28543677542501)
(5688, 500.67320820575418)
(5689, 511.51726315902204)
(5690, 487.68417701179408)
(5691, 496.54953606740389)
(5692, 504.89147958587853)
(5693, 496.4403890635287)
(5694, 501.76985741426222)
(5695, 485.54716338733601)
(5696, 493.69123168225889)
(5697, 496.52648378219112)
(5698, 494.69158509917395)
(5699, 502.70052363548768)
(5700, 483.46159869380608)
(5701, 501.37218300317227)
(5702, 493.72384073573664)
(5703, 493.77264743120782)
(5704, 497.94695857515916)
(5705, 498.32166759990656)
(5706, 504.81365718747747)
(5707, 497.79552740186227)
(5708, 492.71714720391134)
(5709, 489.743311059191)
(5710, 497.19502602997176)
(5711, 492.96943479412488)
(5712, 496.57707642840842)
(5713, 496.21927448097892)
(5714, 502.54416390333586)
(5715, 501.62056851484249)
(5716, 490.99724287837364)
(5717, 501.99554104579977)
(5718, 493.40248419201475)
(5719, 498.82624719660714)
(5720, 507.03010312851444)
(5721, 498.47049085001834)
(5722, 496.30371355689124)
(5723, 496.50954472855767)
(5724, 495.25219231016484)
(5725, 498.14973169802579)
(5726, 470.81804291292156)
(5727, 491.50524552841517)
(5728, 506.11106254732897)
(5729, 496.49018378798723)
(5730, 491.5799384171894)
(5731, 502.42741533752167)
(5732, 494.22122123656141)
(5733, 505.04338680065655)
(5734, 499.4472055127876)
(5735, 504.38118039313417)
(5736, 500.88572412337749)
(5737, 503.54729163588098)
(5738, 502.78952623801996)
(5739, 494.35346755181649)
(5740, 508.35839862893658)
(5741, 500.69989196379856)
(5742, 495.85009854454665)
(5743, 493.19926454828459)
(5744, 494.46916424748736)
(5745, 497.10729481175008)
(5746, 486.65541028866664)
(5747, 495.13696598779222)
(5748, 491.61083450989361)
(5749, 501.99696194391555)
(5750, 503.88569731369262)
(5751, 502.68821114003009)
(5752, 481.39415580167235)
(5753, 486.36370393568347)
(5754, 494.82561180492576)
(5755, 491.82351506929996)
(5756, 484.84919744590024)
(5757, 492.17770264655223)
(5758, 496.2955401131008)
(5759, 502.70751648895668)
(5760, 495.24760653116107)
(5761, 497.28189369839299)
(5762, 494.94922502393899)
(5763, 503.40703305588914)
(5764, 505.47428608810043)
(5765, 475.60089639915577)
(5766, 500.68204404286507)
(5767, 493.57956135140319)
(5768, 496.52902560970995)
(5769, 491.49452407029753)
(5770, 498.49025171591728)
(5771, 500.9107942970378)
(5772, 497.97163216197339)
(5773, 506.40777319587778)
(5774, 491.9884553533085)
(5775, 493.17119098331796)
(5776, 491.08860333502594)
(5777, 489.43607273603345)
(5778, 491.16213240504339)
(5779, 493.2695690252765)
(5780, 504.29758770844097)
(5781, 487.04909112220423)
(5782, 503.67095182725376)
(5783, 486.03161147477363)
(5784, 498.81605458031163)
(5785, 503.51040350869829)
(5786, 497.4740070120684)
(5787, 491.34611125181561)
(5788, 493.88133837195926)
(5789, 492.17947845550367)
(5790, 495.89002794929064)
(5791, 495.21152653576678)
(5792, 489.26940434783319)
(5793, 499.13014691962678)
(5794, 491.04556363475672)
(5795, 502.91815515638086)
(5796, 486.49108124510593)
(5797, 503.3967310676864)
(5798, 499.19484968377645)
(5799, 508.76198534200222)
(5800, 499.01957568492367)
(5801, 497.70260691692226)
(5802, 494.35569755121401)
(5803, 510.19644029998801)
(5804, 496.02194237495689)
(5805, 494.68629168425991)
(5806, 499.08216322966859)
(5807, 498.48370540723425)
(5808, 490.29763751765626)
(5809, 497.01676543579481)
(5810, 500.61293922924841)
(5811, 487.99937704278659)
(5812, 497.88504607736263)
