(4155, 504.091517699321)
(4156, 501.42711908599665)
(4157, 492.2846370516848)
(4158, 488.5060260051572)
(4159, 493.69896094095066)
(4160, 492.25969277998718)
(4161, 493.56321131649423)
(4162, 490.17633872453263)
(4163, 483.27461680851258)
(4164, 496.94709465671332)
(4165, 489.71291898629511)
(4166, 499.58569031893558)
(4167, 508.71895110248562)
(4168, 502.66883044962924)
(4169, 495.09696739308572)
(4170, 498.96095951664574)
(4171, 482.20893655814177)
(4172, 496.00020292516723)
(4173, 494.33299880200695)
(4174, 487.28917906380366)
(4175, 492.29184534132179)
(4176, 484.27775512737639)
(4177, 492.64858665018812)
(4178, 492.65503852796576)
(4179, 507.64844055450675)
(4180, 479.37565710130093)
(4181, 482.69709173415282)
(4182, 496.89258508022817)
(4183, 494.56785090706444)
(4184, 484.54560417341287)
(4185, 496.3125030833271)
(4186, 496.77067892210118)
(4187, 491.81979790431012)
(4188, 505.18184726912091)
(4189, 505.04060042383514)
(4190, 499.11161551624286)
(4191, 503.49630232303093)
(4192, 502.59850403837277)
(4193, 499.00165959092413)
(4194, 495.62162050943971)
(4195, 496.34645034585657)
(4196, 495.56811894231828)
(4197, 501.59525239591323)
(4198, 510.49920271654906)
(4199, 494.86688089058509)
(4200, 488.65394321885231)
(4201, 501.71623975758314)
(4202, 482.77246797370572)
(4203, 496.84297281710161)
(4204, 498.94926783288724)
(4205, 503.58004092614726)
(4206, 496.15280571667728)
(4207, 499.56055377124386)
(4208, 489.49168237181459)
(4209, 490.43312540599709)
(4210, 486.1334698842013)
(4211, 489.50447275032718)
(4212, 498.19427360617374)
(4213, 493.11716078515479)
(4214, 494.42914708865555)
(4215, 493.97183593777498)
(4216, 502.13531524008306)
(4217, 491.57446783427451)
(4218, 505.39151555976468)
(4219, 494.36645472634302)
(4220, 500.26396062251877)
(4221, 486.42531088848398)
(4222, 506.33122317094592)
(4223, 499.66559438768434)
(4224, 499.60660503370332)
(4225, 500.75747028070026)
(4226, 492.96940643627966)
(4227, 495.42181450810847)
(4228, 485.61182937310554)
(4229, 494.82391828715294)
(4230, 502.59645502397279)
(4231, 487.00811669432642)
(4232, 482.01434957589407)
(4233, 495.70235697361579)
(4234, 495.03471453752985)
(4235, 501.58797805078302)
(4236, 509.36380671746917)
(4237, 493.46672003650781)
(4238, 497.52857925621942)
(4239, 491.38460622215803)
(4240, 498.22328802554966)
(4241, 490.53517225159771)
(4242, 493.58898962429072)
(4243, 493.50240662157825)
(4244, 485.24959256797212)
(4245, 494.90847736396267)
(4246, 499.67467196719133)
(4247, 493.42492373098025)
(4248, 488.5555442392789)
(4249, 496.49776050731521)
(4250, 480.62714504808218)
(4251, 496.61713623722596)
(4252, 502.92265538191344)
(4253, 507.01053150164694)
(4254, 499.63585118656079)
(4255, 493.83469740673286)
(4256, 496.17393232762294)
(4257, 494.97747583871876)
(4258, 492.21110508964318)
(4259, 490.26454338807565)
(4260, 519.95037606152948)
(4261, 503.1481857482438)
(4262, 494.00729912792769)
(4263, 500.94450485955656)
(4264, 503.03371549922088)
(4265, 496.80994232734588)
(4266, 515.83058811321973)
(4267, 502.23236427299383)
(4268, 504.49487593683466)
(4269, 502.66635417625417)
(4270, 494.55448547190133)
(4271, 496.18735353847012)
(4272, 489.75800869895079)
(4273, 504.21171493624286)
(4274, 490.12169563397453)
(4275, 488.40698371239796)
(4276, 496.32584621141729)
(4277, 495.46637269522637)
(4278, 496.98676702192637)
(4279, 496.84978689901243)
(4280, 484.86279669006842)
(4281, 514.75148759872002)
(4282, 507.68230289882496)
(4283, 490.70737424881213)
(4284, 495.45067130772679)
(4285, 491.30364166744556)
(4286, 491.95908002369367)
(4287, 488.02823989146009)
(4288, 506.12684648768874)
(4289, 489.76485932959901)
(4290, 485.41390132667055)
(4291, 489.16172695142677)
(4292, 487.03565062931892)
(4293, 499.76775227527611)
(4294, 489.53408219268385)
(4295, 506.15697593713412)
(4296, 493.15006401826201)
(4297, 494.13919824745415)
(4298, 492.07249199024545)
(4299, 496.00262762474421)
(4300, 492.92723693205824)
(4301, 503.43873781683681)
(4302, 490.58136858985546)
(4303, 495.13423142628756)
(4304, 487.53202757796794)
(4305, 500.41028317603093)
(4306, 504.03340247395772)
(4307, 485.87191788677819)
(4308, 510.82671859576442)
(4309, 491.09128382927531)
(4310, 489.65020260964172)
(4311, 498.49873320595799)
(4312, 508.42424578279662)
(4313, 497.65163910067037)
(4314, 489.46616203258009)
(4315, 493.6992469764258)
