(4316, 486.97317997514574)
(4317, 492.45684882916925)
(4318, 508.62177201473401)
(4319, 482.2267447330488)
(4320, 493.53469667001775)
(4321, 496.73441282994116)
(4322, 501.88825677097753)
(4323, 503.42387214145413)
(4324, 492.46927506784868)
(4325, 498.0055496605288)
(4326, 507.40092896080603)
(4327, 487.18510859651292)
(4328, 499.80555153731336)
(4329, 502.65805344689886)
(4330, 497.78865566778023)
(4331, 488.94939827996166)
(4332, 494.7646221729259)
(4333, 496.56759541818451)
(4334, 502.59025969197143)
(4335, 486.81306158148635)
(4336, 502.54980177139748)
(4337, 494.11576942602341)
(4338, 501.88965887444465)
(4339, 480.00387036275129)
(4340, 501.69783476778736)
(4341, 499.71698188025573)
(4342, 476.20025176611261)
(4343, 474.82600416444518)
(4344, 484.41963872088849)
(4345, 505.3178481187847)
(4346, 497.45405785992284)
(4347, 496.7749289404187)
(4348, 498.17394395943307)
(4349, 495.37984313830123)
(4350, 492.82065753413269)
(4351, 501.42710791510029)
(4352, 507.38786000068183)
(4353, 489.4887432519688)
(4354, 504.87000822309903)
(4355, 500.89458780284508)
(4356, 484.27574215845493)
(4357, 510.45363795109085)
(4358, 484.75437233674165)
(4359, 500.13169558900177)
(4360, 510.72528218635125)
(4361, 506.50584881865063)
(4362, 488.74372321320891)
(4363, 494.5381329544112)
(4364, 491.31340378576999)
(4365, 489.48065072655947)
(4366, 499.54576910736546)
(4367, 491.80836022625226)
(4368, 498.25017155764357)
(4369, 481.04339515223262)
(4370, 500.02486628002839)
(4371, 509.11806421814799)
(4372, 493.72074418730188)
(4373, 501.78787559639682)
(4374, 497.03709894189205)
(4375, 494.40977440292374)
(4376, 494.16580195809229)
(4377, 500.27707340595566)
(4378, 500.61528306423475)
(4379, 483.56330807191341)
(4380, 490.88011009035648)
(4381, 490.37301672113023)
(4382, 507.08470491005789)
(4383, 487.05801742199804)
(4384, 498.41812463099564)
(4385, 503.42554450197531)
(4386, 493.34720690944812)
(4387, 485.63381079098951)
(4388, 506.78680542692524)
(4389, 502.12365326729389)
(4390, 504.58016241289522)
(4391, 503.45058476825233)
(4392, 497.46666844108779)
(4393, 502.48602301985716)
(4394, 499.74448649481013)
(4395, 489.88091984207711)
(4396, 506.28821792730116)
(4397, 502.12894284182426)
(4398, 477.41236400463202)
(4399, 508.15652001238101)
(4400, 500.47648948257722)
(4401, 502.02926502852836)
(4402, 494.37791375112192)
(4403, 506.87526863608474)
(4404, 505.9498191879722)
(4405, 496.190153817348)
(4406, 504.62536966699508)
(4407, 488.9486764553854)
(4408, 480.2101598872942)
(4409, 495.54273323336628)
(4410, 502.79479607800965)
(4411, 495.02325292227613)
(4412, 502.58513663504345)
(4413, 504.49480582574165)
(4414, 495.45327435445245)
(4415, 507.1976929961466)
(4416, 493.536325385704)
(4417, 499.79830236382725)
(4418, 492.11831887842845)
(4419, 500.68786392335892)
(4420, 488.66894230099956)
(4421, 504.44548372257714)
(4422, 491.16727430361664)
(4423, 497.36951545739328)
(4424, 481.31953201791521)
(4425, 489.05646959270166)
(4426, 492.73328781451067)
(4427, 504.34087621069051)
(4428, 504.06532596983436)
(4429, 493.59759002754197)
(4430, 489.35053531752681)
(4431, 496.85640179795956)
(4432, 493.03725259733073)
(4433, 505.47791812594568)
(4434, 493.93937913789182)
(4435, 487.7707756781457)
(4436, 488.36852744881071)
(4437, 489.03925939726605)
(4438, 496.99669171011544)
(4439, 508.9641417503899)
(4440, 503.28564878110899)
(4441, 496.57240162079506)
(4442, 492.21396304214352)
(4443, 503.26900178401661)
(4444, 487.62327219080737)
(4445, 484.26132166582062)
(4446, 510.09299973626207)
(4447, 495.82420233121377)
(4448, 493.73275504575071)
(4449, 486.9450744576406)
(4450, 498.21490305266616)
(4451, 493.37645763418357)
(4452, 487.12666977252894)
(4453, 503.7000455981867)
(4454, 479.03582330437581)
(4455, 504.2315875430188)
(4456, 488.81333034579603)
(4457, 485.42462806952085)
(4458, 490.1341368048769)
(4459, 502.29811459656355)
(4460, 492.49698109998178)
(4461, 481.76873642225451)
(4462, 497.30887517128724)
(4463, 505.71378062015742)
(4464, 491.58325704856838)
(4465, 492.92025526944099)
(4466, 494.87386278311271)
(4467, 491.66883611783305)
(4468, 487.23197077249597)
(4469, 498.72204582901395)
(4470, 484.88484723597628)
(4471, 506.85360317056239)
(4472, 497.56156291062911)
(4473, 487.62575549708504)
(4474, 476.64907403718348)
(4475, 494.56484399718914)
(4476, 492.76985413797695)
(4477, 496.91945675482242)
(4478, 495.91815014402846)
(4479, 502.47792948055849)
(4480, 503.19280475884136)
(4481, 483.71442048730643)
