(310, 488.05327558114459)
(311, 496.89100559123489)
(312, 497.69761865289416)
(313, 497.22434842754029)
(314, 491.57239556380887)
(315, 499.03625381872308)
(316, 505.65929052936616)
(317, 486.98209620488819)
(318, 503.38392645615124)
(319, 502.8940387136974)
(320, 497.68725790554174)
(321, 495.3885737917368)
(322, 487.72298177566205)
(323, 498.86532131663796)
(324, 507.46825092756205)
(325, 499.12711947833657)
(326, 497.80835310260386)
(327, 504.30232900955605)
(328, 497.00037357446888)
(329, 510.54623337725468)
(330, 489.40922462574991)
(331, 498.12544368276406)
(332, 493.82142110497091)
(333, 505.79429221850427)
(334, 480.0073226938066)
(335, 492.22058558024537)
(336, 505.54283589327537)
(337, 499.86620626224271)
(338, 491.5298789411728)
(339, 490.03362035841553)
(340, 490.02104361044593)
(341, 504.92278838818203)
(342, 504.36453293022629)
(343, 496.91226293747195)
(344, 505.79032440018574)
(345, 499.30617700308585)
(346, 499.83432650475925)
(347, 496.93231965300197)
(348, 496.5914883855134)
(349, 482.91089358158763)
(350, 491.09389683971875)
(351, 496.46488797996898)
(352, 480.5686099057171)
(353, 508.73578344714565)
(354, 491.58014204511215)
(355, 486.88071290128903)
(356, 500.28318389898845)
(357, 500.4539697250101)
(358, 486.61309089423378)
(359, 497.51943973700963)
(360, 500.88753025754011)
(361, 498.78413481638216)
(362, 492.38701696874534)
(363, 500.46260294283411)
(364, 496.30490789890564)
(365, 490.522300388129)
(366, 499.81141846043653)
(367, 493.7792250354172)
(368, 502.44313161764518)
(369, 491.2518735035419)
(370, 496.38982332473881)
(371, 492.03985298782339)
(372, 503.77278563851758)
(373, 496.23232397965876)
(374, 491.83193543382788)
(375, 494.51043461174618)
(376, 494.71810085393071)
(377, 497.32111607272191)
(378, 479.28585372696568)
(379, 498.30679518213805)
(380, 503.01994791539187)
(381, 493.77666404576337)
(382, 489.01730942634788)
(383, 492.8147712635373)
(384, 506.06434338373128)
(385, 491.97732596221181)
(386, 494.63456722193416)
(387, 497.17946642524873)
(388, 497.52824832742283)
(389, 496.37921659410256)
(390, 499.46851217174617)
(391, 505.2626269177008)
(392, 490.17456946450835)
(393, 497.41612769813185)
(394, 506.71750446577062)
(395, 492.41413127967371)
(396, 501.30609809304934)
(397, 510.6141103444628)
(398, 520.71937770137345)
(399, 495.46826909343775)
(400, 491.26205155460178)
(401, 507.02884610551581)
(402, 482.42732970500811)
(403, 493.22825293273502)
(404, 507.6498542677441)
(405, 498.35677764911185)
(406, 496.09835069918574)
(407, 501.99064121416188)
(408, 502.1689262417583)
(409, 487.03146483802539)
(410, 501.74331174599268)
(411, 506.88577962502961)
(412, 497.82025191615793)
(413, 502.6884536994578)
(414, 501.17889996232145)
(415, 489.98131405488425)
(416, 506.65541093188676)
(417, 498.48519929200722)
(418, 489.13654668760631)
(419, 506.03862228216792)
(420, 502.64042134609451)
(421, 508.22460159267507)
(422, 497.39661557583668)
(423, 505.91503671463613)
(424, 493.01627193784532)
(425, 504.32710863143518)
(426, 504.57543157973532)
