(6904, 485.90596406113616)
(6905, 486.97011593998832)
(6906, 515.6607008632451)
(6907, 480.73899559595975)
(6908, 493.67524713323974)
(6909, 500.37929457964492)
(6910, 488.91483925404407)
(6911, 489.07379919577795)
(6912, 489.11780912717518)
(6913, 492.46409301819176)
(6914, 492.74160836918315)
(6915, 490.55212876904613)
(6916, 496.49329516595873)
(6917, 486.34748922249571)
(6918, 509.81357928905504)
(6919, 476.28336622784377)
(6920, 509.73884454419306)
(6921, 490.49996882741613)
(6922, 496.20385220937681)
(6923, 498.62610112288917)
(6924, 489.28769303769496)
(6925, 501.06705397551389)
(6926, 499.34592124210178)
(6927, 510.18405835521492)
(6928, 494.07297588212759)
(6929, 501.58922770555228)
(6930, 500.34418723868004)
(6931, 499.37707703786236)
(6932, 490.73469026888409)
(6933, 484.93798094409311)
(6934, 488.71776550220346)
(6935, 500.93210895851962)
(6936, 505.57936227872847)
(6937, 506.87275215961995)
(6938, 489.50764345848745)
(6939, 483.89614055223274)
(6940, 501.36155366656538)
(6941, 512.08616881621992)
(6942, 478.05325789649385)
(6943, 483.60203110136842)
(6944, 496.43480371285204)
(6945, 506.08156304847358)
(6946, 496.82071216585183)
(6947, 481.39175226874585)
(6948, 500.60738404660344)
(6949, 503.33539243884775)
(6950, 496.12875374614202)
(6951, 494.9181438691578)
(6952, 493.65125349659866)
(6953, 501.88422830591298)
(6954, 487.46966950858507)
(6955, 493.89804844359151)
(6956, 506.96653635679377)
(6957, 494.25242755066176)
(6958, 494.90712818360981)
(6959, 502.16351754502921)
(6960, 493.21950717943866)
(6961, 508.29014808975921)
(6962, 502.17717682711572)
(6963, 482.7268064954261)
(6964, 498.30859830757947)
(6965, 489.76197552840222)
(6966, 490.18378404545558)
(6967, 502.33658965255108)
(6968, 510.10231478919775)
(6969, 502.06655991182555)
(6970, 503.43151454900669)
(6971, 506.38890169411548)
(6972, 503.82006162247683)
(6973, 498.0479657166116)
(6974, 507.21087268166741)
(6975, 491.74592441516648)
(6976, 499.61014598765752)
(6977, 504.50750586962397)
(6978, 500.14788815988584)
(6979, 504.57494434575176)
(6980, 499.21327870570207)
(6981, 491.77391954331807)
(6982, 497.29016608621623)
(6983, 496.78727039784775)
(6984, 498.04859131768961)
(6985, 497.85747895669527)
(6986, 492.89147644182174)
(6987, 494.22890789784697)
(6988, 496.02623380319119)
(6989, 488.7420637629516)
(6990, 497.01946095797905)
(6991, 500.84141286000079)
(6992, 494.05253747359495)
(6993, 495.7506544878463)
(6994, 489.25114031969622)
(6995, 499.49557014966211)
(6996, 504.30444167406495)
(6997, 517.54819435403112)
(6998, 497.25997045208584)
(6999, 494.00227956405655)
(7000, 505.19471650647529)
(7001, 487.34923033925037)
(7002, 504.9967380503353)
(7003, 495.98078390133799)
(7004, 487.92623007446207)
(7005, 495.66437525818657)
(7006, 499.52382409234002)
(7007, 496.80886652597178)
(7008, 493.41408744869102)
(7009, 498.33128196903635)
(7010, 494.41710990813493)
(7011, 491.20212822591452)
(7012, 490.24823495192913)
(7013, 490.12475913311442)
(7014, 502.63609709924958)
(7015, 500.31920511883902)
(7016, 497.76215140197212)
(7017, 489.06596188724154)
(7018, 496.8593577033871)
(7019, 480.93835825807611)
(7020, 493.48836200521623)
(7021, 506.19990635234831)
(7022, 498.73589824695637)
(7023, 488.20795790037539)
(7024, 498.64948571583369)
(7025, 497.70696633404663)
(7026, 498.76240209805599)
(7027, 505.75125575130613)
(7028, 499.23764607245943)
(7029, 485.46478274598576)
(7030, 503.16807425744776)
(7031, 502.83332026984237)
(7032, 500.10498640170846)
(7033, 491.59374925093243)
(7034, 497.94778838044789)
(7035, 495.12964611598306)
(7036, 494.1348326727649)
(7037, 492.67199709851798)
