(4482, 484.50405311779895)
(4483, 500.75936162071281)
(4484, 499.919814553077)
(4485, 492.35117807309479)
(4486, 496.46097843925747)
(4487, 501.30631630249854)
(4488, 501.64934613751569)
(4489, 496.63138025458738)
(4490, 498.87301530676882)
(4491, 496.73046230967168)
(4492, 497.62115581215016)
(4493, 495.0633575848762)
(4494, 516.6956114937351)
(4495, 491.78908278897143)
(4496, 475.6495400420697)
(4497, 491.86982939200016)
(4498, 493.90589865761331)
(4499, 505.53431698000406)
(4500, 497.74546590771456)
(4501, 493.94136610756681)
(4502, 507.85565777711747)
(4503, 490.05734281459524)
(4504, 485.71369043174707)
(4505, 503.67309494205335)
(4506, 488.71898790932073)
(4507, 487.2240728320017)
(4508, 503.65230273052856)
(4509, 498.81340410623056)
(4510, 488.25267221100671)
(4511, 502.59705185576956)
(4512, 491.63808848072517)
(4513, 491.80630669909453)
(4514, 506.98197622668215)
(4515, 496.47361768246589)
(4516, 496.02250376832137)
(4517, 493.58226219035078)
(4518, 499.06721749691837)
(4519, 480.97067575127096)
(4520, 496.00680501378918)
(4521, 501.43981388158778)
(4522, 492.73638830437221)
(4523, 508.12815935028209)
(4524, 495.9043640477006)
(4525, 500.43747866804824)
(4526, 493.25400710294576)
(4527, 491.8365448089437)
(4528, 497.65886553256195)
(4529, 493.36996929608625)
(4530, 489.32499952847354)
(4531, 497.44078484766328)
(4532, 487.3436144247213)
(4533, 488.09093127233484)
(4534, 512.83113846985236)
(4535, 503.87718741137235)
(4536, 500.74470359665088)
(4537, 511.14440301858872)
(4538, 502.12996579039304)
(4539, 487.7186819499334)
(4540, 493.90884748527367)
(4541, 491.85046720919416)
(4542, 488.23228223172691)
(4543, 486.88997741662627)
(4544, 497.64373334701253)
(4545, 487.4478192007266)
(4546, 492.35321607113372)
(4547, 487.14354438600446)
(4548, 494.72593391003011)
(4549, 502.06950663662019)
(4550, 497.06347332216831)
(4551, 490.56026460069154)
(4552, 503.39198990943709)
(4553, 501.71155450101827)
(4554, 498.01496186585905)
(4555, 479.19374023324917)
(4556, 501.6580566212657)
(4557, 501.83063973924857)
(4558, 482.48517963222037)
(4559, 500.60069882898841)
(4560, 503.53608121555817)
(4561, 484.79136105695574)
(4562, 502.81116691600386)
(4563, 497.01491452205079)
(4564, 493.06859582744573)
(4565, 493.8233166728254)
(4566, 513.01978342144616)
(4567, 494.60098834030742)
(4568, 492.42792569604438)
(4569, 502.40662490281659)
(4570, 498.97466728932102)
(4571, 505.55483501129726)
(4572, 497.0932516746816)
(4573, 498.49526276261076)
(4574, 497.34308782675066)
(4575, 492.74616137290542)
(4576, 490.66253853462024)
(4577, 501.01435580195823)
(4578, 499.39156359210904)
(4579, 494.13936541704601)
(4580, 497.47227571376993)
(4581, 486.85627902191209)
(4582, 499.06840770025769)
(4583, 512.65996417154633)
(4584, 493.05242787172085)
(4585, 501.28683800373756)
(4586, 503.76855833330683)
