(2298, 492.37494929733015)
(2299, 504.44515752192046)
(2300, 494.54968552649626)
(2301, 493.34715172020594)
(2302, 504.77270289230148)
(2303, 487.82182227942474)
(2304, 485.0922923658805)
(2305, 491.6328765710648)
(2306, 504.98047313957375)
(2307, 497.76260300203842)
(2308, 486.20725843236022)
(2309, 501.28063979199311)
(2310, 503.73632818832004)
(2311, 494.44352591142416)
(2312, 483.89973333253027)
(2313, 493.60625854164556)
(2314, 480.45376715698626)
(2315, 498.32925849206072)
(2316, 501.23596352106529)
(2317, 504.76346054775775)
(2318, 504.40177265185156)
(2319, 491.90214995665701)
(2320, 480.81361277433371)
(2321, 512.44375162393817)
(2322, 509.53406103095494)
(2323, 490.34733282564059)
(2324, 500.41305622294237)
(2325, 499.46308695961636)
(2326, 490.68540790267912)
(2327, 490.79710415558145)
(2328, 496.42669116503021)
(2329, 506.06357510390171)
(2330, 497.50098762042353)
(2331, 514.74849426626236)
(2332, 498.22461594682716)
(2333, 485.86882373714286)
(2334, 479.44279562323783)
(2335, 491.73159356537269)
(2336, 503.81385144752255)
(2337, 493.55158788296075)
(2338, 499.69987575090863)
(2339, 489.04622639523853)
(2340, 484.94995532520909)
(2341, 510.90272196949724)
(2342, 496.44695336054559)
(2343, 494.88316871853004)
(2344, 513.55458725532185)
(2345, 497.3066106032847)
(2346, 496.42911590929424)
(2347, 483.71294783762778)
(2348, 506.88712168570078)
(2349, 504.84229156249705)
(2350, 493.55210048530159)
(2351, 493.97877266075648)
(2352, 500.16476422139959)
(2353, 491.26465500533425)
(2354, 500.76867022569945)
(2355, 496.79964774509767)
(2356, 505.7671307971757)
(2357, 500.3048953221554)
(2358, 482.5964604260098)
(2359, 491.97555566458198)
(2360, 498.25560603950123)
(2361, 478.84954086962728)
(2362, 496.06384873659454)
(2363, 500.78218713680906)
(2364, 489.09344241243485)
(2365, 494.08194498535323)
(2366, 494.4771653946479)
(2367, 504.56985112978049)
(2368, 493.10248638824237)
(2369, 480.83124429320696)
(2370, 506.74137359553845)
(2371, 491.44947570503643)
(2372, 506.45377753388402)
(2373, 488.17320774859468)
(2374, 483.9182296726525)
(2375, 496.16929494562953)
(2376, 495.10222305781332)
(2377, 503.38087755786893)
(2378, 496.54522190321336)
(2379, 478.74239249899017)
(2380, 498.45125795375651)
(2381, 490.73199140842303)
(2382, 499.09531352801383)
(2383, 489.58827031720944)
(2384, 482.67374874271758)
(2385, 510.01115548783878)
(2386, 492.10525640607375)
(2387, 477.52075562331339)
(2388, 497.74910666210587)
(2389, 492.41495648489183)
(2390, 493.41253107213811)
(2391, 481.71838386735908)
(2392, 488.17713144739309)
(2393, 495.18132043447162)
(2394, 505.62263220365406)
(2395, 491.24386974631113)
(2396, 502.04535638637003)
(2397, 502.8094581592012)
(2398, 494.59345914754181)
(2399, 504.47905117454923)
(2400, 501.69017467889466)
(2401, 496.09911624669269)
(2402, 495.26536904074123)
(2403, 495.06163195320914)
(2404, 504.24303638178947)
(2405, 500.70351500590294)
(2406, 499.43413234041668)
(2407, 498.9329490650145)
(2408, 499.59273378628302)
(2409, 487.43126279291505)
