(1434, 491.84174554072365)
(1435, 507.75536281559187)
(1436, 501.01646645770359)
(1437, 503.38242433182728)
(1438, 491.35912438962578)
(1439, 496.86829043298752)
(1440, 500.50791688296374)
(1441, 494.74272476186877)
(1442, 492.65419139578751)
(1443, 489.49765955170852)
(1444, 497.03171180360579)
(1445, 497.22742816797302)
(1446, 504.65111512520724)
(1447, 492.23176286410256)
(1448, 510.23036195446764)
(1449, 497.37489960150862)
(1450, 498.13343726490859)
(1451, 496.89857240256185)
(1452, 502.89254150193881)
(1453, 502.86532696725112)
(1454, 496.19567658046844)
(1455, 496.51798558097579)
(1456, 495.0921853105807)
(1457, 482.3772312927091)
(1458, 494.61947722530198)
(1459, 504.49405836949825)
(1460, 487.97988883782887)
(1461, 488.51141313491922)
(1462, 489.98712915338405)
(1463, 489.69713518449475)
(1464, 495.16774652953893)
(1465, 492.45665052046678)
(1466, 502.03053477025708)
(1467, 502.52768137230396)
(1468, 500.48310072650997)
(1469, 496.54884196085698)
(1470, 495.11470735727664)
(1471, 489.95682942816092)
(1472, 488.41890315149277)
(1473, 497.27110392413846)
(1474, 507.93091725800866)
(1475, 480.79660615650266)
(1476, 492.78154090820749)
(1477, 507.1740432432868)
(1478, 497.18192952385289)
(1479, 486.07260747390228)
(1480, 491.06339267133166)
(1481, 495.55208527281422)
(1482, 491.35374247532809)
(1483, 484.06392572867264)
(1484, 492.31590341995832)
(1485, 494.67588075648098)
(1486, 513.52295899025535)
(1487, 496.04964547324494)
(1488, 499.28603757159726)
(1489, 487.69672102012078)
(1490, 504.24394339796925)
(1491, 508.01181230403597)
(1492, 509.09705110436551)
(1493, 496.97507023717219)
(1494, 503.0910677354189)
(1495, 489.30540531154071)
(1496, 513.10746431896507)
(1497, 480.94880914472537)
(1498, 502.66245461219222)
(1499, 497.48769408336852)
(1500, 498.74277606356759)
(1501, 488.77544719987685)
(1502, 492.06541434587416)
(1503, 498.22130842284076)
(1504, 500.39718975001955)
(1505, 503.92784923124282)
(1506, 501.15352977053976)
(1507, 504.74215534497341)
(1508, 490.79943384200618)
(1509, 489.61001646256182)
(1510, 495.25645350844439)
(1511, 494.50678539560943)
(1512, 492.06912032864807)
(1513, 493.50713123926687)
(1514, 485.4691051761497)
(1515, 504.6151383308536)
(1516, 503.29745060373671)
(1517, 488.89953074543666)
(1518, 489.83415484914173)
(1519, 492.64141527017603)
(1520, 480.1316961978581)
(1521, 496.8727917028603)
(1522, 498.28648737943035)
(1523, 498.41904355122347)
(1524, 507.60860968300483)
(1525, 489.08386564184315)
(1526, 499.43566409147775)
(1527, 493.53406589642213)
(1528, 487.47599146351888)
(1529, 496.02754091162512)
(1530, 485.71441172490051)
(1531, 498.10757775480636)
(1532, 495.30326558854279)
(1533, 495.13845391255217)
(1534, 492.46183317672859)
(1535, 491.0218285378977)
