(8217, 499.31288241129005)
(8218, 491.95479343025102)
(8219, 502.69249726832413)
(8220, 501.24919225641287)
(8221, 490.32089145596984)
(8222, 487.3982146655365)
(8223, 490.6705709012133)
(8224, 495.63299123673312)
(8225, 490.19560619826706)
(8226, 508.75749036532517)
(8227, 502.22659444454189)
(8228, 485.97404582398758)
(8229, 507.63858820985024)
(8230, 498.15696998868958)
(8231, 488.2188087301223)
(8232, 503.35476587803157)
(8233, 490.56835346295793)
(8234, 505.02721003000892)
(8235, 492.25073935211697)
(8236, 498.52950392840393)
(8237, 486.31025105940364)
(8238, 495.96426033241255)
(8239, 503.77201466087513)
(8240, 499.12595965985872)
(8241, 498.24624416632582)
(8242, 491.04276484396053)
(8243, 498.44452826162131)
(8244, 494.80117261325518)
(8245, 491.76809283876491)
(8246, 482.27022940515923)
(8247, 501.95255852113087)
(8248, 489.29292109456128)
(8249, 502.68595082270247)
(8250, 497.81809544107307)
(8251, 501.43307342038554)
(8252, 487.140665294722)
(8253, 498.27991375279157)
(8254, 491.21800498060986)
(8255, 497.34568672439661)
(8256, 492.96918232022733)
(8257, 492.98871294076162)
(8258, 489.09714013967744)
(8259, 501.09762785415433)
(8260, 489.72537756358054)
(8261, 504.02165710449253)
(8262, 493.37017012096658)
(8263, 501.58019358813544)
(8264, 487.09755507183195)
(8265, 491.31161678830256)
(8266, 491.39158320579418)
(8267, 508.68708488092949)
(8268, 516.98485733693519)
(8269, 497.40895235784296)
(8270, 503.46993747757449)
(8271, 484.95704101513223)
(8272, 490.23911198578043)
(8273, 484.50203404197993)
(8274, 498.52357972445066)
(8275, 491.50706180732249)
(8276, 498.91111242612817)
(8277, 487.29683387401838)
(8278, 491.16507776112218)
(8279, 498.55902833622395)
(8280, 497.57193683727684)
(8281, 496.029156074752)
(8282, 502.4838443431953)
(8283, 493.14255101459781)
(8284, 495.02515323256131)
(8285, 500.63216851284847)
(8286, 497.20732195753521)
(8287, 485.48352286326735)
(8288, 486.73890068708471)
(8289, 493.33795267364292)
(8290, 507.56608490391773)
(8291, 497.82770258585049)
(8292, 485.47230735962142)
(8293, 499.26059321585865)
(8294, 494.20782280723472)
(8295, 481.51379847450335)
(8296, 498.31898617551417)
(8297, 508.43181858898686)
(8298, 491.31011154280179)
(8299, 507.87724526101022)
(8300, 488.81812886855869)
(8301, 489.45206509306183)
(8302, 479.37561873597917)
(8303, 498.46630014916542)
(8304, 481.2749185273675)
(8305, 495.68753660448112)
(8306, 502.80085449076)
(8307, 494.73257951263975)
(8308, 500.29008601974789)
(8309, 502.6526458105435)
(8310, 487.76009433643048)
(8311, 490.6794510795163)
(8312, 498.27696113657419)
(8313, 500.06989705407346)
(8314, 508.97348992967505)
(8315, 501.06141715192564)
(8316, 511.58179062787883)
(8317, 500.95001977328729)
(8318, 488.75475292433111)
(8319, 493.09563067583332)
(8320, 495.75318529813615)
(8321, 487.64710787899605)
(8322, 494.64076510166944)
(8323, 489.59596169528226)
(8324, 499.68123688701741)
(8325, 506.46772173726174)
(8326, 490.49876270625867)
(8327, 483.99470347319391)
(8328, 486.7801125893842)
(8329, 507.85511787618827)
(8330, 495.39168147867611)
(8331, 497.72674119792987)
(8332, 493.82930339927373)
(8333, 495.77640512244153)
(8334, 501.70901037922215)
(8335, 500.07428935879301)
(8336, 490.86030655909326)
(8337, 493.22074296411688)
(8338, 485.04538426661969)
(8339, 503.31795083691861)
(8340, 495.2767920153907)
(8341, 496.98341061085819)
(8342, 490.09370064902976)
(8343, 492.8752632509993)
(8344, 495.22976014012681)
(8345, 490.66424858508634)
(8346, 494.56306875989492)
(8347, 497.3913902357146)
(8348, 493.00305539831834)
(8349, 502.53587890585527)
(8350, 497.2913743944622)
(8351, 494.38105974717189)
(8352, 503.88226387821965)
(8353, 495.73096994721311)
(8354, 502.62127795828121)
(8355, 485.74913866004994)
(8356, 507.03336198128511)
(8357, 491.05050211104219)
(8358, 494.80391343225517)
(8359, 499.99086574033072)
(8360, 497.63672238867372)
(8361, 505.10741375211916)
(8362, 492.17578425985272)
(8363, 488.15541853674802)
(8364, 494.17113054055784)
(8365, 510.09966383528206)
(8366, 491.79504690569996)
(8367, 491.99610515321945)
(8368, 501.93907636409881)
(8369, 495.2860076407996)
(8370, 482.89665233071884)
(8371, 485.07550018295353)
(8372, 488.263166949256)
(8373, 497.96674863852274)
(8374, 505.78174812996207)
(8375, 492.91622889932296)
(8376, 501.34345987200027)
(8377, 496.11875330351609)
(8378, 478.83966163984792)
(8379, 492.21941568461301)
