(9084, 487.77276085628455)
(9085, 500.25362675977476)
(9086, 501.1295539088062)
(9087, 490.01325178774539)
(9088, 507.45784981438987)
(9089, 506.24047198974665)
(9090, 501.20455167424655)
(9091, 501.18997406552944)
(9092, 490.66316947567384)
(9093, 502.96781500644039)
(9094, 480.52454232546745)
(9095, 502.69789510920828)
(9096, 497.0237982589656)
(9097, 499.63276262066552)
(9098, 491.52134067645454)
(9099, 488.1176180732823)
(9100, 496.25051477308222)
(9101, 486.87944497182849)
(9102, 507.13696252377838)
(9103, 500.58884290613219)
(9104, 495.96111015656209)
(9105, 487.76699204916065)
(9106, 507.51453347484255)
(9107, 506.44542357937792)
(9108, 480.1593623557294)
(9109, 496.53371565219118)
(9110, 478.874787560811)
(9111, 488.50147898203591)
(9112, 492.21904391162838)
(9113, 491.09919323821629)
(9114, 498.00136879614081)
(9115, 503.45918293480395)
(9116, 502.58479395410291)
(9117, 497.37661390600402)
(9118, 493.8921273529503)
(9119, 490.9344331352055)
(9120, 493.88387138139171)
(9121, 511.69585379265368)
(9122, 509.67613629047628)
(9123, 501.01696108186309)
(9124, 490.78396648463121)
(9125, 499.83287702414668)
(9126, 502.72249363642686)
(9127, 497.36080994917972)
(9128, 495.43159531869605)
(9129, 499.19768908562139)
(9130, 500.63857757366401)
(9131, 486.6252860075756)
(9132, 504.83054791170184)
(9133, 493.52598537992077)
(9134, 480.5381537139599)
(9135, 493.0591523076647)
(9136, 486.47596246822707)
(9137, 495.38058312411442)
(9138, 501.27996238494723)
(9139, 507.5035170599354)
(9140, 500.80036282490533)
(9141, 490.83726379586562)
(9142, 492.56763789027991)
(9143, 491.46078207827014)
(9144, 507.88759613176137)
(9145, 497.43616348963803)
(9146, 494.88441700905645)
(9147, 496.47431235084395)
(9148, 509.48246167236653)
(9149, 491.01099804365299)
(9150, 499.44157778228407)
(9151, 486.55028075476616)
(9152, 489.49083123761841)
(9153, 500.72403233916606)
(9154, 503.42200751803318)
(9155, 495.34557789285282)
(9156, 506.73144090054325)
(9157, 484.0212226974615)
(9158, 487.58077437648342)
(9159, 504.73215506651741)
(9160, 495.09158224716333)
(9161, 498.52208165553589)
(9162, 491.06643634729875)
(9163, 497.70709927403868)
(9164, 496.5092363520539)
(9165, 504.91336942367843)
(9166, 502.18423145518773)
(9167, 491.2167762544002)
(9168, 495.86129051545061)
(9169, 493.755841410279)
(9170, 506.98930799163952)
(9171, 490.81541869925417)
(9172, 495.24552350149594)
(9173, 509.05156098308629)
(9174, 507.06063794040989)
(9175, 501.56466466714085)
(9176, 479.90639210710322)
(9177, 487.56220581400333)
(9178, 493.92209533126533)
(9179, 496.41366620700933)
(9180, 491.20677220357618)
(9181, 506.42922790276771)
(9182, 505.65684225423382)
(9183, 480.44176697035493)
(9184, 500.99020765838753)
(9185, 486.72996505829576)
(9186, 503.17115536626773)
(9187, 494.79958288580025)
(9188, 502.40842371284788)
(9189, 502.54158980933852)
(9190, 501.48031706090001)
(9191, 498.09055798788853)
(9192, 495.94131069752234)
(9193, 504.68026695416404)
(9194, 493.8957048408306)
(9195, 502.55919675022676)
(9196, 514.35376703705856)
(9197, 499.73014154486486)
