(84, 499.02889767441417)
(85, 505.42896533137514)
(86, 501.24191636229563)
(87, 485.1343310127404)
(88, 505.52120678889025)
(89, 488.92597998737483)
(90, 485.28930767963601)
(91, 490.95294350616496)
(92, 484.92174478297926)
(93, 488.45892237365319)
(94, 502.28833184200039)
(95, 500.45871690946535)
(96, 496.1432920505664)
(97, 494.08810839415395)
(98, 490.17181531636209)
(99, 491.7194398548786)
(100, 491.42595854597334)
(101, 508.96851235478692)
(102, 490.87830587675694)
(103, 487.21444664262344)
(104, 498.99852075016838)
(105, 493.57294847480665)
(106, 489.58807232553295)
(107, 480.25330701658004)
(108, 481.46107949242776)
(109, 493.40303632265727)
(110, 513.1352258338402)
(111, 501.29024280013493)
(112, 502.31923569570949)
(113, 485.37697073217078)
(114, 504.08462414515685)
(115, 502.85014956327228)
(116, 486.77424451013064)
(117, 506.10533853509804)
(118, 504.91786101750097)
(119, 501.32944295007985)
(120, 505.42698009888773)
(121, 498.1614752989579)
(122, 487.59313850452503)
(123, 496.50210385179304)
(124, 495.51472237857837)
(125, 496.27237840824472)
(126, 493.46920747113631)
(127, 495.02745102396136)
(128, 489.93496249685597)
(129, 484.24340887710741)
(130, 498.1655707897072)
(131, 490.86900260321443)
(132, 489.56520799404973)
(133, 491.90363956500448)
(134, 489.03118884451794)
(135, 504.27270054297082)
(136, 503.33826676659282)
(137, 499.94949650735839)
(138, 490.38476626483555)
(139, 496.38239357209915)
(140, 501.39679386724157)
(141, 503.55283173726491)
(142, 496.46115702288307)
(143, 486.74506131363984)
(144, 500.33476341066682)
(145, 493.01549900554812)
(146, 496.16987559437626)
(147, 503.17091401360545)
(148, 503.60145125185534)
(149, 509.60526697488734)
(150, 486.34647770157005)
(151, 491.84449639922576)
(152, 497.90688497840142)
(153, 485.46406701138221)
(154, 490.44869789178313)
(155, 501.01941333448144)
(156, 494.00488949303303)
(157, 506.71558975489347)
(158, 499.71156189396902)
(159, 502.15849554868748)
(160, 496.6999411641238)
(161, 490.18229331618483)
(162, 499.88992280203888)
(163, 491.71025052085048)
(164, 497.25693938687925)
(165, 512.67194808026056)
(166, 489.0842769732152)
(167, 506.60644636821854)
(168, 495.71863303584985)
(169, 494.62851553728024)
(170, 504.48472271512617)
(171, 498.60203524714149)
(172, 493.30377955919482)
(173, 500.06896874568758)
(174, 492.84064999668658)
(175, 491.35820594992606)
(176, 497.78978962106822)
(177, 498.09168496541645)
(178, 501.90606851735305)
(179, 492.79630430711813)
(180, 489.72152468790239)
(181, 489.30120920371672)
(182, 495.28997251674025)
(183, 489.00001531967666)
(184, 494.69778625014652)
(185, 495.99394229808098)
(186, 508.41593668286345)
(187, 502.25141948796062)
(188, 479.39599758053259)
(189, 500.02202066760583)
(190, 504.71304193315916)
(191, 483.07000890168615)
(192, 493.17655814930544)
(193, 488.42620626080094)
(194, 489.35315262634435)
(195, 483.140587635771)
(196, 497.15017540457779)
(197, 508.78701636051551)
(198, 496.4688087055095)
(199, 499.22751849959059)
