(8613, 490.86457098780619)
(8614, 494.92721027780146)
(8615, 504.16238149946059)
(8616, 485.34549874599259)
(8617, 496.28761113209742)
(8618, 494.03766835805129)
(8619, 494.02413651008806)
(8620, 484.26303913320078)
(8621, 506.62377971706485)
(8622, 489.1733956656775)
(8623, 491.8534961602179)
(8624, 495.96684698022727)
(8625, 505.59562683685596)
(8626, 474.53913154327938)
(8627, 504.06316084233924)
(8628, 503.1322425149034)
(8629, 487.73625392489873)
(8630, 493.4781250594886)
(8631, 487.01619707883361)
(8632, 503.71632262561695)
(8633, 503.69003381288019)
(8634, 486.98247093051026)
(8635, 497.52215422536256)
(8636, 504.76095426214397)
(8637, 505.18625937299458)
(8638, 499.8674635271085)
(8639, 496.16830485372452)
(8640, 495.81394946206058)
(8641, 501.33099870600722)
(8642, 484.12582344712803)
(8643, 497.93365229997221)
(8644, 498.26951729227238)
(8645, 497.97393439637818)
(8646, 512.0898530886526)
(8647, 492.59772875665317)
(8648, 501.18400306674414)
(8649, 482.60273499333823)
(8650, 497.44969120916198)
(8651, 485.12732497931313)
(8652, 502.55147773008474)
(8653, 500.24848514450127)
(8654, 498.85248776168203)
(8655, 488.7906555384576)
(8656, 495.10173095269505)
(8657, 490.83811019138818)
(8658, 502.15601951055453)
(8659, 487.38413778619929)
(8660, 497.09662339049424)
(8661, 508.58292726388629)
(8662, 479.21346770009438)
(8663, 490.93334003614103)
(8664, 496.15011597922069)
(8665, 505.08543776121093)
(8666, 489.41901740370525)
(8667, 503.22532157241216)
(8668, 507.24114322185801)
(8669, 506.1143880548658)
(8670, 487.93111458825666)
(8671, 496.70012585709316)
(8672, 491.08567406945161)
(8673, 505.63605696598188)
(8674, 489.76294354037526)
(8675, 494.73566157374904)
(8676, 495.75087560583984)
(8677, 496.05292074137418)
(8678, 496.73317405090347)
(8679, 489.73663100218857)
(8680, 497.34664698977724)
(8681, 497.11835467289904)
(8682, 498.51279773598247)
(8683, 496.21251211173364)
(8684, 499.32628634568442)
(8685, 496.23836412994353)
(8686, 498.8035753282295)
(8687, 493.53810938150889)
(8688, 493.56776641900012)
(8689, 499.80168800894035)
(8690, 498.49432336671271)
(8691, 493.61478099582501)
(8692, 491.84985036723396)
(8693, 491.63159055142194)
(8694, 493.75738780281597)
(8695, 500.81135074398486)
(8696, 502.17174497077826)
(8697, 497.87709489094277)
(8698, 494.85468239611578)
(8699, 498.60154339943358)
(8700, 515.79031978905618)
(8701, 503.29670641744917)
(8702, 496.43519782737928)
(8703, 502.06261186470363)
(8704, 502.10927917196648)
(8705, 500.76821190196034)
(8706, 502.61071203299036)
(8707, 486.80377580559099)
(8708, 494.32553596096773)
(8709, 496.36035983178022)
(8710, 486.54316761445062)
(8711, 491.72133769302229)
(8712, 489.35033659715407)
(8713, 490.93008517989784)
(8714, 490.69924533452655)
(8715, 504.01245056491746)
(8716, 499.12220862948897)
(8717, 489.07350113918386)
(8718, 505.31746700951089)
(8719, 498.92948914745148)
(8720, 496.73821196625534)
(8721, 504.02168267847219)
(8722, 499.1117752930362)
(8723, 507.6258129164824)
(8724, 487.15275191991816)
(8725, 496.39294654636478)
(8726, 505.46057758929408)
(8727, 502.58339018432821)
(8728, 493.45185815836487)
(8729, 499.78094211820354)
(8730, 500.79366846103358)
(8731, 500.07885187721735)
(8732, 482.05544751484109)
(8733, 487.35354189274801)
(8734, 485.24905386325565)
(8735, 503.00977044950378)
(8736, 497.60566279031343)
(8737, 501.93759463217066)
(8738, 488.21614540689393)
(8739, 503.40180593338977)
(8740, 498.35474290305336)
(8741, 496.39381516166793)
(8742, 495.17372165189397)
(8743, 508.54393545804066)
(8744, 488.65658773872462)
(8745, 481.67425099025081)
