(9198, 484.14126224810116)
(9199, 494.1738555362453)
(9200, 493.45394391734783)
(9201, 490.27854023772858)
(9202, 494.45755178180195)
(9203, 489.51883660044302)
(9204, 498.61847300135116)
(9205, 506.12511914370464)
(9206, 500.0106858246578)
(9207, 500.40321346550832)
(9208, 500.64154237306883)
(9209, 486.42364260438609)
(9210, 509.5184028610048)
(9211, 501.14658970053904)
(9212, 490.75160053996274)
(9213, 500.61441879201755)
(9214, 490.71854383671632)
(9215, 509.60127525951941)
(9216, 506.02325179688825)
(9217, 497.11128839788614)
(9218, 489.51282243094846)
(9219, 496.82096029188006)
(9220, 498.02533075711131)
(9221, 489.30673073555369)
(9222, 494.93790632459752)
(9223, 494.2324287546823)
(9224, 505.59135270449582)
(9225, 503.01557031657848)
(9226, 483.86312946976426)
(9227, 482.0733188672412)
(9228, 503.91706768456811)
(9229, 490.50383202130706)
(9230, 491.56165483330221)
(9231, 488.55944145363782)
(9232, 494.87385046841518)
(9233, 492.59059632640879)
(9234, 496.22670299664145)
(9235, 497.85665610532055)
(9236, 495.44358233894116)
(9237, 485.90467591513584)
(9238, 505.47725155873508)
(9239, 501.24487161511126)
(9240, 504.43327792421246)
(9241, 494.05274342338271)
(9242, 500.15537693046025)
(9243, 506.34783469233128)
(9244, 490.47613919237676)
(9245, 505.18436756905317)
(9246, 477.80711274997805)
(9247, 511.02927081375901)
(9248, 501.90923840570417)
(9249, 496.76168591352757)
(9250, 487.17762427660671)
(9251, 501.26304459070963)
(9252, 500.09873568884086)
(9253, 502.8203191412249)
(9254, 501.00102853304043)
(9255, 490.31799221392038)
(9256, 489.99946209783207)
(9257, 502.32591905771278)
(9258, 499.38478555510153)
(9259, 497.00767662419287)
(9260, 488.57374348320968)
(9261, 490.53931327027874)
(9262, 499.75213969910192)
(9263, 493.87604868187429)
(9264, 493.28777708711186)
(9265, 484.46284322631249)
(9266, 496.77622390894635)
(9267, 505.5127584241672)
(9268, 494.00883308969492)
(9269, 498.94511158488353)
(9270, 502.25965303931048)
(9271, 502.00510228038195)
(9272, 494.71341326203219)
(9273, 510.14385804979406)
(9274, 500.64595445258499)
(9275, 494.40096946540893)
(9276, 491.83023932293742)
(9277, 497.48558451579606)
(9278, 506.62652517987954)
(9279, 506.21103268245929)
(9280, 485.06468231355058)
(9281, 493.63762347650868)
(9282, 478.65170823424853)
(9283, 509.46766541436739)
(9284, 488.01920398458628)
(9285, 489.8796765723759)
(9286, 491.00119910498506)
(9287, 501.93407683885692)
(9288, 491.16687692052841)
(9289, 493.89375509536461)
(9290, 484.46192222017044)
(9291, 495.53125646857666)
(9292, 486.48649897756411)
(9293, 515.09367427685902)
(9294, 502.33955859348401)
(9295, 492.36563751689278)
(9296, 501.49163803870994)
(9297, 496.430335314692)
(9298, 478.54282786152413)
(9299, 483.88583478678896)
(9300, 485.54799245626157)
(9301, 491.65842888940824)
(9302, 489.85836069716765)
(9303, 504.73181693526845)
(9304, 503.22183593472852)
(9305, 499.04446292340072)
(9306, 500.61331101629901)
(9307, 506.3676923199057)
(9308, 500.86575372734666)
(9309, 496.69705234676536)
(9310, 497.17738611238781)
(9311, 500.96328394360023)
(9312, 496.36756701563138)
(9313, 497.90084265863561)
(9314, 493.52107608631036)
(9315, 488.32115752560895)
(9316, 500.82670752668628)
(9317, 505.55521958485116)
(9318, 490.33919788617533)
(9319, 499.08132410853557)
(9320, 498.49468671305095)
(9321, 486.65035064659372)
(9322, 494.15704693896669)
(9323, 493.5508181521314)
(9324, 498.72793053152793)
(9325, 498.32194176736238)
(9326, 490.82294639081812)
(9327, 502.65017457147093)
