(7450, 495.27456060548411)
(7451, 515.73807473825514)
(7452, 496.89900498055152)
(7453, 507.87186505639806)
(7454, 501.31749633188673)
(7455, 498.87806991288204)
(7456, 501.9937546229836)
(7457, 487.25347407788536)
(7458, 502.37172366527136)
(7459, 465.10092448481862)
(7460, 500.91422391444962)
(7461, 505.01135353764209)
(7462, 487.45588797684854)
(7463, 506.5819512950543)
(7464, 493.59328245127267)
(7465, 490.30954417308567)
(7466, 483.33087622525824)
(7467, 498.1291342087577)
(7468, 488.36318863084944)
(7469, 497.33704377411806)
(7470, 498.02834566564923)
(7471, 493.10766895153756)
(7472, 497.10097389203486)
(7473, 497.45620350714682)
(7474, 507.66389759858203)
(7475, 485.75843134827755)
(7476, 496.65834721998942)
(7477, 495.31318510881965)
(7478, 502.93095741873367)
(7479, 493.66865394572409)
(7480, 481.8787660390683)
(7481, 496.26059814411076)
(7482, 490.26394747467907)
(7483, 502.3535786816924)
(7484, 516.39727298070454)
(7485, 510.69760394412469)
(7486, 504.96826107340337)
(7487, 500.11162122171407)
(7488, 510.09856448999835)
(7489, 504.42110246854293)
(7490, 492.17894375955115)
(7491, 499.85204045142484)
(7492, 506.614336070006)
(7493, 501.36213523092249)
(7494, 494.18803417645887)
(7495, 486.88383250705601)
(7496, 493.52712814401048)
(7497, 501.53852172006646)
(7498, 486.80523635546876)
(7499, 502.29878511090618)
(7500, 504.50933013973463)
(7501, 489.08022494497101)
(7502, 494.77206189648734)
(7503, 502.1357623190969)
(7504, 498.27862436904763)
(7505, 506.25036245874617)
(7506, 494.71517207307949)
(7507, 490.9213351506944)
(7508, 497.67446321483521)
(7509, 490.05925491553904)
(7510, 500.43340502154376)
(7511, 490.07647153088044)
(7512, 492.5241916607979)
(7513, 480.87900693581389)
(7514, 489.05135556398125)
(7515, 487.11909224628653)
(7516, 478.70533379061817)
(7517, 482.64449393059795)
(7518, 503.5175619688045)
(7519, 509.07880047873664)
(7520, 513.12277551090096)
(7521, 500.81468626169067)
(7522, 490.35848569525223)
(7523, 490.28530858778538)
(7524, 512.51183762571134)
(7525, 497.61902549339783)
(7526, 494.71620619628169)
(7527, 491.41953938460466)
(7528, 507.3893576199572)
(7529, 491.25196512533552)
(7530, 495.03423552309243)
(7531, 498.814110792826)
(7532, 499.12430348177043)
(7533, 500.64925929237768)
(7534, 500.75489076145084)
(7535, 516.57315660790073)
(7536, 497.5186323166929)
(7537, 503.95111528758764)
(7538, 492.95918005363387)
(7539, 494.83238484919264)
(7540, 497.5316440944473)
(7541, 490.47626731550753)
(7542, 502.6604594173233)
(7543, 489.48414648073469)
(7544, 495.70498882144)
(7545, 486.12467469526069)
(7546, 498.07265603871929)
(7547, 495.29911643972406)
(7548, 501.66503216810588)
(7549, 486.57063004016152)
(7550, 483.67660305810853)
(7551, 492.25607165208942)
(7552, 501.92647868419465)
(7553, 499.20598767469585)
(7554, 486.65257400181747)
(7555, 488.41542666185774)
(7556, 495.64942088308362)
(7557, 490.99900994716222)
(7558, 487.19582385537296)
(7559, 487.88212397564894)
(7560, 486.57531408623402)
(7561, 498.52093548156603)
(7562, 511.83358754928804)
(7563, 486.55042810704549)
(7564, 485.63538578502715)
(7565, 498.74557568235173)
(7566, 501.13869922551794)
(7567, 507.68033987866187)
(7568, 506.89605142031661)
(7569, 482.34077384351383)
(7570, 502.26961986757397)
(7571, 498.95124249168441)
(7572, 497.37178154698057)
(7573, 479.68983003247678)
(7574, 494.23189084064643)
(7575, 495.80152309660531)
(7576, 489.61501728250892)
(7577, 497.02343974124892)
(7578, 511.17190675235969)
(7579, 500.78407727513809)
(7580, 492.86261746439396)
(7581, 496.55159989328479)
(7582, 494.71384097229611)
(7583, 490.07226765118924)
(7584, 490.39721378803029)
(7585, 493.80683939810831)
(7586, 502.99605536515037)
(7587, 499.44092809408323)
(7588, 503.68318132320985)
(7589, 477.72625195941475)
(7590, 505.32299310739006)
(7591, 492.6187979554461)
(7592, 502.34836610056561)
(7593, 491.15812712514867)
(7594, 505.61367958748554)
(7595, 488.14188047071923)
(7596, 491.35544373210473)
(7597, 485.08850216022972)
(7598, 490.68053573420127)
(7599, 501.83948749365896)
(7600, 503.51380952807477)
(7601, 491.01213646178212)
(7602, 485.71783440889277)
(7603, 495.92696058537172)
(7604, 495.64224197047747)
(7605, 494.14257339265362)
(7606, 503.29477031964552)
(7607, 496.95975857481767)
(7608, 490.38284159562113)
(7609, 487.77390232109656)
(7610, 490.68085136884912)
(7611, 499.54797592305999)
