(3033, 492.77658730929272)
(3034, 501.20255109872443)
(3035, 494.88607264408165)
(3036, 488.03258616403906)
(3037, 501.36228965735722)
(3038, 502.08455740353281)
(3039, 501.652691644421)
(3040, 494.20759984025739)
(3041, 485.10832477285845)
(3042, 479.68910243010396)
(3043, 501.14666157019991)
(3044, 477.73204087784836)
(3045, 500.42650022893417)
(3046, 504.70883988762404)
(3047, 495.08803115176727)
(3048, 490.82580241001051)
(3049, 493.31153448498117)
(3050, 498.29662976405723)
(3051, 482.03468073175458)
(3052, 496.26386220161271)
(3053, 501.88770671854911)
(3054, 493.9506943272371)
(3055, 497.10540634524676)
(3056, 483.54365588384599)
(3057, 491.51026769758323)
(3058, 496.5182785786277)
(3059, 495.22733107665897)
(3060, 501.97362990413308)
(3061, 499.15223075645315)
(3062, 501.06001921560949)
(3063, 505.77141396604748)
(3064, 497.84171056808498)
(3065, 505.21786861121473)
(3066, 509.75420948594643)
(3067, 497.47796195234486)
(3068, 488.89802465283424)
(3069, 501.57553019597492)
(3070, 508.88108940203711)
(3071, 513.09419143765604)
(3072, 492.14492909421494)
(3073, 495.78411234988107)
(3074, 501.6853748428004)
(3075, 498.49654669123123)
(3076, 494.18451027699757)
(3077, 486.79878377486159)
(3078, 505.31901815542778)
(3079, 499.10662083683462)
(3080, 495.09272202400518)
(3081, 497.14364961661715)
(3082, 493.11366737052089)
(3083, 498.09162912769409)
(3084, 499.89864141486555)
(3085, 493.1409513954552)
(3086, 498.04405309816025)
(3087, 486.67164360197501)
(3088, 501.64964985045378)
(3089, 500.65382011659869)
(3090, 497.38513142237628)
(3091, 489.14598380820098)
(3092, 507.86737566046281)
(3093, 481.31685609063669)
(3094, 490.60070954686461)
(3095, 487.31574983078156)
(3096, 488.35457297009145)
(3097, 491.61484027855454)
(3098, 497.8795397533076)
(3099, 508.41085033517459)
(3100, 494.52222709185213)
(3101, 485.77283069981581)
(3102, 499.86141949783598)
(3103, 485.5353884716568)
(3104, 493.16270829539502)
(3105, 510.02823778851257)
(3106, 501.58465778832078)
(3107, 502.88509823441888)
(3108, 491.84749911655308)
(3109, 505.14850363208467)
(3110, 509.39112890637006)
(3111, 491.89975021578431)
(3112, 480.21827944663869)
(3113, 473.99257216372484)
(3114, 509.48768621498681)
(3115, 500.07797503332267)
(3116, 483.77626877711788)
(3117, 494.97469622853191)
(3118, 498.15937196394179)
(3119, 499.66799942967623)
(3120, 491.97297117550261)
(3121, 509.9068546637306)
(3122, 510.82198619111415)
(3123, 507.11983745675445)
(3124, 500.3912074826867)
(3125, 497.96174517790064)
(3126, 504.72615400883785)
(3127, 497.65692794001683)
(3128, 495.32314123667652)
(3129, 495.90793584841225)
(3130, 507.39859307221673)
(3131, 491.78925766442876)
(3132, 499.13773000942575)
(3133, 499.91581263996233)
(3134, 501.5371772029556)
(3135, 493.72384955737425)
(3136, 501.09358933402586)
(3137, 484.47575272049761)
(3138, 495.74640073386354)
(3139, 496.33469216447133)
(3140, 492.6216817306306)
(3141, 494.62135877715707)
(3142, 489.52297171502312)
(3143, 497.38349681929418)
(3144, 497.10942623106996)
(3145, 504.31457765522987)
(3146, 487.78939890146239)
(3147, 484.96237884603926)
(3148, 490.38063767906681)
(3149, 498.85683268620767)
(3150, 504.7802893340691)
(3151, 503.07579351357174)
(3152, 494.47078147448087)
(3153, 494.69830795807013)
(3154, 496.58001214042747)
(3155, 488.84427745318436)
(3156, 494.40189087495878)
(3157, 504.58667987273009)
(3158, 486.76554731360727)
(3159, 504.63769940837665)
(3160, 502.62846248106047)
(3161, 501.30054214127938)
(3162, 485.73836356057609)
(3163, 481.4095373676127)
(3164, 508.19671118913914)
(3165, 496.15609929371385)
(3166, 490.18198587788004)
(3167, 494.98953726865329)
(3168, 498.59698123438579)
(3169, 492.2371180294349)
(3170, 490.40397995002922)
(3171, 496.09801428166952)
(3172, 499.31484043741466)
(3173, 503.14719317046467)
(3174, 496.87479984036111)
(3175, 500.74678236008253)
(3176, 496.08477965488498)
(3177, 494.96821333666753)
(3178, 486.43444858100861)
(3179, 505.27978301039661)
(3180, 495.89297208681114)
(3181, 490.32319360859634)
(3182, 491.46969282055579)
