(5298, 476.43859619315276)
(5299, 500.29041966497243)
(5300, 485.17158404884788)
(5301, 507.41155146418703)
(5302, 491.82549135872125)
(5303, 500.61900469012494)
(5304, 491.68651503726863)
(5305, 502.41129452274492)
(5306, 489.80770976728763)
(5307, 492.16614143011981)
(5308, 485.63283077854732)
(5309, 501.14168515709292)
(5310, 488.92154223220325)
(5311, 498.56056875173795)
(5312, 498.99010895833476)
(5313, 508.54334214168739)
(5314, 511.74774626109843)
(5315, 510.81296679590582)
(5316, 500.82085169093676)
(5317, 505.39813000825472)
(5318, 495.25974191835434)
(5319, 485.16600520660757)
(5320, 509.38767021943534)
(5321, 487.70673542069972)
(5322, 500.49121438886351)
(5323, 497.72978100581145)
(5324, 502.80940461252277)
(5325, 480.4205405330506)
(5326, 500.53113876617044)
(5327, 494.61796916011497)
(5328, 494.54031075748429)
(5329, 488.69433874970269)
(5330, 507.24494631159666)
(5331, 507.98738873757293)
(5332, 484.12988562537976)
(5333, 491.04100199559593)
(5334, 496.18439212810893)
(5335, 496.61257670434708)
(5336, 492.28706190980688)
(5337, 488.88221599291268)
(5338, 501.06853996412468)
(5339, 507.8112727739869)
(5340, 492.05484617974577)
(5341, 498.17029999288349)
(5342, 496.43958771634726)
(5343, 498.7541303699569)
(5344, 503.93869111807476)
(5345, 499.32687440903703)
(5346, 488.33904115478794)
(5347, 511.15264061148525)
(5348, 490.91077493575108)
(5349, 497.50225083250825)
(5350, 494.35792448985922)
(5351, 499.85639531452193)
(5352, 503.65790898138118)
(5353, 499.16058560045155)
(5354, 489.22971892160126)
(5355, 490.68261309743707)
(5356, 496.62281937995704)
(5357, 501.80385193472256)
(5358, 499.75293898115092)
(5359, 496.91261870241181)
(5360, 491.59144252930605)
(5361, 504.54701640319047)
(5362, 508.10582675080008)
(5363, 493.80005928401295)
(5364, 501.06638072734984)
(5365, 497.9705697869864)
(5366, 498.2127684447205)
(5367, 497.27312666518299)
(5368, 506.88207744054682)
(5369, 508.1501713750165)
(5370, 487.91388294578132)
(5371, 492.12452464902572)
(5372, 484.75053182112572)
(5373, 498.61555399015595)
(5374, 493.57940143369007)
(5375, 484.91434101510686)
(5376, 490.17757189782458)
(5377, 499.61093535519854)
(5378, 496.7251406459531)
(5379, 487.13007906347514)
(5380, 493.96573543780653)
(5381, 494.82094814663628)
(5382, 492.00780077200511)
(5383, 496.78216866964817)
(5384, 498.31336296007737)
(5385, 491.24081205325422)
(5386, 485.39380761706866)
(5387, 489.17565238962084)
(5388, 499.74161324617069)
(5389, 495.30907658260918)
(5390, 509.68011339221516)
(5391, 489.46097377717706)
(5392, 493.15031124248713)
(5393, 481.86358736955083)
(5394, 492.11990334876793)
(5395, 496.04500679328464)
(5396, 485.58184152685772)
(5397, 490.66081978099021)
(5398, 502.12220733592835)
(5399, 481.99509410654576)
(5400, 493.08211133473361)
(5401, 489.75298916673739)
(5402, 499.55334833580457)
(5403, 499.28839997776538)
(5404, 484.23381431975952)
(5405, 490.30820453791347)
(5406, 487.62699728848611)
(5407, 507.92518279784156)
(5408, 491.47977204112385)
(5409, 498.57166317925294)
(5410, 506.60391425782223)
(5411, 504.21534563184616)
(5412, 492.72340933386579)
(5413, 505.64646824152612)
(5414, 503.31115512613133)
(5415, 493.92510840819546)
(5416, 485.24451111497149)
(5417, 497.47325525007864)
(5418, 497.83692184485977)
(5419, 494.59111901410495)
(5420, 503.3031120233457)
(5421, 501.59060073358813)
(5422, 490.60956250509929)
(5423, 511.24613851575737)
(5424, 493.11837920820506)
(5425, 499.73155196571474)
(5426, 501.99949755616399)
(5427, 490.58755612773291)
(5428, 503.19714028828832)
(5429, 490.9563801471478)
(5430, 489.41473853710886)
(5431, 502.77240339771203)
(5432, 502.77678253250883)
(5433, 500.90629104963506)
(5434, 490.49514399932752)
(5435, 506.48372113342191)
(5436, 499.72210238866444)
(5437, 492.38489350703543)
(5438, 496.34745332158673)
(5439, 489.76033414838076)
(5440, 493.84070407431625)
(5441, 490.15232918812319)
(5442, 488.71035095889454)
(5443, 493.90746577159865)
(5444, 492.96697706436305)
(5445, 495.93261152613297)
(5446, 491.31125470669303)
(5447, 481.77106181359602)
(5448, 500.93527562927534)
(5449, 488.553811779434)
(5450, 502.9965447622522)
(5451, 500.1422529000526)
(5452, 484.32235763382215)
(5453, 483.94118092057118)
(5454, 487.79771416876486)
(5455, 482.40376046132963)
(5456, 511.07332255040501)
(5457, 500.77344558530115)
(5458, 501.98118661831586)
(5459, 505.6142842556817)
(5460, 506.86387723678627)
(5461, 492.8207791239405)
(5462, 495.25396850897476)
(5463, 496.05351043733708)
(5464, 490.73579129982528)
(5465, 505.67865540351863)
(5466, 503.0239005267091)
(5467, 504.10726744304571)
(5468, 503.38902499258052)
(5469, 498.62373764986847)
(5470, 486.91241522421797)
(5471, 500.73244204075223)
(5472, 517.98893531699571)
(5473, 492.19493740283957)
(5474, 487.4151719056685)
