(6571, 508.92037273362229)
(6572, 498.4601702798941)
(6573, 494.73104283816701)
(6574, 497.74472394063008)
(6575, 492.73809581728943)
(6576, 504.54917841671579)
(6577, 502.89406956607434)
(6578, 480.18469532860252)
(6579, 494.6617481704676)
(6580, 484.59249981769619)
(6581, 498.00719807330779)
(6582, 511.31451692651387)
(6583, 494.81415737933617)
(6584, 495.79989121965735)
(6585, 489.3000730781132)
(6586, 499.57846791972224)
(6587, 504.79768927292616)
(6588, 499.54483149464318)
(6589, 489.95388117300445)
(6590, 486.50351353565793)
(6591, 502.54238430617988)
(6592, 501.24300464134558)
(6593, 488.60814585128537)
(6594, 494.15236198935531)
(6595, 500.03283090240711)
(6596, 494.00584625127391)
(6597, 494.39621765357055)
(6598, 493.99781690361385)
(6599, 517.35556583043171)
(6600, 493.22616944261102)
(6601, 486.08287592037971)
(6602, 505.26473513291603)
(6603, 487.62833524340886)
(6604, 489.34947842109398)
(6605, 485.7920416988037)
(6606, 501.46610212443517)
(6607, 486.07370833161156)
(6608, 501.72168326926715)
(6609, 506.48323717103028)
(6610, 502.21995205670652)
(6611, 498.96944061080814)
(6612, 508.71144173739776)
(6613, 474.37998249935015)
(6614, 495.59509356662738)
(6615, 494.4600727556176)
(6616, 498.91013428219441)
(6617, 495.56706322119146)
(6618, 491.84492721710745)
(6619, 513.26389555855462)
(6620, 504.69438428219337)
(6621, 498.49464389475236)
(6622, 497.66809708428889)
(6623, 485.22225638330673)
(6624, 502.06227946700091)
(6625, 490.4830320848975)
(6626, 502.02268488425671)
(6627, 502.06574336712958)
(6628, 494.70489333461683)
(6629, 499.49140616311195)
(6630, 487.53447473919368)
(6631, 486.31500080776925)
(6632, 496.64687026835156)
(6633, 490.21084379644083)
(6634, 493.54983007918878)
(6635, 496.88755677815061)
(6636, 494.98504466058318)
(6637, 489.05842449859142)
(6638, 487.84555795147054)
(6639, 494.50716071168142)
(6640, 498.34209448487695)
(6641, 496.47823495160196)
(6642, 500.50536500180471)
(6643, 501.20224339077879)
(6644, 509.61856234416126)
(6645, 481.59499393203134)
(6646, 493.86145185820874)
(6647, 494.80939885417479)
(6648, 504.48428214736117)
(6649, 496.63808185376581)
(6650, 499.02035102992079)
(6651, 494.19184124279229)
(6652, 491.13975299579619)
(6653, 496.73657095206613)
(6654, 486.88569437415242)
(6655, 500.5808021890756)
(6656, 508.34981791194809)
(6657, 493.09048387018493)
(6658, 492.67706176271884)
(6659, 499.90007561868583)
(6660, 494.75660167587375)
(6661, 500.10651297273239)
(6662, 490.62590827398151)
(6663, 488.32584350658345)
(6664, 492.68629831884641)
(6665, 488.62741238617389)
(6666, 510.71197837180426)
(6667, 490.51710439645586)
(6668, 491.55424745667779)
(6669, 495.12407227678972)
(6670, 495.74999847750644)
(6671, 485.10010432966965)
(6672, 497.03307208298156)
(6673, 491.90814695505355)
(6674, 498.6861843681645)
(6675, 503.78825139643357)
(6676, 482.07624380824734)
(6677, 491.21255298184252)
(6678, 497.66027906501824)
(6679, 498.53646864356097)
(6680, 506.4531467782773)
(6681, 488.92806004911301)
(6682, 505.54192812286612)
(6683, 501.6743589727227)
(6684, 490.04365473817217)
(6685, 505.88287033893891)
(6686, 502.56676404304653)
(6687, 513.2163989714843)
(6688, 486.24875482810535)
(6689, 497.81475034410522)
(6690, 504.10223005196042)
(6691, 483.24867823151436)
(6692, 502.76059542490134)
(6693, 485.6910990062604)
(6694, 501.25540158011466)
(6695, 491.52775086324289)
(6696, 493.04319941268409)
(6697, 502.43669051514121)
(6698, 485.61325491823288)
(6699, 508.29076747354588)
(6700, 502.77324552705909)
(6701, 499.15165059479534)
(6702, 480.24197381311615)
(6703, 486.47272997603284)
(6704, 504.71224117140866)
(6705, 481.61558353446185)
(6706, 498.67494364962397)
(6707, 510.82244816275141)
(6708, 489.69701771407614)
(6709, 490.70124489979719)
(6710, 489.84742958759369)
(6711, 495.38954011019723)
(6712, 491.41218865749647)
(6713, 501.9505630220217)
(6714, 498.92599091074811)
(6715, 507.65947935743691)
(6716, 507.5416313994856)
(6717, 508.79238303819039)
(6718, 483.08708450143973)
(6719, 499.10763875321356)
(6720, 496.27965926274146)
(6721, 494.88743241018608)
(6722, 502.00246970060675)
(6723, 496.45490687602137)
(6724, 502.91866695927649)
(6725, 505.84055372444516)
(6726, 509.01067932640819)
(6727, 505.91617913261439)
(6728, 508.52812191397084)
(6729, 502.89181977435544)
(6730, 493.45406569195893)
(6731, 488.5616074916494)
(6732, 507.88036478455035)
(6733, 487.92674275495062)
(6734, 499.92718035753211)
(6735, 497.13885410529633)
(6736, 490.85173329489749)
(6737, 503.42868950730076)
(6738, 491.69965527767079)
(6739, 492.70336004153012)
(6740, 497.79439301135375)
(6741, 498.47973511842554)
(6742, 494.66270897009264)
(6743, 505.25994188122615)
(6744, 494.98884664178172)
(6745, 496.56780438041733)
(6746, 498.44095642552571)
(6747, 498.38186530446956)
(6748, 491.52811495094579)
(6749, 479.32233055877475)
(6750, 506.06700485843828)
(6751, 498.60440890724044)
(6752, 502.87809948347399)
(6753, 507.94914838389911)
(6754, 492.6049532098823)
(6755, 499.70399254671634)
(6756, 494.44213544844467)
(6757, 510.36242031172583)
(6758, 503.53689871854527)
(6759, 491.39999068002169)
