(8380, 488.58131037454041)
(8381, 489.42706477066753)
(8382, 493.28236440763601)
(8383, 507.06434540223404)
(8384, 500.65874586114353)
(8385, 502.00385646172759)
(8386, 504.57051024305588)
(8387, 503.31758794985876)
(8388, 508.74524259643874)
(8389, 490.62025343452473)
(8390, 493.27955962289775)
(8391, 488.46920114512028)
(8392, 496.88995523845989)
(8393, 485.50573785344267)
(8394, 489.11769162334406)
(8395, 495.56133081362123)
(8396, 500.78451219944702)
(8397, 496.70050510134621)
(8398, 493.21667554511771)
(8399, 495.70480652466517)
(8400, 496.44355126191681)
(8401, 508.72490854456754)
(8402, 493.57043704037636)
(8403, 497.50831163198853)
(8404, 492.89652113584498)
(8405, 503.66835308889154)
(8406, 505.54584719085017)
(8407, 476.23579235852185)
(8408, 491.43565718718139)
(8409, 496.07747208551621)
(8410, 490.55358775183242)
(8411, 500.88330076087584)
(8412, 495.14409810958898)
(8413, 516.66900834934347)
(8414, 494.92138603747492)
(8415, 503.0003065475351)
(8416, 505.01150388667475)
(8417, 502.53681545243035)
(8418, 485.08947724258968)
(8419, 503.97157586191383)
(8420, 491.35251046574797)
(8421, 497.66922594946652)
(8422, 501.75428998113421)
(8423, 500.13431986504406)
(8424, 500.81400173340785)
(8425, 497.86094495272766)
(8426, 504.79644151823254)
(8427, 500.00106118529879)
(8428, 495.46234117360348)
(8429, 512.03932866098557)
(8430, 514.44841912869151)
(8431, 491.67009456803612)
(8432, 491.12578652504124)
(8433, 494.01596578937699)
(8434, 487.95289995738869)
(8435, 490.20363118367504)
(8436, 500.98069344793521)
(8437, 487.75599388450291)
(8438, 505.45539061719671)
(8439, 494.41287438861355)
(8440, 496.93036516240073)
(8441, 481.9486264759031)
(8442, 508.53526879724291)
(8443, 510.66012575398736)
(8444, 501.5604506101854)
(8445, 505.69578584704522)
(8446, 499.3702523531062)
(8447, 499.48025881489559)
(8448, 495.29513794180014)
(8449, 488.74929442354829)
(8450, 505.19951684929663)
(8451, 495.03693008989114)
(8452, 499.67579990072466)
(8453, 497.04579815751481)
(8454, 500.94669529598059)
(8455, 510.5988237106223)
(8456, 480.62146070680365)
(8457, 490.07246106924026)
(8458, 509.62470302843849)
(8459, 506.76667949556577)
(8460, 482.04949448183424)
(8461, 501.55509502858376)
(8462, 503.29160186728029)
(8463, 495.57716208095411)
(8464, 504.91791952959687)
(8465, 502.08386336586386)
(8466, 477.8843004017682)
(8467, 490.2428591542706)
(8468, 489.43251533964178)
(8469, 499.85573469283827)
(8470, 494.13784178315973)
(8471, 490.6961004673534)
(8472, 492.01958441004274)
(8473, 509.10196737550291)
(8474, 505.8843372114095)
(8475, 492.96348660576518)
(8476, 481.87878464636248)
(8477, 484.06393387721482)
(8478, 490.88675682719588)
(8479, 488.0834921122688)
(8480, 499.26997157027205)
(8481, 486.64606042265802)
(8482, 497.38083492110292)
(8483, 484.01045484535734)
(8484, 484.36975007728051)
(8485, 488.93496393455513)
(8486, 503.91287690844172)
(8487, 493.86838585638384)
(8488, 491.33479159277005)
(8489, 503.47475688381758)
(8490, 479.93470316919718)
(8491, 499.95755775587259)
(8492, 501.53581651225403)
(8493, 493.49079052623472)
(8494, 502.23673222396883)
(8495, 491.25104891756456)
(8496, 505.58644677425684)
(8497, 511.59297235107039)
(8498, 489.44730162017993)
(8499, 496.8750638563838)
