(1536, 486.43631433550087)
(1537, 486.95126012301802)
(1538, 490.17577058427986)
(1539, 483.51515102776824)
(1540, 504.46770430740992)
(1541, 503.25556870149433)
(1542, 495.20083032701143)
(1543, 500.94762417784233)
(1544, 496.52906450105343)
(1545, 509.20224537219929)
(1546, 500.6121689213121)
(1547, 487.71197645219496)
(1548, 475.72904129433442)
(1549, 499.43991949127656)
(1550, 494.78720672405478)
(1551, 500.18615401251202)
(1552, 495.98994395002273)
(1553, 492.46551679492609)
(1554, 482.21760086244467)
(1555, 492.95845125050005)
(1556, 487.032538900784)
(1557, 501.64910509533678)
(1558, 501.92331145756066)
(1559, 476.91441178098313)
(1560, 503.5857239880213)
(1561, 502.13805846303353)
(1562, 497.01415341126472)
(1563, 501.15467637314089)
(1564, 485.46265033734119)
(1565, 501.23397545655331)
(1566, 503.15644791519776)
(1567, 494.0507017674218)
(1568, 505.00386649988161)
(1569, 496.64204200986944)
(1570, 491.04198291983414)
(1571, 503.8406139486288)
(1572, 500.49769390839356)
(1573, 496.45691369319297)
(1574, 498.96370433437431)
(1575, 498.48622666213811)
(1576, 503.51643066561007)
(1577, 512.5685794991407)
(1578, 490.7714243077927)
(1579, 494.57617722371845)
(1580, 497.52267246958161)
(1581, 490.11890662964993)
(1582, 501.97683885031785)
(1583, 510.62136026722413)
(1584, 498.45147360117653)
(1585, 498.43964533297242)
(1586, 490.17554878812439)
(1587, 491.81455453353942)
(1588, 496.67233121498066)
(1589, 495.86745365883024)
(1590, 496.01789061473585)
(1591, 493.20814510179991)
(1592, 500.60582669865596)
(1593, 489.53102585715396)
(1594, 503.76199397916696)
(1595, 507.14868379271252)
(1596, 488.93253795259238)
(1597, 481.47925205819922)
(1598, 495.96261103356335)
(1599, 488.61415834148272)
(1600, 500.70757381287598)
(1601, 485.8230817431587)
(1602, 503.78395493842152)
(1603, 497.18776834495719)
(1604, 492.1808801271751)
(1605, 498.66017367884569)
(1606, 503.74575960358834)
(1607, 492.12258582896834)
(1608, 475.7435763592581)
(1609, 488.42574829636339)
(1610, 512.1957678646138)
(1611, 493.29573234108642)
(1612, 479.81951253078233)
(1613, 501.10503371485106)
(1614, 493.96616793872482)
(1615, 490.23190115201635)
(1616, 497.96379006577996)
(1617, 510.25477753255768)
(1618, 504.53623639229875)
(1619, 492.49911942520072)
(1620, 505.36517778490247)
(1621, 494.8849099483254)
(1622, 500.58654793461892)
(1623, 487.67649861316175)
(1624, 490.51123988396421)
(1625, 508.90573316136647)
(1626, 508.02096891288977)
(1627, 490.15385981167708)
(1628, 502.85127432440862)
(1629, 508.42466822972506)
(1630, 508.25798208541471)
(1631, 484.71208220962353)
(1632, 501.30325849542294)
(1633, 505.81676757594539)
