(1089, 503.63476312107758)
(1090, 490.20465081243958)
(1091, 493.34397201292563)
(1092, 505.0241326750737)
(1093, 487.84788551105532)
(1094, 507.72950257043868)
(1095, 490.83152134464615)
(1096, 494.83454861904727)
(1097, 506.26851906485933)
(1098, 501.77749798144396)
(1099, 503.70442238780771)
(1100, 489.80318125212523)
(1101, 492.69427398240987)
(1102, 496.28108131354134)
(1103, 505.2598424034893)
(1104, 496.43551367446037)
(1105, 505.75875340709001)
(1106, 481.32371082554829)
(1107, 492.16201850491541)
(1108, 501.10612789905514)
(1109, 499.9814464738057)
(1110, 499.21645739954295)
(1111, 510.18294566294634)
(1112, 507.3414958358353)
(1113, 494.41378915118457)
(1114, 489.80607009580899)
(1115, 485.31507450685967)
(1116, 506.64411534095655)
(1117, 496.91636358723565)
(1118, 508.69903280305846)
(1119, 487.91748875532852)
(1120, 499.65933683737643)
(1121, 498.17164006776864)
(1122, 502.56210379343065)
(1123, 499.07749274740195)
(1124, 509.35941959764807)
(1125, 499.38500367631832)
(1126, 492.75436456137294)
(1127, 488.15370749627607)
(1128, 497.05782938573441)
(1129, 482.9557408302561)
(1130, 495.59714933029773)
(1131, 498.40038123745057)
(1132, 490.7455943012493)
(1133, 500.45176710261853)
(1134, 498.94230764103122)
(1135, 504.85410605658598)
(1136, 501.40860219589382)
(1137, 499.34819701965631)
(1138, 503.9606335307393)
(1139, 493.30054207248963)
(1140, 502.42411128872902)
(1141, 507.86775308787423)
(1142, 489.5340182995995)
(1143, 507.00393680617162)
(1144, 501.40135786911037)
(1145, 487.29845767442271)
(1146, 502.92272961604937)
(1147, 494.51082337367416)
(1148, 497.91446174652685)
(1149, 497.54285462621789)
(1150, 486.13367460820535)
(1151, 490.3895744824689)
(1152, 484.79043872953412)
(1153, 485.75947728334631)
(1154, 495.95046441804391)
(1155, 513.08901353096439)
(1156, 489.79263716348305)
(1157, 491.61525249930651)
(1158, 510.3765975163152)
(1159, 489.86918773962884)
(1160, 497.80032437370392)
(1161, 483.5237859307075)
(1162, 500.51138283300031)
(1163, 511.276059765745)
(1164, 481.69773286158596)
(1165, 503.82757210400393)
(1166, 492.70318614290079)
(1167, 490.86931921026559)
(1168, 504.93263261978871)
(1169, 507.96192761905138)
(1170, 489.82383513477174)
(1171, 488.87707929858362)
(1172, 496.15339446686249)
(1173, 493.83508379956174)
(1174, 493.64256395302095)
(1175, 510.55640225365386)
(1176, 510.17119094742731)
(1177, 508.10156659957505)
(1178, 498.12862598365194)
(1179, 511.4488165558875)
(1180, 502.31291914465049)
(1181, 499.64947649003352)
(1182, 503.18202592549778)
(1183, 500.80673019245455)
(1184, 515.5321579991371)
(1185, 478.95678904071451)
(1186, 502.96233300613858)
(1187, 500.57219438651288)
(1188, 491.08458161479911)
(1189, 491.61236919064248)
(1190, 487.3276591593588)
(1191, 496.11018832752239)
(1192, 491.79356410035001)
(1193, 486.12653721165964)
(1194, 504.79957350932807)
(1195, 503.86011300016366)
(1196, 496.54185554675843)
(1197, 505.46224349920772)
(1198, 477.65477827397905)
(1199, 495.55836576180923)
(1200, 495.42244976947927)
(1201, 501.37094402375044)
(1202, 486.12198174220305)
(1203, 487.2556297737101)
(1204, 492.49871232458179)
(1205, 496.45486882520811)
(1206, 497.57296700692484)
(1207, 503.83542730123543)
(1208, 498.49328266983468)
(1209, 496.28154714871755)
(1210, 497.45009580749445)
(1211, 491.95267902592855)
(1212, 507.05936200252313)
(1213, 485.26378985594528)
(1214, 512.51649027845349)
(1215, 491.14390445227559)
(1216, 506.5207007042909)
(1217, 493.98039719390556)
(1218, 494.59161086034544)
(1219, 490.81580553458718)
(1220, 489.27731377090936)
(1221, 495.71745081765346)
(1222, 490.91337405407086)
(1223, 506.08235390137145)
(1224, 495.09144293937402)
(1225, 500.87559636203406)
(1226, 501.99671337424019)
(1227, 490.59280977640009)
(1228, 500.31031572660106)
(1229, 500.29504776161542)
(1230, 503.17339675824724)
(1231, 489.69638869471089)
(1232, 482.16322206817563)
(1233, 491.1624992396454)
(1234, 503.81525517366185)
(1235, 493.47003627297107)
(1236, 479.55551718103936)
(1237, 486.14942748432009)
(1238, 497.92646205835501)
(1239, 501.92457833744533)
(1240, 501.17953130991003)
(1241, 502.53880949403185)
(1242, 498.68887689495364)
(1243, 497.48179854189999)
(1244, 495.5094340405069)
(1245, 504.55387090630035)
(1246, 492.76795193790986)
(1247, 498.32280895329245)
(1248, 494.98924550249569)
(1249, 497.45993276385269)
