(2087, 489.69893105483885)
(2088, 495.65433096113748)
(2089, 499.51456124914426)
(2090, 503.16975030806873)
(2091, 495.02444361056587)
(2092, 493.0573065962069)
(2093, 499.24334007876291)
(2094, 506.85615224615708)
(2095, 489.61331137932041)
(2096, 497.24277041549431)
(2097, 504.69316427100836)
(2098, 505.21505577954298)
(2099, 495.42615767881023)
(2100, 504.06642344659656)
(2101, 508.79079705960021)
(2102, 489.15936542982217)
(2103, 500.18931669282665)
(2104, 495.99160460149142)
(2105, 494.21065194889798)
(2106, 503.91521927932979)
(2107, 490.35178075527142)
(2108, 492.4076101935641)
(2109, 495.17030932434545)
(2110, 492.71891079456884)
(2111, 505.56040384270347)
(2112, 505.93732782174061)
(2113, 503.59647166796003)
(2114, 499.67460142624077)
(2115, 489.19737523968513)
(2116, 475.19154980806712)
(2117, 498.08117139470875)
(2118, 496.12349472895812)
(2119, 505.3578509933576)
(2120, 492.98041521952575)
(2121, 483.84361993295744)
(2122, 505.44103853023461)
(2123, 488.04829048631814)
(2124, 496.17144411979984)
(2125, 493.72661595606496)
(2126, 479.44541853293606)
(2127, 486.55896896122368)
(2128, 494.99142791284351)
(2129, 499.4741187024066)
(2130, 499.63392546527984)
(2131, 490.61573704189135)
(2132, 495.20843722520942)
(2133, 496.07795194250269)
(2134, 496.43494541223134)
(2135, 500.87682233199075)
(2136, 520.57705186787155)
(2137, 500.1356866494616)
(2138, 490.61829440720419)
(2139, 495.88226709787386)
(2140, 495.74130719478467)
(2141, 494.21528594844995)
(2142, 492.82767816712965)
(2143, 478.07759309945391)
(2144, 493.86282656328422)
(2145, 492.99466448061395)
(2146, 487.36098758034154)
(2147, 492.57373473743769)
(2148, 496.08557599862536)
(2149, 487.83138958264783)
(2150, 507.1873902964237)
(2151, 482.34219600566939)
(2152, 489.83224413399944)
(2153, 494.12697255904732)
(2154, 502.68855815567127)
(2155, 487.23118511057976)
(2156, 503.01732299587633)
(2157, 486.72051784428129)
(2158, 504.193982533179)
(2159, 509.30141554049527)
(2160, 488.8566916005077)
(2161, 501.8220228068742)
(2162, 518.78224684636427)
(2163, 491.3570730722397)
(2164, 487.00075456770998)
(2165, 485.52081388141676)
(2166, 494.25768993791803)
(2167, 492.53418842741456)
(2168, 494.20805884291224)
(2169, 503.60821741743166)
(2170, 506.63886057064599)
(2171, 499.49401694672736)
(2172, 501.796075674208)
(2173, 489.66061487530743)
(2174, 487.00986972881202)
(2175, 498.92385374795958)
(2176, 518.59408332181658)
(2177, 488.14639050926047)
(2178, 495.44196007520793)
(2179, 484.85354369897004)
(2180, 497.67376058854404)
(2181, 502.87491166391158)
(2182, 482.40514869846265)
(2183, 503.70081447929465)
(2184, 490.90272388733734)
(2185, 500.93503667073924)
(2186, 495.24283009707835)
(2187, 494.31712470203473)
(2188, 489.44262009957151)
(2189, 496.87423652533516)
(2190, 506.01307240937388)
(2191, 492.18385108896007)
(2192, 487.21331263598074)
(2193, 494.75066222118642)
(2194, 486.1734057572105)
(2195, 486.06316586822942)
(2196, 495.31117113726407)
(2197, 504.51356108570076)
(2198, 486.22979496162986)
(2199, 501.70799789118189)
(2200, 492.32534505784804)
(2201, 485.69913338927194)
(2202, 507.23479786717138)
(2203, 503.28107932055156)
