(8746, 498.3987478427324)
(8747, 496.00026132620036)
(8748, 502.68186356544413)
(8749, 491.44286415265606)
(8750, 508.03271683685227)
(8751, 500.31944901061206)
(8752, 493.49561086104876)
(8753, 501.19462710129369)
(8754, 481.75753050042312)
(8755, 500.64118458231923)
(8756, 489.71937244776427)
(8757, 501.69360685717623)
(8758, 500.31739615694403)
(8759, 492.57635864957427)
(8760, 487.31958021057972)
(8761, 495.35010460832132)
(8762, 496.11526277352226)
(8763, 493.75238892932668)
(8764, 499.68450084909)
(8765, 497.94579308212815)
(8766, 495.87061087300935)
(8767, 491.80505700113582)
(8768, 491.13553132861966)
(8769, 476.1230987580654)
(8770, 493.83827753678804)
(8771, 484.98939349459721)
(8772, 498.08118342995533)
(8773, 506.81048478604873)
(8774, 499.74986373103638)
(8775, 496.40021391143455)
(8776, 496.40879821041494)
(8777, 495.50012670208184)
(8778, 492.60764899610001)
(8779, 500.03201003356389)
(8780, 495.57307077333883)
(8781, 491.00916082732505)
(8782, 506.00576432489061)
(8783, 488.40450624777077)
(8784, 490.29732269331942)
(8785, 491.67260225247139)
(8786, 501.41631755492301)
(8787, 505.53227213360879)
(8788, 489.78505849913688)
(8789, 495.39761934902964)
(8790, 510.16730803482892)
(8791, 509.43234326353883)
(8792, 505.16813766987923)
(8793, 497.09637729571159)
(8794, 500.73943280827552)
(8795, 499.62544220808337)
(8796, 505.80637618697949)
(8797, 492.62353988164261)
(8798, 501.96301517569276)
(8799, 495.6861702445409)
(8800, 491.02429252023444)
(8801, 500.18401618379107)
(8802, 497.2087372018492)
(8803, 504.00246476663193)
(8804, 497.83574633081037)
(8805, 484.07108547821554)
(8806, 487.92457058297254)
(8807, 482.19176501812939)
(8808, 499.30240380041676)
(8809, 503.67289264035685)
(8810, 506.99662565401673)
(8811, 477.36934602761045)
(8812, 493.18130086174261)
(8813, 493.73581850210917)
(8814, 496.24275962779416)
(8815, 494.45972820056687)
(8816, 492.36299354797529)
(8817, 498.46045010007106)
(8818, 499.48666379419956)
(8819, 503.23800869359945)
(8820, 489.48402279801326)
(8821, 487.67614939186518)
(8822, 500.68345294859466)
(8823, 487.14090838068114)
(8824, 506.09374731144578)
(8825, 490.05587938061581)
(8826, 497.55346949212094)
(8827, 505.14592098105629)
(8828, 480.82975594539107)
(8829, 510.51024152272186)
(8830, 499.42039493892537)
(8831, 506.11166959356513)
(8832, 508.9542337147181)
(8833, 477.93855887320865)
(8834, 482.66867525804633)
(8835, 500.61575353372876)
(8836, 509.7884554847368)
(8837, 498.86140552353368)
(8838, 492.998158963999)
(8839, 486.86653565785014)
(8840, 489.14383372333668)
(8841, 495.84949628129345)
(8842, 509.31853263813059)
(8843, 491.60793686003728)
(8844, 490.53626629192541)
(8845, 498.59531156249454)
(8846, 493.26422038187229)
(8847, 500.69465824563099)
(8848, 486.84787780486545)
(8849, 492.04371547199617)
(8850, 512.35187599787878)
(8851, 504.09916370169969)
(8852, 488.72393441875835)
(8853, 494.60786937132423)
(8854, 508.51276370169023)
(8855, 497.91852895285831)
(8856, 501.09080117289841)
(8857, 509.43578317284175)
(8858, 487.59900986551429)
(8859, 486.38223559206011)
(8860, 495.08423125039405)
