(804, 493.05836499599593)
(805, 509.0449281691532)
(806, 506.1883998022987)
(807, 484.19047494434346)
(808, 496.33915067440125)
(809, 501.28853368441639)
(810, 509.05587331593017)
(811, 491.05925790780259)
(812, 506.90797862262247)
(813, 497.12269850750079)
(814, 492.42893199815694)
(815, 490.8333949919101)
(816, 503.46025961235409)
(817, 476.54443255907131)
(818, 497.54723674876089)
(819, 488.87737069797015)
(820, 501.17700206313157)
(821, 487.26533123958956)
(822, 501.33632750247966)
(823, 490.78114697997194)
(824, 491.30762038805551)
(825, 499.00917749000945)
(826, 488.35093308093082)
(827, 486.80636928792921)
(828, 494.18223283957809)
(829, 506.44368507560131)
(830, 510.1927665770138)
(831, 502.42483948755125)
(832, 508.73694945693842)
(833, 498.00660524749185)
(834, 499.47000019654507)
(835, 498.79436985738005)
(836, 495.95757870381817)
(837, 482.86995494331956)
(838, 499.21995279801013)
(839, 499.81222850829886)
(840, 499.04471051178956)
(841, 504.40455737022796)
(842, 505.02015719111694)
(843, 512.68468068209165)
(844, 497.57275097226483)
(845, 491.75779198078828)
(846, 487.55715189197133)
(847, 503.38575456661243)
(848, 488.02902546765955)
(849, 499.75399379808073)
(850, 491.85873143685944)
(851, 495.79143675949808)
(852, 505.74502553990578)
(853, 490.94454191180432)
(854, 498.02542154632579)
(855, 495.23873193295412)
(856, 492.0729335132848)
(857, 489.68497250019311)
(858, 502.45052955067592)
(859, 502.13152381383236)
(860, 494.04203764035572)
(861, 496.08356116880202)
(862, 490.17376365222913)
(863, 492.48601890069051)
(864, 489.42124837461478)
(865, 489.90899076054882)
(866, 492.72283190788573)
(867, 481.57692515599217)
(868, 502.15188414809421)
(869, 485.22253045782361)
(870, 493.23040534974189)
(871, 508.91714965095832)
(872, 506.88228821595834)
(873, 501.62981955495593)
(874, 513.73900525928798)
(875, 504.82631480732476)
(876, 500.2582968047966)
(877, 497.28326350310374)
(878, 491.49152738147478)
(879, 497.21348507666033)
(880, 494.52722379466343)
(881, 495.25687179723411)
(882, 485.52279532664943)
(883, 494.15111655391138)
(884, 490.53314129618332)
(885, 492.22524312270849)
(886, 498.55813612565203)
(887, 495.68773010117758)
(888, 494.37767057234191)
(889, 504.59838488301455)
(890, 498.51859431074718)
(891, 508.45515242669785)
(892, 503.67157808544539)
(893, 494.84410776387119)
(894, 498.66209221444706)
(895, 493.02611158967676)
(896, 494.48169345830092)
(897, 497.14605662738001)
(898, 486.34443041476368)
(899, 493.30005364779186)
(900, 499.02937774084342)
(901, 502.95622615006448)
(902, 499.12186940883271)
(903, 491.02069643200804)
(904, 491.49745829337456)
(905, 509.55800955221935)
(906, 502.07438892024243)
(907, 494.65835670572426)
(908, 490.71098247282799)
(909, 498.42752162211997)
(910, 495.89081537343475)
(911, 496.89476102241338)
(912, 497.88036101337786)
(913, 495.65592426006549)
(914, 501.94368959622392)
(915, 500.96373674320012)
(916, 499.1236895782464)
(917, 484.66648958526184)
(918, 488.21646870471369)
(919, 502.07185474199599)
(920, 490.45410229041886)
(921, 489.56536102718849)
(922, 488.47934568317299)
(923, 489.12814425309546)
(924, 490.44715445898157)
(925, 496.64695713311301)
(926, 495.99458610536624)
(927, 479.10336803311668)
(928, 492.78474543220392)
(929, 504.181827839368)
(930, 488.0046542800128)
(931, 500.91422523284137)
(932, 491.47385883565278)
(933, 487.57360037942146)
(934, 499.2940213858962)
(935, 495.08233924640979)
(936, 501.80039894751053)
(937, 517.46377247459407)
(938, 508.37182318586014)
(939, 493.50364469538908)
(940, 507.80482309355205)
(941, 475.68327165321182)
(942, 492.03281157727901)
(943, 504.7534527497329)
(944, 505.13061490214614)
(945, 507.3331697239235)
(946, 491.32612449952865)
(947, 502.22045630698562)
(948, 496.77939259183131)
(949, 480.13623388297464)
(950, 494.70548537736153)
(951, 497.08238812861657)
(952, 508.94966334791775)
(953, 503.39726528970368)
(954, 500.22307163008611)
(955, 498.84548695321502)
(956, 496.89738662952533)
(957, 489.89338098711221)
(958, 488.4119790231149)
(959, 499.58979925446738)
(960, 499.21615799100562)
(961, 497.99587712872449)
(962, 493.83931939561603)
(963, 511.21834310355666)
(964, 502.14071778943833)
(965, 515.0529919638019)
(966, 503.87761489279751)
(967, 510.76582646389204)
(968, 493.85825097127361)
