(1783, 488.13127185508796)
(1784, 487.65951923687226)
(1785, 498.22134684144834)
(1786, 502.72278527284709)
(1787, 494.05270958793415)
(1788, 500.75574883311049)
(1789, 494.22371255548728)
(1790, 492.43528789932861)
(1791, 493.46639355510797)
(1792, 487.00059581544735)
(1793, 504.08961938532161)
(1794, 499.17435222781313)
(1795, 508.80920357462446)
(1796, 489.53900016267949)
(1797, 491.34841960616433)
(1798, 483.13787177472182)
(1799, 507.19738667094464)
(1800, 491.15814846432238)
(1801, 493.42951234435498)
(1802, 488.63037056674341)
(1803, 494.03322889487868)
(1804, 500.96822621200408)
(1805, 492.16206670644829)
(1806, 497.57190390482322)
(1807, 488.48210235938882)
(1808, 494.94805301689684)
(1809, 508.93400117376927)
(1810, 497.48067026244109)
(1811, 497.80359851491551)
(1812, 507.60856505597417)
(1813, 492.89476291731773)
(1814, 492.35031993125995)
(1815, 492.34341575294832)
(1816, 490.36822226686644)
(1817, 498.2388488856808)
(1818, 509.20288342485526)
(1819, 486.34319923990574)
(1820, 495.73624594818125)
(1821, 507.53196702093578)
(1822, 490.24256224664589)
(1823, 486.63604922362947)
(1824, 498.46490446917494)
(1825, 491.03563800392936)
(1826, 488.47422512945712)
(1827, 506.23989115726374)
(1828, 492.74012673281487)
(1829, 498.86738033214397)
(1830, 494.46294413167766)
(1831, 499.31371470858693)
(1832, 505.33182877924946)
(1833, 496.90371764711432)
(1834, 489.32842146148823)
(1835, 489.55426901736058)
(1836, 499.84903664448422)
(1837, 504.21223934702499)
(1838, 504.65512209381831)
(1839, 494.43839658780763)
(1840, 501.76775150076622)
(1841, 480.99820541868132)
(1842, 504.18781294987332)
(1843, 495.44610405219714)
(1844, 497.19842017211181)
(1845, 496.28827173408888)
(1846, 489.65303264958214)
(1847, 492.01297193988506)
(1848, 497.58032448650829)
(1849, 493.06328724938254)
(1850, 491.72165883676337)
(1851, 490.65324762128569)
(1852, 490.47891081406374)
(1853, 496.99200921719569)
(1854, 496.60481584967749)
(1855, 485.40088574784977)
(1856, 493.56723697039791)
(1857, 496.83111042067583)
(1858, 504.47968512388661)
(1859, 499.5112007593338)
(1860, 497.57676241883911)
(1861, 496.17735134122086)
(1862, 485.31263145959866)
(1863, 490.72798577395338)
(1864, 495.69370257191457)
(1865, 497.65307089033115)
(1866, 502.65575221682195)
(1867, 495.71597837327971)
(1868, 493.80620402019463)
(1869, 500.50555587774807)
(1870, 491.44894862333092)
(1871, 496.10443891860211)
(1872, 494.76670765103376)
(1873, 484.49541923974459)
(1874, 496.96847226903446)
(1875, 500.51576245565934)
(1876, 493.73609394233483)
(1877, 490.86704387183437)
(1878, 493.70319199483833)
(1879, 496.53708371688276)
(1880, 493.21162041553572)
(1881, 499.82545767038891)
(1882, 494.46817852849659)
(1883, 496.37158307661173)
(1884, 493.87429597635889)
(1885, 491.82117571793867)
(1886, 494.9964100320642)
(1887, 498.00552928660522)
(1888, 488.24208910497981)
(1889, 502.10501461564536)
(1890, 502.89491274094769)
(1891, 487.90165404728731)
(1892, 497.2870482824726)
(1893, 500.20719526129443)
(1894, 490.89888861798318)
(1895, 486.41585429501549)
(1896, 498.67678980233154)
(1897, 504.13257646854674)
(1898, 497.27869267483931)
(1899, 495.19358342442172)
(1900, 496.61191555123401)
(1901, 490.37732565600538)
(1902, 496.5569953567117)
(1903, 490.6595375633176)
(1904, 503.04344029058007)
(1905, 508.60607381983954)
(1906, 497.13225504321247)
(1907, 502.66099116983725)
(1908, 504.80300189053213)
(1909, 500.87672101775041)
(1910, 506.28245127915602)
(1911, 504.12357857801476)
(1912, 486.66930498564795)
(1913, 493.23271619439242)
(1914, 506.52737505600396)
(1915, 486.24513326774007)
(1916, 493.31392385341064)
(1917, 509.41864726404515)
(1918, 486.31106299695449)
(1919, 499.74660769584113)
(1920, 494.81000288994915)
(1921, 493.77019630035011)
(1922, 496.14938297132846)
(1923, 492.60192499524032)
(1924, 498.11277595480976)
(1925, 491.45849070919542)
(1926, 492.05466270614625)
(1927, 492.11123251399232)
(1928, 504.72830054141184)
(1929, 489.48942873189958)
(1930, 491.04304297463165)
(1931, 490.37410432941806)
(1932, 488.87309781128351)
(1933, 497.31342144776045)
(1934, 498.51386669720819)
(1935, 497.49249438298364)
(1936, 500.53320366102457)
(1937, 489.93800150858351)
(1938, 489.95328181017044)
