(5905, 490.53693326471301)
(5906, 484.91493444635626)
(5907, 500.57557938196589)
(5908, 495.26180639197639)
(5909, 501.7375923581626)
(5910, 484.08908703559121)
(5911, 496.77313777677188)
(5912, 505.46202930995361)
(5913, 502.29795480998575)
(5914, 506.825738385634)
(5915, 498.26703881947782)
(5916, 499.14452727378944)
(5917, 503.0408228379406)
(5918, 506.93363232951504)
(5919, 493.98822255116579)
(5920, 488.62115895391275)
(5921, 501.03146578533068)
(5922, 495.73975070374843)
(5923, 492.3205160527437)
(5924, 501.30105403694142)
(5925, 502.11176839541542)
(5926, 496.59298982038695)
(5927, 500.62401581796996)
(5928, 493.940814166623)
(5929, 495.51369465772171)
(5930, 493.05148355359012)
(5931, 490.26892537063645)
(5932, 498.63086988581364)
(5933, 485.84666023375428)
(5934, 504.06434798014647)
(5935, 493.62769177251602)
(5936, 500.60158940198238)
(5937, 488.55573638331509)
(5938, 493.05556002573672)
(5939, 486.53421573791729)
(5940, 498.58807734808363)
(5941, 500.53813007816962)
(5942, 488.41738108546633)
(5943, 491.71506242443525)
(5944, 494.70605147314694)
(5945, 492.86583031655903)
(5946, 478.47502618571002)
(5947, 508.27201363775055)
(5948, 500.06801520494139)
(5949, 495.22969520187496)
(5950, 494.64054930707766)
(5951, 488.45579375756336)
(5952, 497.32523396500045)
(5953, 492.0232710820074)
(5954, 503.6848796713183)
(5955, 507.66597377027699)
(5956, 501.16143968119195)
(5957, 500.90380040097079)
(5958, 499.90769368537576)
(5959, 504.290507887182)
(5960, 493.88824811940287)
(5961, 480.76716189176449)
(5962, 491.27350943313172)
(5963, 499.03470934482317)
(5964, 495.75694356578765)
(5965, 500.58698334459598)
(5966, 499.81875364200084)
(5967, 497.40339796497733)
(5968, 504.34368907277218)
(5969, 489.26225057341077)
(5970, 488.92113538524438)
(5971, 488.96227681033042)
(5972, 501.7337490141536)
(5973, 489.03057763111883)
(5974, 504.79192669305456)
(5975, 491.71567830966478)
(5976, 490.44075644883378)
(5977, 497.8966181210742)
(5978, 496.44021437473344)
(5979, 490.2288053414203)
(5980, 494.07805037384941)
(5981, 499.10876526259966)
(5982, 495.32578111026487)
(5983, 499.63802737261409)
(5984, 507.15175959964699)
(5985, 503.17932257636102)
(5986, 493.32472963247136)
(5987, 497.94618772831711)
(5988, 505.59712318211956)
(5989, 498.85459423223011)
(5990, 478.22892942851394)
(5991, 508.74174689095224)
(5992, 502.4282951711067)
(5993, 494.17775860595611)
(5994, 496.75680460171623)
(5995, 512.14196544457673)
(5996, 478.08051837724395)
(5997, 485.20160624492473)
(5998, 496.19885425359882)
(5999, 484.98076534591974)
(6000, 490.28627927766405)
(6001, 498.80680929673713)
(6002, 499.48609922642379)
(6003, 492.35760441664831)
(6004, 482.19544035322633)
(6005, 493.03452975983919)
(6006, 497.49108171857836)
(6007, 505.6842772907886)
(6008, 494.63400221153563)
(6009, 507.19330834395208)
(6010, 497.91676549082808)
(6011, 505.56418152963965)
(6012, 491.57707641234151)
(6013, 488.57516380203532)
(6014, 489.49105531812944)
(6015, 492.6385579882068)
(6016, 486.57045931365144)
(6017, 491.38244189188197)
(6018, 505.37785667290711)
(6019, 506.61967717697445)
(6020, 495.83695514627061)
(6021, 492.16847365406147)
(6022, 520.87722576331817)
(6023, 508.65893258929839)
(6024, 506.8309492063143)
(6025, 491.92541638360569)
(6026, 493.21430802563623)
(6027, 490.62168173199677)
(6028, 502.61732024307497)
(6029, 490.2471642524722)
(6030, 490.59193445784814)
(6031, 487.8081641493672)
(6032, 496.00527573676976)
(6033, 505.54403257052684)
(6034, 509.76845440373643)
(6035, 490.97778161529641)
(6036, 512.65504247935678)
(6037, 489.98806499536659)
(6038, 499.69794218438346)
(6039, 491.48537089796469)
(6040, 489.4856984515186)
(6041, 504.69693036241028)
(6042, 498.79778437077437)
(6043, 497.48178269556189)
(6044, 504.08905858507239)
(6045, 495.31024264708054)
(6046, 501.32989932728253)
(6047, 489.05587173222983)
(6048, 504.98854189171567)
(6049, 489.89984262405596)
(6050, 502.86340203554062)
(6051, 499.86821128242673)
(6052, 491.92670196418408)
(6053, 499.42641234704638)
(6054, 493.55730386725509)
(6055, 500.92003003092208)
(6056, 493.70563857550928)
(6057, 512.96175597778915)
(6058, 485.8537341049676)
(6059, 505.52112446643218)
(6060, 495.11911969399046)
(6061, 487.2379102176958)
(6062, 491.22376729608857)
(6063, 484.16715588003615)
(6064, 495.7758384677702)
(6065, 495.0558432781437)
(6066, 508.78922164958215)
(6067, 493.02408277603422)
(6068, 497.23304565390845)
(6069, 495.06480466669882)
(6070, 500.14164423682871)
(6071, 487.19277695936046)
(6072, 501.29725897051321)
(6073, 487.23690972694976)
(6074, 487.64141592296136)
(6075, 490.85429757076759)
(6076, 504.9980269818775)
(6077, 496.33722199901752)
(6078, 482.15471861317508)
(6079, 488.37103021002343)
(6080, 491.26136301087195)
(6081, 494.88848673823026)
(6082, 497.42721773018377)
(6083, 504.2269474034091)
(6084, 495.28873003338362)
(6085, 497.07382807852161)
