(200, 492.37343259714311)
(201, 506.55800567998415)
(202, 491.12074792273648)
(203, 505.61076654616522)
(204, 506.28152580760218)
(205, 519.80129046535103)
(206, 485.49872381707888)
(207, 504.48382773800404)
(208, 505.13761080062022)
(209, 484.65156479859661)
(210, 496.75340089349095)
(211, 498.54606487694366)
(212, 495.70068674655943)
(213, 486.74255768235349)
(214, 490.09269595358518)
(215, 491.92121299264738)
(216, 495.5759083614754)
(217, 491.80153880766835)
(218, 496.05908828000645)
(219, 495.79254522951794)
(220, 506.33735545830496)
(221, 497.94651717255516)
(222, 486.69775480928735)
(223, 495.25001200372589)
(224, 491.24576502384025)
(225, 504.92854003849328)
(226, 497.17138465218142)
(227, 498.71701939800403)
(228, 504.01674003565472)
(229, 487.13062531385344)
(230, 502.42757114627943)
(231, 506.44565252150318)
(232, 489.78514980710884)
(233, 500.56065638734344)
(234, 488.11749966095124)
(235, 494.79065363066752)
(236, 500.067804562589)
(237, 503.07262601512531)
(238, 488.29926502354186)
(239, 497.88051977877842)
(240, 503.10982926160307)
(241, 483.16098606362016)
(242, 492.16430359479568)
(243, 500.51608204117565)
(244, 516.89055055668769)
(245, 494.41824793947075)
(246, 497.2045303656688)
(247, 491.10939599368771)
(248, 500.08030671218307)
(249, 499.07583438647669)
(250, 485.12407021949099)
(251, 486.63215129499645)
(252, 497.07075791001648)
(253, 486.1005383554409)
(254, 497.7549895153457)
(255, 495.25773553433817)
(256, 496.98076446278162)
(257, 491.16621999505401)
(258, 503.79807826289283)
(259, 475.52928917609773)
(260, 492.55838029966236)
(261, 489.63433005097357)
(262, 502.76632133994269)
(263, 508.13934250705938)
(264, 481.70918361518329)
(265, 497.8310770470473)
(266, 489.16514887825861)
(267, 493.6686903828118)
(268, 498.99966665767249)
(269, 497.49680224040731)
(270, 491.67287977781928)
(271, 487.60043155551705)
(272, 496.26702735149894)
(273, 489.82901458989357)
(274, 492.14620070935405)
(275, 491.75011777264058)
(276, 485.71562256195745)
(277, 508.22372944447096)
(278, 494.34865739452323)
(279, 495.4250675357215)
(280, 492.76180364315314)
(281, 495.09028557110344)
(282, 509.24344010546548)
(283, 489.99679718766072)
(284, 494.65924518318855)
(285, 497.62844801890645)
(286, 484.180696910351)
(287, 499.19826309480914)
(288, 505.59410269951638)
(289, 501.74179007306645)
(290, 488.67590189713144)
(291, 506.57144545742329)
(292, 491.94508534019946)
(293, 497.45086362449558)
(294, 494.31258296848193)
(295, 501.25422079825262)
(296, 487.91178723653422)
(297, 481.7213836404249)
(298, 506.97492481448012)
(299, 498.17944001483681)
(300, 497.70817625345501)
(301, 500.03315058747717)
(302, 500.16340103617051)
(303, 497.99079840085523)
(304, 478.19363310706979)
(305, 494.14437460730835)
(306, 495.66686710837087)
(307, 499.22430738544676)
(308, 506.14772342808885)
(309, 501.46366708910216)
