(8988, 494.45084198030611)
(8989, 489.00892724549124)
(8990, 505.79727624990659)
(8991, 505.86108045052436)
(8992, 488.13127201267719)
(8993, 497.96333067969567)
(8994, 500.67986396001504)
(8995, 501.55777394169218)
(8996, 499.86297831831598)
(8997, 500.2128019042259)
(8998, 506.38873705128901)
(8999, 487.2431125245817)
(9000, 502.27045740887792)
(9001, 486.715900231609)
(9002, 505.97040404661152)
(9003, 501.98578567749985)
(9004, 500.62594580070743)
(9005, 491.24233708069573)
(9006, 506.40087067138688)
(9007, 487.61690421705805)
(9008, 488.56768315296563)
(9009, 495.37705005416058)
(9010, 495.39754798944648)
(9011, 510.14159339659841)
(9012, 495.70781342662804)
(9013, 507.54760497751727)
(9014, 503.51520378053334)
(9015, 490.66726838186753)
(9016, 490.81158300130289)
(9017, 491.07444273852195)
(9018, 492.55635478172405)
(9019, 496.35595491542892)
(9020, 502.71035982988116)
(9021, 498.19274858570924)
(9022, 500.12297996671674)
(9023, 482.48549754624065)
(9024, 482.0420780604976)
(9025, 490.17714869738222)
(9026, 493.33452749450981)
(9027, 501.38799553420813)
(9028, 490.35440765795477)
(9029, 503.98996828374612)
(9030, 491.54315620230085)
(9031, 499.71266867834169)
(9032, 491.51687905167296)
(9033, 493.86610511966944)
(9034, 497.73357858214797)
(9035, 486.11008851989305)
(9036, 509.41734631290092)
(9037, 499.08871642601673)
(9038, 502.18324194359218)
(9039, 498.9311232679172)
(9040, 490.75277994535077)
(9041, 475.36165810505713)
(9042, 501.43516222762776)
(9043, 509.23363415081479)
(9044, 491.76831650407144)
(9045, 496.59155210888588)
(9046, 508.67416510954683)
(9047, 498.45844685293832)
(9048, 502.92071430113452)
(9049, 487.87410200351081)
(9050, 489.74247915205746)
(9051, 501.27571434699746)
(9052, 501.13792900508889)
(9053, 496.2560023029389)
(9054, 497.1284724315567)
(9055, 491.27094543687821)
(9056, 495.30854360393982)
(9057, 492.29742815682653)
(9058, 494.68330292394245)
(9059, 490.16147830641819)
(9060, 499.81786633193474)
(9061, 489.264181074303)
(9062, 504.9198976311734)
(9063, 493.68625115836619)
(9064, 495.28627742495496)
(9065, 495.08836283361802)
(9066, 504.00329807702133)
(9067, 495.15577214410246)
(9068, 498.54003202196088)
(9069, 487.5523649923897)
(9070, 491.75680430568428)
(9071, 491.57850453175996)
(9072, 506.13235265001356)
(9073, 500.86475663311592)
(9074, 512.82326389701927)
(9075, 497.55106619336971)
(9076, 481.62408403506839)
(9077, 497.55496091160649)
(9078, 499.41537408364695)
(9079, 503.93015341674317)
(9080, 503.94195816889498)
(9081, 495.62201841553372)
(9082, 494.87266877464731)
(9083, 499.23626294787431)
