(9328, 501.95935887800641)
(9329, 505.31847656764597)
(9330, 491.93200435671798)
(9331, 513.71274651942531)
(9332, 496.22028337461029)
(9333, 494.81547724112022)
(9334, 492.11000893261189)
(9335, 482.64393600786161)
(9336, 497.05125424857499)
(9337, 514.36450907765231)
(9338, 497.6190208082283)
(9339, 500.13270939394306)
(9340, 490.99365774424177)
(9341, 493.22204761534579)
(9342, 503.05754620907646)
(9343, 504.48195861492604)
(9344, 502.05879721634147)
(9345, 478.3487401763316)
(9346, 503.59271531040412)
(9347, 498.10714988676074)
(9348, 504.13017031597684)
(9349, 497.53050970956429)
(9350, 497.52827040932004)
(9351, 500.4698438689573)
(9352, 486.80497732983895)
(9353, 488.78948363399826)
(9354, 507.23446294785992)
(9355, 477.48990662064915)
(9356, 493.56133091946396)
(9357, 501.76577771936832)
(9358, 499.29479689957509)
(9359, 495.75717638796476)
(9360, 495.72241685974996)
(9361, 501.3713125440774)
(9362, 499.70205015688464)
(9363, 493.00294035386264)
(9364, 498.40378668998483)
(9365, 504.47273432391086)
(9366, 495.51016992811185)
(9367, 503.45755935584253)
(9368, 512.37179289232984)
(9369, 482.71386373544271)
(9370, 495.50903767560118)
(9371, 491.40267320213297)
(9372, 497.97473294429153)
(9373, 505.74394810103217)
(9374, 497.24838790669924)
(9375, 493.59402874419311)
(9376, 497.82982632565336)
(9377, 488.13880001510859)
(9378, 483.15837214782459)
(9379, 484.44698630203635)
(9380, 505.7868937677315)
(9381, 501.50638706558988)
(9382, 489.29080599329757)
(9383, 495.07709965323522)
(9384, 485.82593617438056)
(9385, 491.58702087985478)
(9386, 492.38898460007175)
(9387, 490.29544369283894)
(9388, 491.02120614181945)
(9389, 494.07841379271275)
(9390, 496.36884156321355)
(9391, 492.81076511929041)
(9392, 497.97082008348144)
(9393, 487.43602364606647)
(9394, 499.73733014151395)
(9395, 493.70244799352832)
(9396, 512.31385302799811)
(9397, 498.80645695960027)
(9398, 497.36067827746456)
(9399, 504.50829832519361)
(9400, 512.41482097199173)
(9401, 489.71828390179883)
(9402, 498.29636539636437)
(9403, 492.76346042475888)
(9404, 498.61297406162629)
(9405, 500.15784382399033)
(9406, 500.45797310157536)
(9407, 500.47341240374124)
(9408, 498.43217005865012)
(9409, 496.30214665336592)
(9410, 498.9127995422383)
(9411, 489.2249824270101)
(9412, 490.97181918694378)
(9413, 491.19108699520854)
(9414, 506.18213568948698)
(9415, 492.96677059929141)
(9416, 500.96789983223402)
(9417, 487.98221224461099)
(9418, 500.3717712948357)
(9419, 507.15639556952044)
(9420, 497.42676260202211)
(9421, 494.81301615280211)
(9422, 499.05138931097935)
(9423, 504.41453221378373)
(9424, 494.63251108825136)
(9425, 496.62830678652045)
(9426, 497.40683936839707)
(9427, 504.67304042734952)
(9428, 509.61274275270546)
(9429, 488.49506223753315)
(9430, 493.05383769493972)
(9431, 488.86765029146846)
(9432, 510.36031972707838)
(9433, 487.79001044380971)
(9434, 503.16218267977445)
(9435, 499.70990670444837)
(9436, 508.74321066187929)
(9437, 505.099939628431)
(9438, 495.73147519952249)
(9439, 489.5696681947266)
(9440, 493.90174218049935)
(9441, 493.16420053915465)
(9442, 494.61642613928058)
(9443, 506.48329756453296)
(9444, 485.85959887016554)
(9445, 494.39393980804374)
(9446, 505.5241480471534)
(9447, 490.0971646390509)
(9448, 495.10827939063614)
(9449, 491.00513652407346)
(9450, 492.62214522585418)
(9451, 495.57376139729729)
(9452, 491.03582891863266)
(9453, 487.32420600032515)
(9454, 507.46755846546387)
(9455, 510.86812070934627)
(9456, 495.31875864612584)
(9457, 490.80576903357019)
(9458, 494.39938686685593)
(9459, 490.96456755859606)
(9460, 493.46331818443633)
(9461, 497.48917186155336)
(9462, 494.0344021445502)
(9463, 500.37178712381171)
(9464, 500.79667933455676)
(9465, 490.33677959092154)
(9466, 499.27625391959742)
(9467, 489.28734878350861)
(9468, 514.85472352624174)
(9469, 501.26751910988497)
(9470, 487.308654640947)
(9471, 503.31628130328306)
(9472, 498.0915917799141)
(9473, 496.09443699215035)
(9474, 496.56056317987964)
(9475, 498.40026919614763)
(9476, 493.48982039441478)
(9477, 488.06178170545331)
(9478, 489.89257873728758)
