(9479, 503.13442072687531)
(9480, 504.18839369178966)
(9481, 484.76042932717962)
(9482, 502.80066700687951)
(9483, 488.22792555985853)
(9484, 495.80843273357692)
(9485, 495.26543673394099)
(9486, 487.90783429007718)
(9487, 494.95312053823261)
(9488, 513.40032949537863)
(9489, 506.15129367299915)
(9490, 489.15336809715626)
(9491, 490.19481133414081)
(9492, 495.26964189031435)
(9493, 481.27125484694272)
(9494, 495.54282633177854)
(9495, 505.61123348648385)
(9496, 499.58353157822404)
(9497, 503.23972485111187)
(9498, 485.91823429316639)
(9499, 492.0742732996589)
(9500, 480.57583920647085)
(9501, 501.47888763733732)
(9502, 489.2635832808329)
(9503, 494.78124283231739)
(9504, 491.19962096048818)
(9505, 495.74364873800005)
(9506, 505.18497102815741)
(9507, 501.08220987713605)
(9508, 499.76886015317314)
(9509, 486.42618549491851)
(9510, 494.07717256963775)
(9511, 481.15479316023675)
(9512, 489.68728749468903)
(9513, 487.92698446868769)
(9514, 494.8073251427536)
(9515, 504.43231036447935)
(9516, 505.38555357885275)
(9517, 502.44152667569415)
(9518, 498.1634047402157)
(9519, 496.10772425390803)
(9520, 494.16675183219763)
(9521, 487.71360314229662)
(9522, 491.58364896674675)
(9523, 488.00973802690544)
(9524, 503.50479253752223)
(9525, 495.75146633189092)
(9526, 502.51052098493574)
(9527, 483.79673815662238)
(9528, 495.9715985149769)
(9529, 495.2537693965881)
(9530, 490.44643145391046)
(9531, 503.49475341007093)
(9532, 498.56133276755469)
(9533, 496.11930269048338)
(9534, 506.6632662014963)
(9535, 506.20409938563768)
(9536, 500.4240564364278)
(9537, 489.70970710817119)
(9538, 488.1175287980717)
(9539, 494.20842000066136)
(9540, 502.54747357362095)
(9541, 498.16571703605814)
(9542, 489.25588086806295)
(9543, 493.63612741739797)
(9544, 484.67333881867785)
(9545, 499.64616716408443)
(9546, 505.14192871289043)
(9547, 485.11958423402655)
(9548, 483.61380855309483)
(9549, 503.504686294934)
(9550, 491.51540979550572)
(9551, 506.7881930305083)
(9552, 492.82659182678526)
(9553, 496.88293311406744)
(9554, 492.004236995469)
(9555, 494.13280346542251)
(9556, 489.5487961129927)
(9557, 498.64244587053275)
(9558, 502.27145178644912)
(9559, 494.44474878072873)
(9560, 495.93758097884603)
(9561, 499.22778452941088)
(9562, 492.62457636847097)
(9563, 501.8507755774437)
(9564, 482.47013746186258)
(9565, 503.36240794125831)
(9566, 508.94196205878512)
(9567, 501.98104134075425)
(9568, 506.40259855172627)
(9569, 510.11667378922914)
(9570, 500.55224128187092)
(9571, 493.99384798041706)
(9572, 487.96823026609582)
(9573, 493.66467993046354)
(9574, 484.14565128392314)
(9575, 497.22830176934008)
(9576, 514.01324603275441)
(9577, 503.89423433499962)
(9578, 501.46495400857236)
(9579, 495.16788497860654)
(9580, 500.10406237617417)
(9581, 497.04101082993998)
(9582, 494.96835348780928)
(9583, 507.75052858402813)
(9584, 495.06724877887359)
(9585, 499.69702929964626)
(9586, 493.90055162836654)
(9587, 502.53141355820605)
(9588, 496.71574769488052)
(9589, 486.14243814892916)
(9590, 487.15713613128707)
(9591, 490.49280468769814)
(9592, 489.09463086686054)
(9593, 496.60078219428749)
(9594, 491.399115638632)
(9595, 485.46545665162358)
(9596, 494.66842586003702)
(9597, 493.11044918045548)
(9598, 505.47360574758761)
(9599, 491.08283542930292)
(9600, 503.24286252931245)
(9601, 493.08059804026522)
(9602, 498.99585178810764)
(9603, 486.36990676434425)
(9604, 493.98081919792713)
(9605, 497.25795603967833)
(9606, 497.37566743274022)
(9607, 496.41606659288226)
(9608, 499.0788001740259)
(9609, 514.04638836119534)
(9610, 489.54966134586192)
(9611, 480.99405971672161)
(9612, 481.12546953102276)
(9613, 501.44951539656097)
(9614, 500.76060257008817)
(9615, 507.43182492081826)
(9616, 502.52420529168376)
(9617, 500.64586271025104)
(9618, 488.42634010523312)
(9619, 480.82601507915768)
(9620, 486.73971008524842)
(9621, 507.59834688115956)
(9622, 490.27682070594153)
(9623, 480.59758723094524)
(9624, 499.56340726556459)
(9625, 501.80249344360618)
(9626, 495.71082227337854)
(9627, 503.86598417935835)
(9628, 511.01178805111124)
(9629, 501.0275089871688)
(9630, 493.05895951446132)
(9631, 508.73825276529152)
(9632, 498.18603402164536)
(9633, 490.23719941802591)
(9634, 499.0165523215619)
(9635, 499.34940156971317)
(9636, 498.81420760083131)
(9637, 497.22791129692769)
(9638, 506.92897041976397)
(9639, 493.86279492522704)
