(8500, 489.48497295309869)
(8501, 501.80456853538129)
(8502, 499.52546919825693)
(8503, 497.5009768878823)
(8504, 494.74284861569174)
(8505, 482.49618434783747)
(8506, 502.25131640516679)
(8507, 500.79741822417429)
(8508, 492.34030092566093)
(8509, 493.6605056979821)
(8510, 495.5858740580444)
(8511, 501.15331831508223)
(8512, 502.843040238311)
(8513, 492.03321985042663)
(8514, 499.83851385635694)
(8515, 493.61458005439198)
(8516, 473.71296411303854)
(8517, 494.49167305329036)
(8518, 506.51858848765187)
(8519, 496.22307815904901)
(8520, 482.20524812055407)
(8521, 507.23851795873088)
(8522, 498.13510204117625)
(8523, 503.43556327581467)
(8524, 496.28383558840585)
(8525, 495.75546045902325)
(8526, 486.53647082876483)
(8527, 490.72641765553703)
(8528, 500.85728026563584)
(8529, 497.12509364833147)
(8530, 497.3243508017851)
(8531, 487.02531573080051)
(8532, 495.35370968065666)
(8533, 486.33928897853423)
(8534, 496.56420308363192)
(8535, 497.27439994198045)
(8536, 474.85647428653829)
(8537, 494.80454117041614)
(8538, 499.71178395320624)
(8539, 490.96309823240193)
(8540, 492.12593610632553)
(8541, 493.66789699713468)
(8542, 500.8517780642116)
(8543, 503.31190104885957)
(8544, 490.38034808074093)
(8545, 505.2657087961868)
(8546, 502.79902637414943)
(8547, 498.0967288528218)
(8548, 489.58936172575324)
(8549, 493.21606699286565)
(8550, 502.98964236338639)
(8551, 509.73726761878959)
(8552, 492.39332031301603)
(8553, 494.30864975647074)
(8554, 500.08027569208127)
(8555, 501.74675857100362)
(8556, 497.94220641885033)
(8557, 485.42445711856379)
(8558, 497.50561438833131)
(8559, 482.43050699002401)
(8560, 501.68704384112323)
(8561, 509.16198649997159)
(8562, 480.63613648741102)
(8563, 496.0041229816668)
(8564, 499.47665189991426)
(8565, 504.69446587652089)
(8566, 484.43859396330919)
(8567, 489.26673561046175)
(8568, 491.9883310333355)
(8569, 503.97837913370114)
(8570, 493.17927339658729)
(8571, 513.50167841917607)
(8572, 491.75533300523387)
(8573, 488.37223279070929)
(8574, 488.0179117740455)
(8575, 492.1360448905765)
(8576, 499.55415620729366)
(8577, 503.408431039905)
(8578, 485.96856260487289)
(8579, 500.48159431330026)
(8580, 494.60254180321385)
(8581, 494.77204992005636)
(8582, 502.010717106291)
(8583, 505.39331549609381)
(8584, 495.09638690114309)
(8585, 489.66806086234544)
(8586, 500.95423273365691)
(8587, 482.27668214051886)
(8588, 497.57752277431035)
(8589, 515.1612720438734)
(8590, 511.01497114128574)
(8591, 497.49512908398509)
(8592, 492.90082127239145)
(8593, 502.68000048976211)
(8594, 494.77381120006589)
(8595, 496.79457970036441)
(8596, 490.18296200730794)
(8597, 505.48332463743043)
(8598, 497.14064826762768)
(8599, 499.90270844731685)
(8600, 490.22037989424996)
(8601, 491.83772309416514)
(8602, 505.19871810983994)
(8603, 497.71661176137729)
(8604, 505.30351908171639)
(8605, 492.63915648365651)
(8606, 503.64610310323326)
(8607, 489.76623130423303)
(8608, 497.9666416006454)
(8609, 494.19536266042593)
(8610, 497.45734009435284)
(8611, 479.20997375213972)
(8612, 508.76441673701129)
