(2204, 492.30507219427648)
(2205, 492.67274374354429)
(2206, 499.39800060053938)
(2207, 504.5587148713426)
(2208, 489.24415079834637)
(2209, 497.34454718980317)
(2210, 490.63124056314894)
(2211, 508.74012954750998)
(2212, 498.81852731382963)
(2213, 508.44453904897762)
(2214, 503.3201576384248)
(2215, 495.3954464537461)
(2216, 501.20587811670379)
(2217, 490.91337552040807)
(2218, 487.95637020077538)
(2219, 502.61843009155479)
(2220, 491.85006159743773)
(2221, 491.83451306716842)
(2222, 486.61716529654154)
(2223, 500.77366856284698)
(2224, 492.85787877349651)
(2225, 499.79662006538837)
(2226, 482.08360418347229)
(2227, 505.27725720168229)
(2228, 508.79742421865092)
(2229, 479.73615669392177)
(2230, 507.25025530816953)
(2231, 498.75670946229246)
(2232, 484.15436222460414)
(2233, 494.30793158687248)
(2234, 489.84610441440634)
(2235, 500.47287814415455)
(2236, 493.83730677852293)
(2237, 506.35924210226449)
(2238, 502.80429524939785)
(2239, 508.55028272698308)
(2240, 482.67029121991544)
(2241, 488.77176337898658)
(2242, 505.22036068501114)
(2243, 498.45316680231394)
(2244, 509.95502120723779)
(2245, 493.95831463443642)
(2246, 488.74257812388737)
(2247, 491.96823447919689)
(2248, 500.91298333033365)
(2249, 504.1975959157229)
(2250, 483.93759587146781)
(2251, 497.57670057759458)
(2252, 497.8009545625381)
(2253, 496.35232341822382)
(2254, 485.8003079031285)
(2255, 501.27607934700802)
(2256, 494.973098965551)
(2257, 499.02755829521402)
(2258, 495.99679025625477)
(2259, 493.41727281718295)
(2260, 497.35340013746526)
(2261, 498.24874372420595)
(2262, 502.77926515869427)
(2263, 484.80319523460759)
(2264, 503.1775252865757)
(2265, 507.41700955280947)
(2266, 492.1124856373317)
(2267, 499.09998926003834)
(2268, 499.96970940864003)
(2269, 504.94752580943702)
(2270, 515.19283544220002)
(2271, 507.25381646748099)
(2272, 481.13919388696354)
(2273, 489.99829547561427)
(2274, 497.4935719869743)
(2275, 486.98484616767979)
(2276, 492.53386423865413)
(2277, 490.17443919976563)
(2278, 496.51613534117263)
(2279, 496.69332652863392)
(2280, 506.01629477469339)
(2281, 501.40217600377071)
(2282, 492.6737851769235)
(2283, 495.80613012382662)
(2284, 493.83080401839061)
(2285, 506.40679652268091)
(2286, 502.31995286043343)
(2287, 504.92109357742549)
(2288, 495.59522088071191)
(2289, 493.41068139677679)
(2290, 481.99927045628147)
(2291, 500.01055647081159)
(2292, 491.69030153574869)
(2293, 493.35285657343877)
(2294, 498.47013162226995)
(2295, 488.42052845390936)
(2296, 499.87827087731705)
(2297, 499.66703791232851)
