(6184, 489.41120931455362)
(6185, 493.9255362613124)
(6186, 486.79852667902202)
(6187, 494.0063450836326)
(6188, 497.59010995899473)
(6189, 490.68623282057496)
(6190, 491.73247103126209)
(6191, 489.71968430704527)
(6192, 501.59642024572696)
(6193, 494.89982420940544)
(6194, 502.46280216953767)
(6195, 490.33200992569567)
(6196, 510.66401008215979)
(6197, 491.92661634637852)
(6198, 496.80352491155691)
(6199, 499.01788474761099)
(6200, 495.16055748549525)
(6201, 494.29659442879597)
(6202, 511.42180310054817)
(6203, 491.13437878998059)
(6204, 498.07139645742558)
(6205, 493.62023831495395)
(6206, 497.71078102135931)
(6207, 491.33835859206113)
(6208, 504.69889457699617)
(6209, 508.55763941440728)
(6210, 494.09702622575253)
(6211, 485.2891117044569)
(6212, 502.57662680396913)
(6213, 501.39956302944347)
(6214, 490.22741364658259)
(6215, 486.72831220305818)
(6216, 498.51168969604458)
(6217, 498.25735196154289)
(6218, 497.14438328396426)
(6219, 492.61438418515206)
(6220, 495.02249002751466)
(6221, 482.65518997790014)
(6222, 491.91239546552765)
(6223, 510.4860144759304)
(6224, 503.38815083401357)
(6225, 499.76239603829117)
(6226, 494.52502980487776)
(6227, 507.01584187091999)
(6228, 477.27311552411891)
(6229, 495.00999572018816)
(6230, 494.70066340916583)
(6231, 507.57881246464592)
(6232, 495.23357249946281)
(6233, 493.5171354238264)
(6234, 501.46674046799171)
(6235, 491.80711667852404)
(6236, 498.38054120448538)
(6237, 503.04615145236255)
(6238, 506.95700234112127)
(6239, 490.35869978920368)
(6240, 503.87080558222556)
(6241, 485.67730594961404)
(6242, 498.59763104918761)
(6243, 500.51041202163685)
(6244, 493.54277231709591)
(6245, 484.59905383580963)
(6246, 483.65825619950203)
(6247, 497.4928060743332)
(6248, 487.83259408070961)
(6249, 501.50388528604731)
(6250, 496.38118341375161)
(6251, 507.87667729206345)
(6252, 504.39682645752191)
(6253, 503.75434510833975)
(6254, 497.72979836983552)
(6255, 488.10921740491699)
(6256, 500.37194478711797)
(6257, 490.29173499340465)
(6258, 495.6262195020937)
(6259, 492.88379207742815)
(6260, 488.33375072839999)
(6261, 505.11419211922049)
(6262, 491.82533347521576)
(6263, 498.16214095820749)
(6264, 490.77600539849652)
(6265, 496.92032174627263)
(6266, 493.09486797555019)
(6267, 506.88172881481347)
(6268, 493.6372271364541)
(6269, 485.45748585299128)
(6270, 491.98722429229247)
(6271, 500.50287175944709)
(6272, 491.35291277763702)
(6273, 505.06278713138516)
(6274, 505.67854836665356)
(6275, 505.59301741746543)
(6276, 485.0220840839271)
(6277, 501.9564905108648)
(6278, 489.43963721600721)
(6279, 490.98494592320901)
(6280, 490.77181173703582)
(6281, 504.5357278904599)
(6282, 504.83394350740014)
(6283, 489.95359819595006)
(6284, 508.56634505283114)
(6285, 501.13341250462025)
(6286, 493.45805701224367)
(6287, 497.59840283705194)
(6288, 499.79245059306805)
(6289, 499.25820582409597)
(6290, 481.5505032199664)
(6291, 490.61525623802498)
(6292, 509.67575908704157)
(6293, 494.98227688625309)
(6294, 487.07995085093137)
(6295, 494.35286245846339)
(6296, 498.50037402489181)
(6297, 497.81793089819354)
(6298, 504.78405222608768)
(6299, 500.10086386155092)
(6300, 506.73272667238837)
(6301, 501.43674653346886)
(6302, 513.24446075922117)
(6303, 496.01777823798352)
