(1250, 505.21956477067158)
(1251, 496.45612110949668)
(1252, 495.44839831538314)
(1253, 488.06085750744347)
(1254, 500.51778275606063)
(1255, 510.29697660813827)
(1256, 495.77436495451684)
(1257, 488.72282948274267)
(1258, 496.66866383927766)
(1259, 484.15817000645922)
(1260, 509.73255909433061)
(1261, 495.4614933107635)
(1262, 495.99021761556776)
(1263, 496.79307139107686)
(1264, 493.79556827708325)
(1265, 507.5787690394568)
(1266, 500.0866631512107)
(1267, 490.95676619744199)
(1268, 512.21611294315971)
(1269, 502.3494836180306)
(1270, 498.9998220580776)
(1271, 491.68709668445342)
(1272, 497.88415006673392)
(1273, 504.48786011031291)
(1274, 478.94087404015806)
(1275, 487.72317446032525)
(1276, 499.84060953191454)
(1277, 498.31877166226917)
(1278, 498.90959939685553)
(1279, 493.461066649283)
(1280, 496.82398533392609)
(1281, 492.23229281418747)
(1282, 500.82027036667341)
(1283, 499.08794397010632)
(1284, 483.89465966122145)
(1285, 501.00574417974025)
(1286, 499.75944693230889)
(1287, 501.08885924190508)
(1288, 493.97754569818443)
(1289, 510.8900397170496)
(1290, 492.47431785725178)
(1291, 504.85968186480113)
(1292, 502.42775868346286)
(1293, 507.16824328692348)
(1294, 491.34847617593584)
(1295, 500.33802529197129)
(1296, 501.78037444778664)
(1297, 489.79768780757604)
(1298, 488.53500332422118)
(1299, 504.5457757072395)
(1300, 498.94639301827402)
(1301, 497.90388729372091)
(1302, 503.7644580244845)
(1303, 505.28617174268697)
(1304, 499.35988572797817)
(1305, 501.12628284183859)
(1306, 500.5110023543366)
(1307, 503.36225473701961)
(1308, 504.19309402256465)
(1309, 497.78036727338565)
(1310, 489.03856046534622)
(1311, 487.47320147289474)
(1312, 492.33522778910458)
(1313, 491.57282992227761)
(1314, 498.78917253640788)
(1315, 509.88401306785619)
(1316, 478.03839522437517)
(1317, 499.81239318724107)
(1318, 499.58849227323947)
(1319, 493.71422137006425)
(1320, 497.08560686805447)
(1321, 499.7025535633199)
(1322, 505.59367544398827)
(1323, 499.01885013289495)
(1324, 496.22481128670057)
(1325, 508.31352056922265)
(1326, 495.56957730785723)
(1327, 503.11010112614292)
(1328, 494.83828194473892)
(1329, 494.88072241310317)
(1330, 494.04093236771769)
(1331, 495.49006085436804)
(1332, 475.73169644682719)
(1333, 491.42945583624328)
(1334, 486.64163253832493)
(1335, 505.95411895078189)
(1336, 504.68213655387956)
(1337, 492.36134329624366)
(1338, 491.26038534415784)
(1339, 501.65846104881859)
(1340, 495.87886048999178)
(1341, 502.84975508570437)
(1342, 511.51742448803867)
(1343, 500.04310031557736)
(1344, 494.11916302446963)
(1345, 481.01289690203942)
(1346, 499.29191626233205)
(1347, 495.52187776807256)
(1348, 495.32173079731479)
(1349, 517.27208048757052)
(1350, 490.30639611347107)
(1351, 498.11614675854543)
(1352, 488.63773234689847)
(1353, 494.91328470680503)
(1354, 495.00678944214002)
(1355, 493.98875158274058)
(1356, 498.31888731538999)
(1357, 494.8663357357334)
(1358, 491.52665897256838)
(1359, 495.59545090052222)
(1360, 501.82108813292729)
(1361, 492.58780704245873)
(1362, 500.59151859883275)
(1363, 497.67198765205342)
(1364, 480.96840406982102)
(1365, 484.43233012564423)
(1366, 505.09819545024743)
(1367, 498.75056993286853)
(1368, 484.25955111474775)
(1369, 497.06233122293622)
(1370, 476.69455824785246)
(1371, 505.6925353271659)
(1372, 484.33119380961887)
(1373, 492.15707954662167)
(1374, 496.0724215065685)
(1375, 507.26034144461812)
(1376, 491.67069649769519)
(1377, 485.46981409146343)
(1378, 495.83962244006943)
(1379, 488.74227888717155)
(1380, 497.39883142653787)
(1381, 496.64944475766117)
(1382, 501.52875586099589)
(1383, 491.17847307363184)
(1384, 495.1046725362695)
(1385, 505.75455690922593)
(1386, 480.16225223454154)
(1387, 497.7724984115132)
(1388, 508.15564409417988)
(1389, 492.27185443872997)
(1390, 491.24593153362821)
(1391, 500.14225202997352)
(1392, 488.75292045496337)
(1393, 499.99339712742903)
(1394, 489.31074275674052)
(1395, 500.0882033542606)
(1396, 498.74427316267349)
(1397, 501.26862462986492)
(1398, 483.8923301468709)
(1399, 485.95909781155524)
(1400, 493.48791861378413)
(1401, 513.12715113521858)
(1402, 485.27945128451609)
(1403, 486.79855621869388)
(1404, 504.140708920961)
(1405, 490.49083997726848)
(1406, 500.86687178006798)
(1407, 499.36879728466545)
(1408, 483.29794427073625)
(1409, 487.61374867068179)
(1410, 496.122001053497)
(1411, 494.13659312996947)
(1412, 490.69055438463943)
(1413, 495.16689921658735)
(1414, 485.19427059254599)
(1415, 492.83811597265981)
(1416, 494.07419567266015)
(1417, 498.6235971860994)
(1418, 497.23118927586052)
(1419, 488.1076208641731)
(1420, 493.24858717648328)
(1421, 488.90194017111293)
(1422, 485.83466935253944)
(1423, 491.22923678878965)
(1424, 503.08767435771335)
(1425, 487.54828857946256)
(1426, 507.27320561223712)
(1427, 501.16875488927076)
(1428, 486.46436101419613)
(1429, 500.40886408528524)
(1430, 517.76042755121523)
(1431, 494.25352724831038)
(1432, 497.48060141631356)
(1433, 514.58684918619178)
