(3853, 485.64098670296835)
(3854, 482.03091461564679)
(3855, 493.95291806451252)
(3856, 500.51495152622954)
(3857, 503.86411813918016)
(3858, 488.24609700880427)
(3859, 505.20561783588585)
(3860, 500.2410462013334)
(3861, 503.37550741222776)
(3862, 488.69511647434223)
(3863, 493.12698922201997)
(3864, 492.7469695438665)
(3865, 494.49489851056137)
(3866, 493.64198438306386)
(3867, 507.48351904000668)
(3868, 503.76049519096119)
(3869, 485.49413837620557)
(3870, 500.81212523302941)
(3871, 492.53853930058585)
(3872, 491.35069544530177)
(3873, 495.7980880989515)
(3874, 487.9473924011271)
(3875, 498.34186113654857)
(3876, 503.34547526139698)
(3877, 493.90837137224725)
(3878, 489.3988429909997)
(3879, 488.10745816289864)
(3880, 479.27060749246112)
(3881, 491.49908854387286)
(3882, 502.11932336474194)
(3883, 492.64767544431118)
(3884, 499.73024843146925)
(3885, 490.0292144609769)
(3886, 483.8529725019032)
(3887, 500.44177790867786)
(3888, 492.50406141186266)
(3889, 497.96964760316496)
(3890, 484.30399160818524)
(3891, 490.6882284637536)
(3892, 498.16172437335484)
(3893, 497.58257564012666)
(3894, 495.52737017396345)
(3895, 501.66118634344537)
(3896, 505.10294238059288)
(3897, 500.61579508666324)
(3898, 500.5318991427489)
(3899, 496.87981378209702)
(3900, 500.34015972852399)
(3901, 499.05757888940371)
(3902, 505.52365430485474)
(3903, 489.28729410975626)
(3904, 501.93862576135837)
(3905, 495.48413461705343)
(3906, 508.95020621665617)
(3907, 500.5449103499401)
(3908, 483.26329970530685)
(3909, 488.13158060149954)
(3910, 495.3123273606293)
(3911, 501.69501723112637)
(3912, 505.07259377673955)
(3913, 500.09772048550349)
(3914, 495.09339931605132)
(3915, 497.73528374120156)
(3916, 503.98810420878112)
(3917, 504.02234380276593)
(3918, 501.53037349329054)
(3919, 497.18348573215053)
(3920, 494.28766079005402)
(3921, 504.38554120233806)
(3922, 491.97375445580076)
(3923, 488.57262140900968)
(3924, 506.66694340329315)
(3925, 494.52459680289235)
(3926, 496.26584387239524)
(3927, 496.09654391060945)
(3928, 497.72440476549701)
(3929, 492.71108263159863)
(3930, 489.51384687395051)
(3931, 498.21910175082775)
(3932, 509.27568114012388)
(3933, 484.80958560570764)
(3934, 499.42331565667075)
(3935, 490.15440485884068)
(3936, 488.68332891381488)
(3937, 484.56244204239738)
(3938, 503.50325354365737)
(3939, 495.93673914560861)
(3940, 495.4217980272457)
(3941, 492.15899163149618)
(3942, 484.72067826736895)
(3943, 489.76840256262494)
(3944, 493.62911255877918)
(3945, 501.04134547629258)
(3946, 499.23128712481764)
(3947, 494.9651062933716)
(3948, 501.4355330482)
(3949, 495.22335751129503)
(3950, 497.12056844595963)
(3951, 490.02038907900123)
(3952, 496.32641810472461)
(3953, 494.45592492856775)
(3954, 495.27062591480484)
(3955, 497.15586048975638)
(3956, 489.98453693597719)
(3957, 504.49536389945081)
(3958, 490.33942547385965)
(3959, 497.93396865535715)
(3960, 504.44355468893252)
(3961, 495.9582439524595)
(3962, 493.77498839430655)
(3963, 500.29122993242743)
(3964, 508.60089768369693)
(3965, 501.75389920699195)
(3966, 492.80717684246252)
(3967, 488.13939842141309)
(3968, 494.67315859241421)
(3969, 500.0054062822058)
(3970, 499.50109078933122)
(3971, 482.07630807043773)
(3972, 496.7607141417451)
(3973, 493.63860269925726)
(3974, 490.92214489500708)
(3975, 476.58272817441571)
(3976, 494.39069458917345)
(3977, 482.40017618807894)
(3978, 489.79796908209005)
(3979, 503.0971480971117)
(3980, 495.17193349706213)
(3981, 498.55534613660393)
(3982, 486.04958052036756)
(3983, 496.7055463192126)
(3984, 499.08655723804986)
(3985, 499.62222739044978)
(3986, 499.94299513990279)
(3987, 493.17669875313749)
(3988, 487.20080252466084)
(3989, 491.72106775988078)
(3990, 487.82155383216741)
(3991, 498.13170469508839)
(3992, 504.7596831477365)
(3993, 499.11143764934292)
(3994, 495.73196938143474)
(3995, 504.66527781397724)
(3996, 506.39159512671847)
