(7612, 506.29661717498544)
(7613, 506.84856579381108)
(7614, 487.55722361503052)
(7615, 500.7492920162415)
(7616, 504.70004345373798)
(7617, 491.02963668968835)
(7618, 492.96203740747092)
(7619, 488.81913220349054)
(7620, 490.58663282402813)
(7621, 499.62216614284733)
(7622, 501.94405674724612)
(7623, 499.36953948114501)
(7624, 487.90019345615042)
(7625, 484.52408633280896)
(7626, 499.87074955463009)
(7627, 499.77826136066608)
(7628, 505.7001250080653)
(7629, 507.13195800954611)
(7630, 488.66093234687094)
(7631, 492.40668937553232)
(7632, 503.24631736296726)
(7633, 493.35599421020754)
(7634, 507.99817184643643)
(7635, 490.34123239622079)
(7636, 496.60786248422016)
(7637, 488.98082980955951)
(7638, 488.84482706014319)
(7639, 497.30193110142477)
(7640, 495.45205704174697)
(7641, 482.11146455866788)
(7642, 489.25134660165156)
(7643, 490.9103582786193)
(7644, 503.064711017538)
(7645, 484.56583035008708)
(7646, 497.88919707346008)
(7647, 491.40763709688304)
(7648, 500.05565564296717)
(7649, 498.37402255520294)
(7650, 487.05047400969408)
(7651, 500.84351973730293)
(7652, 501.80398300176398)
(7653, 496.5827123638004)
(7654, 499.25318969534095)
(7655, 504.72404326762364)
(7656, 486.90172881465105)
(7657, 476.82476561957679)
(7658, 494.39492024647103)
(7659, 497.63851176372691)
(7660, 503.20519947104401)
(7661, 481.92599569809624)
(7662, 504.19065639059227)
(7663, 495.46520256966494)
(7664, 487.41694504728412)
(7665, 492.42117931755774)
(7666, 496.55475881602587)
(7667, 494.83157427378768)
(7668, 499.57532851914698)
(7669, 501.66366814880251)
(7670, 504.87060159159546)
(7671, 487.90279627316818)
(7672, 499.43680105730334)
(7673, 508.39449665133469)
(7674, 489.20889327725558)
(7675, 492.78805461004015)
(7676, 482.84956946071424)
(7677, 495.22127449046127)
(7678, 508.67043591602214)
(7679, 501.21832403648853)
(7680, 495.00440175100749)
(7681, 502.53266986412325)
(7682, 501.67158861506164)
(7683, 503.10239110076583)
(7684, 511.37514112157265)
(7685, 497.3817670900828)
(7686, 489.42727814086163)
(7687, 487.74237913521358)
(7688, 505.79531716476481)
(7689, 505.52163132879173)
(7690, 489.72447409906368)
(7691, 490.21928358355831)
(7692, 489.13188929302089)
(7693, 503.48240037678477)
(7694, 494.90626170928681)
(7695, 487.84480759875186)
(7696, 496.37506784728458)
(7697, 496.32709602823275)
(7698, 491.74236444137625)
(7699, 491.80095881002637)
(7700, 501.8626318312763)
(7701, 497.98570680607315)
(7702, 504.60032314602199)
(7703, 488.89759068377072)
(7704, 501.71346308147906)
(7705, 495.73417545687869)
(7706, 504.01536396686117)
(7707, 493.12309299209596)
(7708, 493.34313856356994)
(7709, 502.4337388290495)
(7710, 502.88823463842527)
(7711, 494.46468680911244)
(7712, 497.00816064165474)
(7713, 495.17779121392419)
(7714, 500.80543898719156)
(7715, 504.39425591155793)
(7716, 488.04675026980522)
(7717, 491.24390448331053)
(7718, 498.20454366386457)
(7719, 486.33474333648263)
(7720, 511.29544079939171)
(7721, 486.43263557088932)
(7722, 485.05837283968185)
(7723, 492.76393009732851)
(7724, 492.97028095742689)
(7725, 511.40124603096245)
(7726, 503.51091051013219)
(7727, 486.9472353985131)
(7728, 507.11824962001515)
(7729, 498.57034641219559)
(7730, 498.55856493430338)
(7731, 484.62217673298289)
(7732, 484.91056067743511)
(7733, 501.42798104196351)
(7734, 500.69419965108216)
(7735, 498.54515494512918)
(7736, 489.10889304558145)
(7737, 480.86898306494118)
(7738, 501.7992310953689)
(7739, 502.94829559656995)
(7740, 492.87458295243675)
(7741, 497.2805172545493)
(7742, 492.27025239750401)
(7743, 488.45205015454832)
(7744, 500.52545884128699)
(7745, 504.65608167221376)
(7746, 500.37155794513922)
