(3997, 500.59989226082644)
(3998, 502.66908370670103)
(3999, 509.68468983470603)
(4000, 485.08635065602743)
(4001, 491.8902446389427)
(4002, 496.58719945552355)
(4003, 496.03954407890774)
(4004, 479.8013389338455)
(4005, 481.97895202016878)
(4006, 495.23774321885725)
(4007, 496.38135218800556)
(4008, 513.78874084060647)
(4009, 488.65005810298379)
(4010, 500.02175336155176)
(4011, 502.05571770449399)
(4012, 488.60036889484866)
(4013, 495.84522745017057)
(4014, 492.4948254906717)
(4015, 495.69505434294751)
(4016, 492.76954557496583)
(4017, 497.75162070981946)
(4018, 494.01050554325786)
(4019, 487.78416482703301)
(4020, 494.74535268316788)
(4021, 496.6631880564201)
(4022, 488.94456181750343)
(4023, 492.59780618747322)
(4024, 490.0935272350157)
(4025, 482.75971553932322)
(4026, 499.97703733444177)
(4027, 488.84963921127382)
(4028, 497.45906809682674)
(4029, 492.90629686818642)
(4030, 497.08615819087936)
(4031, 492.52635065382702)
(4032, 507.44686157819945)
(4033, 498.10684202544337)
(4034, 485.06365258919089)
(4035, 508.29492458870834)
(4036, 497.33720529304316)
(4037, 492.55344217843907)
(4038, 499.8737178572286)
(4039, 496.80040011311371)
(4040, 496.76749130239443)
(4041, 495.52902342423829)
(4042, 510.75989760049015)
(4043, 501.86926433923065)
(4044, 494.59017103980955)
(4045, 497.71570142033806)
(4046, 496.62824547200046)
(4047, 486.60546323428014)
(4048, 499.56872655261111)
(4049, 500.12921001007845)
(4050, 496.54995721560795)
(4051, 504.60780495760315)
(4052, 504.45276761790012)
(4053, 485.84582774890998)
(4054, 494.56337191659509)
(4055, 500.52458170857562)
(4056, 500.38506180770366)
(4057, 486.34914412996602)
(4058, 496.95294221839362)
(4059, 501.4011642724526)
(4060, 478.48590411177832)
(4061, 508.74698427366292)
(4062, 496.2187433528531)
(4063, 499.88126475262845)
(4064, 485.759730891495)
(4065, 479.83842033378926)
(4066, 486.46560693964045)
(4067, 492.59851637487486)
(4068, 483.52383269171457)
(4069, 505.57672303167965)
(4070, 498.96932984349326)
(4071, 508.0774277329885)
(4072, 493.46992216646061)
(4073, 500.66962511559859)
(4074, 500.31329051282376)
(4075, 491.06125677220814)
(4076, 493.21846276602923)
(4077, 488.61421622768341)
(4078, 506.48644817404312)
(4079, 493.62190361192432)
(4080, 500.46207195073129)
(4081, 493.06265219502552)
(4082, 507.16762471520531)
(4083, 477.45920134539188)
(4084, 492.896540183166)
(4085, 490.09992096475725)
(4086, 488.05498252800777)
(4087, 499.51027123647293)
(4088, 496.9711842721988)
(4089, 484.01901368587204)
(4090, 499.21773429842864)
(4091, 502.21389155876273)
(4092, 497.50982433706804)
(4093, 495.039151966036)
(4094, 493.34656239451181)
(4095, 493.47119087500676)
(4096, 493.87381365708347)
(4097, 503.8306075041566)
(4098, 492.27549497172362)
(4099, 487.86129479392184)
(4100, 505.16562939219864)
(4101, 500.51459899545199)
(4102, 500.91021962312459)
(4103, 508.51935080356827)
(4104, 489.16516331763069)
(4105, 501.91770153477455)
(4106, 504.00442466790361)
(4107, 489.3585063820002)
(4108, 505.55887797296214)
(4109, 502.68639752249442)
(4110, 496.85587419058299)
(4111, 484.72505972923022)
(4112, 501.62534438746127)
(4113, 498.20672757084833)
(4114, 491.11440988870828)
(4115, 503.59003661693259)
(4116, 493.06069581932331)
(4117, 491.57713620765151)
(4118, 484.28472237158485)
(4119, 498.92629156211058)
(4120, 483.9959749584167)
(4121, 498.7828088210947)
(4122, 495.43354334872208)
(4123, 502.30332159059731)
(4124, 495.66917450015922)
(4125, 503.43961078622897)
(4126, 488.8205696589626)
(4127, 511.55775001130354)
(4128, 494.42794531174502)
(4129, 484.76869524254846)
(4130, 499.80094717491494)
(4131, 504.73184307139491)
(4132, 499.71612725282125)
(4133, 499.60026205339153)
(4134, 491.93206607809827)
(4135, 493.40573679888723)
(4136, 494.99804476237341)
(4137, 481.48630438036957)
(4138, 503.41542767139055)
(4139, 487.57276631296889)
(4140, 492.88603275543034)
(4141, 491.88233427676545)
(4142, 486.47125048688315)
(4143, 497.44182198276354)
(4144, 489.89626525768637)
(4145, 499.57153074284747)
(4146, 507.78480587249913)
(4147, 480.61395763070897)
(4148, 499.40501934752569)
(4149, 492.17430283117858)
(4150, 503.75207066488042)
(4151, 509.91286321175079)
(4152, 505.57837318608836)
(4153, 512.98105420705633)
(4154, 495.35601351294008)
