(512, 498.11799538595403)
(513, 487.41532271570634)
(514, 509.27027666012089)
(515, 495.42699941235497)
(516, 490.95695285075806)
(517, 491.95767308141393)
(518, 496.93810841141692)
(519, 498.47042880282868)
(520, 492.7136351953805)
(521, 497.54662986812957)
(522, 514.03520003118433)
(523, 493.73440228216077)
(524, 491.99676241007717)
(525, 494.38172242277506)
(526, 492.24729800803209)
(527, 492.52713616172906)
(528, 495.18967803856049)
(529, 500.47300763885653)
(530, 495.27226267454904)
(531, 513.66404824420351)
(532, 491.67272109698933)
(533, 501.6134317761173)
(534, 488.03401384000529)
(535, 503.30604252884336)
(536, 503.48308537916489)
(537, 503.23561595711249)
(538, 497.89717268130545)
(539, 503.77101368791637)
(540, 501.27598541236216)
(541, 481.60925225642887)
(542, 493.85026716592949)
(543, 495.35747826069223)
(544, 497.65270246725697)
(545, 479.74527628915143)
(546, 490.94816274974437)
(547, 503.81828335782023)
(548, 498.43910501491882)
(549, 483.92734577443446)
(550, 503.44593475412955)
(551, 507.57632984320935)
(552, 495.65350309447138)
(553, 487.04693940515921)
(554, 499.33456857415246)
(555, 484.63851973346175)
(556, 509.68191985707267)
(557, 488.89109358316409)
(558, 494.92933477487088)
(559, 504.54782887291628)
(560, 500.37323865747953)
(561, 497.36155451324964)
(562, 501.23560990561191)
(563, 504.50773045033657)
(564, 503.42886417763481)
(565, 494.9116768390316)
(566, 498.94656652853303)
(567, 498.79049248469835)
(568, 490.12014933806256)
(569, 495.53791057917022)
(570, 493.52542942329546)
(571, 499.34904691069244)
(572, 495.66255246633068)
(573, 488.21209462436462)
(574, 492.08525004542389)
(575, 486.38054455174449)
(576, 500.6953538311754)
(577, 489.84075757462006)
(578, 493.14782326536078)
(579, 491.21849928814379)
(580, 490.71243319947087)
(581, 484.97976454961969)
(582, 505.62175929739971)
(583, 485.54031349275874)
(584, 504.52165115835618)
(585, 500.96123155380621)
(586, 501.9993478567747)
(587, 488.52335655769969)
(588, 485.12872276843757)
(589, 490.08265292706369)
(590, 501.86538998798574)
(591, 480.50408680893719)
(592, 499.70515872492081)
(593, 488.29246212256294)
(594, 498.55252228966276)
(595, 507.20133335972497)
(596, 500.68737150884419)
(597, 500.08639063098968)
(598, 497.54754024564858)
(599, 497.64658947402143)
(600, 501.49001969812787)
(601, 501.14190509733839)
(602, 504.79470980352966)
(603, 508.0525480993341)
(604, 495.09889649198544)
(605, 498.46316229565321)
(606, 487.28024780600106)
(607, 490.34616899821265)
(608, 483.85083095690459)
(609, 504.5162787688655)
(610, 501.38161105620202)
(611, 503.05070573868699)
(612, 504.7535827525885)
(613, 503.86177404417197)
(614, 502.91954487836762)
(615, 487.90101391937657)
(616, 505.93936151075866)
(617, 496.01746542666058)
(618, 510.30616132678546)
(619, 488.30636037985488)
(620, 500.54127908431775)
(621, 505.58399265093567)
(622, 483.06431710289166)
(623, 482.57413527529587)
(624, 503.23584033108267)
(625, 498.69202041534595)
(626, 493.7866907002155)
(627, 498.77093347093546)
(628, 499.53782273637103)
(629, 503.81472167213064)
(630, 499.92523382110215)
(631, 484.66026144273962)
(632, 502.06709643312746)
(633, 487.63172409875489)
(634, 497.30775558225412)
(635, 507.06676485790905)
(636, 501.92637513173395)
(637, 494.34931949661973)
(638, 488.9380995671109)
(639, 492.11065376078898)
(640, 484.16327478282295)
(641, 503.2828144070927)
(642, 492.26941983591888)
(643, 498.03245042795169)
(644, 493.15296885417996)
(645, 502.63168282812421)
(646, 498.83604416882292)
(647, 486.6091972230497)
(648, 492.87296312284747)
(649, 499.44429581678861)
(650, 497.19236726026531)
(651, 494.33396727531448)
(652, 498.87190908097341)
(653, 493.51715316178701)
(654, 496.11705445366886)
(655, 498.57272810518555)
(656, 495.28409038078848)
(657, 498.71758766115965)
(658, 479.95703971987842)
(659, 482.0752460665982)
(660, 492.26563184430108)
(661, 493.34988489970328)
(662, 487.84282728485323)
(663, 484.78458569286812)
(664, 481.97623285985185)
(665, 481.84516991710808)
(666, 491.77710831867478)
(667, 488.99106398873766)
