(2410, 497.90994831209468)
(2411, 499.58297955648641)
(2412, 505.66790230375926)
(2413, 487.33056353432039)
(2414, 495.91826676038698)
(2415, 509.5880361351679)
(2416, 496.40849641863076)
(2417, 511.45167307757384)
(2418, 495.3976205356887)
(2419, 514.02608239586039)
(2420, 491.33880051382221)
(2421, 493.01492931121948)
(2422, 493.39457044080643)
(2423, 494.13935626045799)
(2424, 495.19789191627268)
(2425, 498.27976800468264)
(2426, 511.23587065574793)
(2427, 509.71757206979635)
(2428, 495.59931234521571)
(2429, 497.43937271548452)
(2430, 493.16454446422972)
(2431, 499.28349042061603)
(2432, 497.93077775252999)
(2433, 491.7632038523177)
(2434, 500.90460567047927)
(2435, 492.95015324304302)
(2436, 488.82185952334913)
(2437, 490.12143721295354)
(2438, 497.72973336922757)
(2439, 496.00945320378003)
(2440, 504.31155982998484)
(2441, 493.11543089001589)
(2442, 487.94188092891886)
(2443, 494.18150967545409)
(2444, 502.95089584902246)
(2445, 495.35919086469778)
(2446, 475.47655880546336)
(2447, 497.60633354727565)
(2448, 491.78514573080668)
(2449, 496.57752272411943)
(2450, 484.43798071808521)
(2451, 482.91554271414293)
(2452, 503.87656506272714)
(2453, 497.79218586178877)
(2454, 491.28927498035591)
(2455, 492.45228303988677)
(2456, 498.85180648508231)
(2457, 497.66559262517865)
(2458, 496.87649914386191)
(2459, 494.24850570299827)
(2460, 506.35586490431797)
(2461, 503.13970113644149)
(2462, 509.32298624724456)
(2463, 499.7110337577314)
(2464, 484.0069399533977)
(2465, 504.23071820607504)
(2466, 503.58623588197293)
(2467, 499.57440913957885)
(2468, 501.92816896277179)
(2469, 493.49132496106643)
(2470, 499.81517154982077)
(2471, 505.82184054802121)
(2472, 501.56088455274244)
(2473, 477.68283545933662)
(2474, 488.67493272913492)
(2475, 496.91936224899041)
(2476, 489.29273591614185)
(2477, 490.03996160420274)
(2478, 498.68139161320505)
(2479, 500.19808190936953)
(2480, 496.04793946197697)
(2481, 502.97236106072319)
(2482, 495.92812342273942)
(2483, 499.80521395512642)
(2484, 502.80933621802347)
(2485, 482.30645926629006)
(2486, 495.14669728794661)
(2487, 492.72470457582426)
(2488, 493.97667702650807)
(2489, 489.39806284040412)
(2490, 492.69892207094813)
(2491, 495.30778827036011)
(2492, 489.13589972006503)
(2493, 482.52967468077304)
(2494, 499.96700411335047)
(2495, 493.6594467762535)
(2496, 512.04913358822273)
(2497, 498.94857418454797)
(2498, 485.77312966249622)
(2499, 497.52107019531775)
(2500, 492.9888004747894)
(2501, 484.80239293909676)
(2502, 490.12803191402475)
(2503, 501.04144779562569)
(2504, 505.28570521583481)
(2505, 492.02010918726404)
(2506, 496.80493075804259)
(2507, 506.28349643914828)
(2508, 491.70807446354365)
(2509, 488.94821533163031)
(2510, 482.51790030797542)
(2511, 490.4604546420199)
(2512, 494.97804245534883)
(2513, 482.18321672880325)
(2514, 507.54851206142484)
(2515, 489.88355305733506)
(2516, 487.95300922847048)
(2517, 511.89480995694692)
(2518, 488.54597291329162)
(2519, 487.01616238426004)
(2520, 496.58628196428231)
(2521, 484.73974257789047)
(2522, 482.82038335740708)
(2523, 490.03973739697528)
(2524, 479.57654963379304)
(2525, 494.17766233342894)
(2526, 510.6846060642406)
(2527, 492.78942333295163)
(2528, 495.80253024660033)
(2529, 510.9527374900012)
(2530, 511.00384640167374)
(2531, 495.93741619282093)
(2532, 496.63707633682941)
(2533, 498.58179294349861)
(2534, 504.01577272735898)
(2535, 499.57277416831084)
(2536, 490.99170538091744)
(2537, 507.08157382371212)
(2538, 484.67530931682734)
(2539, 495.40127981705132)
(2540, 496.59968025302783)
(2541, 486.13307737549638)
(2542, 491.55981546801274)
(2543, 486.41269443320272)
(2544, 495.39078196992699)
(2545, 502.3536725033689)
(2546, 495.7865864655223)
(2547, 498.28970589881101)
(2548, 492.30936195840741)
(2549, 491.6712656262066)
