(4730, 506.02252895857958)
(4731, 491.17892385769824)
(4732, 495.2319135099176)
(4733, 502.88302012679355)
(4734, 494.10843179721883)
(4735, 478.71561670994498)
(4736, 504.44870841790282)
(4737, 490.36721133205975)
(4738, 499.14243344594502)
(4739, 495.5541346750208)
(4740, 506.33328937834227)
(4741, 491.78520772224323)
(4742, 506.61094029648189)
(4743, 490.52800265787857)
(4744, 504.79244415078801)
(4745, 509.25495114201794)
(4746, 494.24969920250908)
(4747, 481.98317128088905)
(4748, 505.47994015790732)
(4749, 493.04664212939053)
(4750, 491.38046835992895)
(4751, 489.12355490821062)
(4752, 497.47944551580701)
(4753, 495.93192032308423)
(4754, 493.17968961251472)
(4755, 516.26878910962569)
(4756, 483.28343635097951)
(4757, 513.69467948633633)
(4758, 489.726761137925)
(4759, 495.0751408891)
(4760, 478.99159947033007)
(4761, 496.51607712401415)
(4762, 501.04359731767522)
(4763, 506.43729113903635)
(4764, 503.64450578443041)
(4765, 502.03426955266457)
(4766, 494.86241229902078)
(4767, 491.98750409537553)
(4768, 500.22752325334221)
(4769, 489.75881329085587)
(4770, 509.85279962627021)
(4771, 479.37087566512383)
(4772, 493.77844934840675)
(4773, 513.79689753632886)
(4774, 507.60309942680499)
(4775, 497.51782700123852)
(4776, 491.47487633941989)
(4777, 497.47580740585295)
(4778, 491.30364459451135)
(4779, 485.16180333741113)
(4780, 490.46848589819126)
(4781, 492.8828638937141)
(4782, 493.37199008297841)
(4783, 495.00916218996855)
(4784, 499.98328753118642)
(4785, 506.69865350278832)
(4786, 491.14732659661274)
(4787, 488.31410374240266)
(4788, 492.12270024625809)
(4789, 492.77519447953784)
(4790, 505.49255469736818)
(4791, 511.78880556516776)
(4792, 510.48847313096985)
(4793, 496.08472460073131)
(4794, 497.75608362326204)
(4795, 501.48188845158768)
(4796, 496.41322717407235)
(4797, 493.55264726669566)
(4798, 492.67883834568772)
(4799, 503.90152909479724)
(4800, 505.53516016409031)
(4801, 507.48563504174462)
(4802, 493.44426501415933)
(4803, 492.7670943089945)
(4804, 501.33600310772533)
(4805, 501.15282047865827)
(4806, 497.95173973219255)
(4807, 487.18852419458904)
(4808, 486.09787956345895)
(4809, 500.23644730361679)
(4810, 478.11117644030548)
(4811, 493.4410976319511)
(4812, 506.56959406917701)
(4813, 493.93521022255629)
(4814, 499.30448773217711)
(4815, 481.6876397304917)
(4816, 493.55532257983464)
(4817, 498.17193354970175)
(4818, 488.0106902318114)
(4819, 480.83261413816427)
(4820, 492.69717700808599)
(4821, 496.39254242242737)
(4822, 498.61492812067695)
(4823, 491.22836557021992)
(4824, 497.96769613809749)
(4825, 498.13724698154357)
(4826, 493.17552239745407)
(4827, 493.11868985873082)
(4828, 497.24942337347665)
(4829, 495.58943998507522)
(4830, 501.73372585191544)
(4831, 501.87122299090345)
(4832, 506.36934416168964)
(4833, 489.40652846077239)
(4834, 482.57592614248159)
(4835, 494.00131169185886)
(4836, 504.19379632247893)
(4837, 508.44843231779038)
(4838, 491.96666761672043)
(4839, 496.26858674453399)
(4840, 492.63226140809843)
(4841, 490.16017661433983)
(4842, 508.44246760982764)
(4843, 490.06459989791142)
(4844, 485.13424963210741)
(4845, 497.33991707608538)
(4846, 485.66917485361898)
(4847, 502.69600949410665)
(4848, 497.31010863365719)
(4849, 499.05656647601467)
(4850, 501.33968855050756)
(4851, 503.49451094834455)
(4852, 489.30563906477141)
(4853, 487.03627936922396)
(4854, 489.26775751388976)
(4855, 482.63150398296341)
(4856, 496.66461203929066)
(4857, 500.5408472352857)
(4858, 489.36149380494419)
(4859, 496.62831906738461)
(4860, 500.35092173116306)
(4861, 489.52152226115004)
(4862, 494.35375786563645)
(4863, 506.38415304884188)
(4864, 512.5093305285518)
(4865, 496.15165843712782)
(4866, 497.53961309469747)
(4867, 492.95810535303616)
(4868, 499.31138408182665)
(4869, 499.0497107494225)
(4870, 499.25792281527038)
(4871, 499.00572879163224)
(4872, 491.22227088246029)
(4873, 489.80645979735164)
(4874, 494.25149577464305)
(4875, 494.36060080377052)
(4876, 496.81631572738024)
(4877, 495.00546816595738)
(4878, 502.31632017141635)
(4879, 501.09529386217082)
(4880, 511.15494770670068)
(4881, 506.2145061307474)
(4882, 509.45473181804977)
(4883, 492.50489050848194)
(4884, 492.61301039614858)
(4885, 480.7575769778656)
(4886, 488.85536552167019)
(4887, 494.83022735532182)
(4888, 496.89553856205725)
(4889, 500.20198308174389)
(4890, 496.89267395063962)
(4891, 496.02284650338049)
(4892, 488.81031202077997)
(4893, 505.32421118602815)
(4894, 499.28807901124173)
(4895, 491.94091069513303)
(4896, 481.15623109053831)
(4897, 498.51645913671462)
(4898, 495.4853420968069)
(4899, 489.05695877419282)
(4900, 487.28038261236372)
(4901, 496.35419952693468)
(4902, 501.09048581575462)
(4903, 489.94295771643391)
(4904, 491.75716310471046)
(4905, 500.42796956439508)
(4906, 485.57135614237171)
(4907, 513.5532219355639)
(4908, 493.41586404975925)
(4909, 499.03057538354614)
(4910, 504.25132122690673)
(4911, 496.93466311541727)
(4912, 501.3908354488658)
(4913, 501.46303442154192)
(4914, 495.86100583246025)
