(5162, 511.76825594996114)
(5163, 486.55471323846314)
(5164, 488.61227268804299)
(5165, 494.52736783377298)
(5166, 492.81495836049743)
(5167, 488.02561702187847)
(5168, 505.23019620078003)
(5169, 518.41000264930221)
(5170, 495.6894993514195)
(5171, 501.80837140761059)
(5172, 497.8792249850523)
(5173, 498.64754149709415)
(5174, 493.27640419952957)
(5175, 488.98536683041499)
(5176, 495.07633768391099)
(5177, 488.41090430797249)
(5178, 499.80044609495303)
(5179, 489.96724553080293)
(5180, 481.99592397393963)
(5181, 490.7358402096944)
(5182, 504.41317613217728)
(5183, 504.6007843958123)
(5184, 485.62513205244733)
(5185, 486.16529608679946)
(5186, 506.22714184057787)
(5187, 492.959219396609)
(5188, 495.95309620226152)
(5189, 498.27388345958389)
(5190, 501.17820130675642)
(5191, 491.14852377771371)
(5192, 497.60731612665995)
(5193, 494.22101619398649)
(5194, 502.39554722502254)
(5195, 501.40209775967844)
(5196, 501.49872322567472)
(5197, 502.45176056616128)
(5198, 484.62241872136303)
(5199, 505.13256235550466)
(5200, 513.37824723343488)
(5201, 502.83658074037362)
(5202, 499.28376503949198)
(5203, 500.62228432602575)
(5204, 498.7771567622226)
(5205, 503.50451369695747)
(5206, 498.49305231450751)
(5207, 499.08816820724428)
(5208, 505.56852122257783)
(5209, 498.51675401864401)
(5210, 490.0270393975037)
(5211, 498.0632897523306)
(5212, 489.56396637632457)
(5213, 500.58532624999737)
(5214, 492.81772722676607)
(5215, 492.03069334941995)
(5216, 484.34858135431728)
(5217, 501.34175252792579)
(5218, 498.33633828686959)
(5219, 492.12947491629018)
(5220, 486.3952676277745)
(5221, 502.87929426904776)
(5222, 498.92714652526558)
(5223, 491.05080453822472)
(5224, 511.31778286479471)
(5225, 492.22106400122163)
(5226, 510.54544727796889)
(5227, 499.49313217097927)
(5228, 479.64617478113166)
(5229, 496.9183841079448)
(5230, 488.79000039043456)
(5231, 502.06953369503833)
(5232, 495.15829267926506)
(5233, 502.21949216856427)
(5234, 485.012527561387)
(5235, 494.80498661460871)
(5236, 491.27905839901553)
(5237, 496.47750447146626)
(5238, 490.0288549762343)
(5239, 484.1091291132546)
(5240, 495.05726378540152)
(5241, 503.08228178016878)
(5242, 510.96561802894894)
(5243, 482.31176327245066)
(5244, 495.96561596730709)
(5245, 487.55424401901018)
(5246, 490.83230691297854)
(5247, 503.27328422982407)
(5248, 495.80005795769324)
(5249, 492.54905083082343)
(5250, 492.07355315083657)
(5251, 492.26439312269895)
(5252, 484.58531660374172)
(5253, 503.83241314496559)
(5254, 490.23808249792734)
(5255, 490.5132730428885)
(5256, 505.03063418560714)
(5257, 479.91769392238945)
(5258, 490.86385277508526)
(5259, 496.77930261333267)
(5260, 493.41398692945864)
(5261, 494.9562670399722)
(5262, 475.99494098308691)
(5263, 498.81008581047922)
(5264, 495.52648733537012)
(5265, 496.61983285226842)
(5266, 491.32742818221732)
(5267, 505.5466498316884)
(5268, 507.71297876847564)
(5269, 505.43133198322346)
(5270, 476.87707781137965)
(5271, 479.23786059501037)
(5272, 495.30582533323877)
(5273, 495.37324362350364)
(5274, 495.79299032773685)
(5275, 500.50134957376781)
(5276, 501.98075940019044)
(5277, 494.75737109931094)
(5278, 496.07824892677218)
(5279, 504.74924186208847)
(5280, 496.90452092371481)
(5281, 484.14071262157609)
(5282, 500.09971865140108)
(5283, 496.25994230551953)
(5284, 500.22144939880701)
(5285, 489.33264323161438)
(5286, 495.89551094948649)
(5287, 500.49674979866097)
(5288, 493.31497541843265)
(5289, 505.17806298052949)
(5290, 497.14156826911858)
(5291, 494.55170912248866)
(5292, 503.56975445824719)
(5293, 489.94527186133814)
(5294, 480.17137479310088)
(5295, 486.75885364378524)
(5296, 498.47919104424813)
(5297, 501.45080650809871)
