(668, 517.80527312933145)
(669, 487.18107690295335)
(670, 487.77395510520262)
(671, 492.23635097623605)
(672, 496.80856681383551)
(673, 498.77373411134982)
(674, 499.20531138411309)
(675, 495.72236391685033)
(676, 488.78825886808249)
(677, 486.05140086331824)
(678, 499.72206520237444)
(679, 508.90871754554649)
(680, 497.96039107754729)
(681, 483.62093233285748)
(682, 496.77267241471907)
(683, 506.2668115589027)
(684, 492.20967006228562)
(685, 483.26809028996371)
(686, 509.61841181435807)
(687, 502.91586758173776)
(688, 489.10804395941926)
(689, 500.15510937961631)
(690, 505.39341124944019)
(691, 498.44390935649233)
(692, 491.16540028595102)
(693, 500.96083484688592)
(694, 510.96539402812823)
(695, 511.81211029346116)
(696, 498.58198083804837)
(697, 476.72907755736441)
(698, 494.63259770835407)
(699, 502.64933530564224)
(700, 508.17230897566782)
(701, 500.22184588825547)
(702, 489.29899733609386)
(703, 502.63316656541667)
(704, 491.74676364955116)
(705, 499.00548295300797)
(706, 494.02425049900853)
(707, 499.67645185185563)
(708, 501.53659848103047)
(709, 497.1622874449734)
(710, 496.6477455066032)
(711, 506.34527372179775)
(712, 507.03577734757005)
(713, 493.56332983037282)
(714, 484.03594162403556)
(715, 494.02022200753663)
(716, 494.67040091518459)
(717, 501.61522371327106)
(718, 503.04951902435869)
(719, 505.74699420684323)
(720, 497.45083211423787)
(721, 498.97214320027308)
(722, 498.48386238194291)
(723, 495.89679710396257)
(724, 490.06566913004292)
(725, 489.39746709159846)
(726, 497.15193373870176)
(727, 491.34248952032044)
(728, 486.2440597802771)
(729, 484.40033831103648)
(730, 498.9397415333475)
(731, 507.13468774010977)
(732, 495.60239396298499)
(733, 505.23452673068027)
(734, 504.50063175621602)
(735, 501.98044720790591)
(736, 503.22155762043508)
(737, 481.56245142399462)
(738, 500.47362728315579)
(739, 480.5846250725437)
(740, 492.63235440166693)
(741, 495.54627312312846)
(742, 485.62112226976592)
(743, 493.4615757037576)
(744, 489.93695470100897)
(745, 486.53632440016378)
(746, 502.87376549426369)
(747, 513.11191393772901)
(748, 489.83860142907724)
(749, 487.18805568600987)
(750, 486.52461522487533)
(751, 491.42787101126311)
(752, 504.4254091906086)
(753, 485.87913292651251)
(754, 495.22526159070219)
(755, 495.22659476065775)
(756, 509.87280307918257)
(757, 494.5214778088494)
(758, 507.287211891352)
(759, 484.8079952757912)
(760, 483.68377408135319)
(761, 497.35500316734397)
(762, 506.13581911139141)
(763, 489.82883541913054)
(764, 500.85274366399619)
(765, 495.61302199402655)
(766, 502.96779102359028)
(767, 506.31236936698065)
(768, 502.93279896294496)
(769, 484.07682169223381)
(770, 496.61108129696049)
(771, 501.65463724369135)
(772, 496.60784397285533)
(773, 501.69290281452294)
(774, 496.71616521694546)
(775, 491.71116037630861)
(776, 491.9435704438576)
(777, 495.0959109668014)
(778, 499.41855966000742)
(779, 501.82115364970571)
(780, 489.79652243582058)
(781, 502.11037888848142)
(782, 498.62138205073086)
(783, 491.58472206805624)
(784, 497.77837357861665)
(785, 487.65357201633515)
(786, 501.4515155020166)
(787, 489.69389164735867)
(788, 491.79884964144463)
(789, 498.49852017196679)
(790, 498.27795920362644)
(791, 496.34184994590612)
(792, 495.45271782207703)
(793, 497.48038985308483)
(794, 491.49920655786326)
(795, 504.59615979065984)
(796, 494.29793383455876)
(797, 500.47331155994448)
(798, 493.31496338139959)
(799, 500.90425756262368)
(800, 491.78516506875002)
(801, 500.75392767636487)
(802, 498.76646133027612)
(803, 485.23426479899399)
