(2697, 497.44116319665739)
(2698, 499.60277961127537)
(2699, 509.69880439742434)
(2700, 497.80745229090007)
(2701, 483.46578718852595)
(2702, 506.88080447155676)
(2703, 478.34266956090244)
(2704, 489.25819940811641)
(2705, 494.56858967748042)
(2706, 487.5725621792235)
(2707, 498.2142991386462)
(2708, 505.13458411344584)
(2709, 497.74890845038493)
(2710, 499.78020047363077)
(2711, 499.77706856690816)
(2712, 497.57852465002134)
(2713, 500.87078106648693)
(2714, 493.38871660094537)
(2715, 489.08080207029218)
(2716, 492.58201290365309)
(2717, 501.86886436158773)
(2718, 510.08221092097307)
(2719, 503.49584830789399)
(2720, 508.7846508204151)
(2721, 503.00999572392698)
(2722, 497.54761044627838)
(2723, 498.71195647056368)
(2724, 493.96416984806933)
(2725, 487.42194820698239)
(2726, 501.80553838415335)
(2727, 497.88737821349918)
(2728, 496.71637314571035)
(2729, 499.20610771887016)
(2730, 501.61342627529581)
(2731, 500.73850438892327)
(2732, 485.64200194960677)
(2733, 506.31927106142018)
(2734, 499.29660655812489)
(2735, 497.72053948652268)
(2736, 505.62454742962387)
(2737, 501.79921610430205)
(2738, 502.35200736103388)
(2739, 499.00793947429565)
(2740, 499.87874575814726)
(2741, 515.56970543862917)
(2742, 497.22952863654996)
(2743, 488.44052812914219)
(2744, 482.8659367327358)
(2745, 502.93031166399487)
(2746, 491.93414993119166)
(2747, 496.91093358551177)
(2748, 492.17726292195312)
(2749, 502.05708602284869)
(2750, 491.0979144292379)
(2751, 494.14594520821629)
(2752, 504.11556615116535)
(2753, 504.35242039198135)
(2754, 495.8048931479139)
(2755, 495.99616196587726)
(2756, 480.12203861126648)
(2757, 506.25219322930479)
(2758, 497.04544525782001)
(2759, 481.50579235253878)
(2760, 497.9090840607314)
(2761, 491.41691152985709)
(2762, 510.78406202204258)
(2763, 505.28812973109984)
(2764, 501.99813541763069)
(2765, 494.60266176682222)
(2766, 476.95406678458886)
(2767, 489.30691098129034)
(2768, 483.33791356635857)
(2769, 501.83870935325683)
(2770, 497.53999660907436)
(2771, 496.87050994393854)
(2772, 494.91627341697443)
(2773, 491.36477977681824)
(2774, 500.6695797881469)
(2775, 496.6094974326935)
(2776, 483.47547122513151)
(2777, 493.26843997586354)
(2778, 488.86311174050832)
(2779, 490.87849330095219)
(2780, 498.37377586181401)
(2781, 499.92482501957551)
(2782, 500.75712560942884)
(2783, 498.65400928293684)
(2784, 494.27136947933298)
(2785, 495.15580148790826)
(2786, 501.1351247557817)
(2787, 499.59198052754391)
(2788, 508.52317120009553)
(2789, 486.91741247165999)
(2790, 503.9780617286886)
(2791, 494.49322633904808)
(2792, 498.76616638489219)
(2793, 506.52323875549035)
(2794, 510.400728950136)
(2795, 506.92461425456759)
(2796, 496.24750965998965)
(2797, 501.58806872785556)
(2798, 500.60030921073894)
(2799, 479.94403612417273)
(2800, 491.56312674816439)
(2801, 498.32395920007957)
(2802, 498.30408202210725)
(2803, 488.61209468035713)
(2804, 497.70259617534009)
(2805, 498.98134680756982)
(2806, 482.60228502445432)
(2807, 491.79394724372196)
(2808, 499.52197129207468)
(2809, 500.30329303361873)
(2810, 522.90450949062438)
(2811, 501.41105448848231)
(2812, 507.85107442306196)
(2813, 490.11586449187052)
(2814, 501.15987701771627)
(2815, 486.38470472093843)
(2816, 501.93364449421722)
(2817, 505.59799787259442)
(2818, 504.8111455940076)
(2819, 487.20906504236586)
(2820, 502.4792657193542)
(2821, 493.18445082143319)
(2822, 491.236185160822)
(2823, 500.03080074445893)
(2824, 496.19969834954145)
(2825, 486.54559561537582)
(2826, 494.72393281419784)
(2827, 497.77262675086877)
(2828, 498.83844492652486)
(2829, 509.36073982404116)
(2830, 498.4994697090408)
(2831, 492.30427053078461)
(2832, 488.16326489775906)
(2833, 497.57858593063008)
(2834, 491.46957467179686)
(2835, 486.51331732043514)
(2836, 508.50371849508787)
(2837, 498.29405290845693)
(2838, 495.68000157873865)
(2839, 490.70052750400396)
(2840, 513.20779591708583)
(2841, 502.52782583125764)
(2842, 508.50951128386407)
(2843, 491.32583692399999)
(2844, 500.72619691539359)
(2845, 493.54627095774401)
(2846, 491.79498389391046)
(2847, 498.54598559123332)
(2848, 478.62289822326034)
(2849, 491.83129220576387)
(2850, 499.63211134213384)
(2851, 492.18027963977516)
(2852, 486.74339543973258)
(2853, 481.54368603127614)
(2854, 496.26958602695845)
(2855, 499.96152388217899)
(2856, 504.51423885853643)
(2857, 482.65614462002384)
(2858, 499.68498113098246)
(2859, 496.01026347891695)
(2860, 498.49510057526584)
(2861, 489.09729654394414)
(2862, 492.89322125293074)
(2863, 496.86378523986167)
(2864, 479.44204712758471)
(2865, 504.78974247046688)
(2866, 493.62922083775317)
(2867, 500.82855996401867)
(2868, 490.00545105850352)
(2869, 491.59942800364905)
(2870, 500.27686993935322)
(2871, 503.52399484985153)
(2872, 496.75976466261278)
(2873, 512.7654606951279)
(2874, 495.6626439662391)
(2875, 501.27993201368344)
(2876, 502.97270750383984)
(2877, 501.02640611182005)
(2878, 505.7591861989074)
(2879, 502.94379280623286)
(2880, 503.46647119573282)
(2881, 506.50470905144846)
(2882, 482.36837385532453)
(2883, 489.87071077145083)
(2884, 497.59019714536953)
(2885, 492.10460990643071)
(2886, 492.301989478878)
(2887, 501.56190405321058)
(2888, 507.86816120031426)
(2889, 501.80523621031358)
(2890, 498.01038174603428)
(2891, 499.65292369632709)
(2892, 508.5748885076012)
(2893, 499.8652780667004)
(2894, 490.18753293217202)
(2895, 500.99502459423985)
(2896, 481.95020914323584)
