(7747, 504.20954687498408)
(7748, 492.83217288783567)
(7749, 486.0498276382271)
(7750, 499.59801282370978)
(7751, 496.9833062549194)
(7752, 486.85811599590841)
(7753, 500.29381943376404)
(7754, 494.66509027748845)
(7755, 496.40006904452423)
(7756, 504.9570321288287)
(7757, 494.81804153910605)
(7758, 488.47970262725687)
(7759, 492.50985457470279)
(7760, 504.98016341686593)
(7761, 500.25890765305871)
(7762, 495.24011776431212)
(7763, 490.8764555794553)
(7764, 503.59100414560027)
(7765, 495.74858368991181)
(7766, 489.65847953459661)
(7767, 513.40533427115622)
(7768, 493.6199586927977)
(7769, 493.50959714430599)
(7770, 499.29442743237786)
(7771, 507.46798863390245)
(7772, 486.12046991452939)
(7773, 498.473647684291)
(7774, 498.361992059729)
(7775, 498.18873880638438)
(7776, 479.69790414977956)
(7777, 498.23896248714982)
(7778, 506.61920677588631)
(7779, 494.93647037015114)
(7780, 497.8645342011867)
(7781, 489.21813213263363)
(7782, 505.51010938335958)
(7783, 493.97209080201651)
(7784, 510.5379648800315)
(7785, 499.80178363138197)
(7786, 498.43226203718416)
(7787, 492.28296184982224)
(7788, 503.5822473995857)
(7789, 506.82593026310207)
(7790, 504.94198497032221)
(7791, 513.45112880314525)
(7792, 496.17927413777903)
(7793, 507.37263654233709)
(7794, 494.16744387575307)
(7795, 497.22565452980626)
(7796, 507.25684476369713)
(7797, 503.6317796861133)
(7798, 513.8133241502785)
(7799, 493.10683173421438)
(7800, 488.10561721711207)
(7801, 491.18392712705167)
(7802, 497.66102527806493)
(7803, 502.63865270553197)
(7804, 486.08864708263036)
(7805, 484.24084420259021)
(7806, 499.36221956389295)
(7807, 476.37273290519727)
(7808, 503.74241859579877)
(7809, 500.21966327477446)
(7810, 500.43269525693438)
(7811, 488.69963847102201)
(7812, 495.1124344184027)
(7813, 490.40377497299284)
(7814, 502.36495741143301)
(7815, 496.18065725709994)
(7816, 493.57261166178523)
(7817, 499.24677267629534)
(7818, 493.4731155115889)
(7819, 499.95517897080407)
(7820, 492.7253376809374)
(7821, 498.09346274901549)
(7822, 486.22772355980771)
(7823, 498.43766715524032)
(7824, 492.44449018605042)
(7825, 494.94853211408565)
(7826, 492.11736999524942)
(7827, 487.19931322394962)
(7828, 495.72252873439743)
(7829, 488.75819718086302)
(7830, 493.82683160563761)
(7831, 486.16238474603284)
(7832, 489.85146114109762)
(7833, 494.14419367844636)
(7834, 489.65884900738786)
(7835, 482.10588737788714)
(7836, 506.11148643807098)
(7837, 495.01620308716679)
(7838, 494.23324400929431)
(7839, 502.63066722369342)
(7840, 497.7599365180377)
(7841, 493.08596713261011)
(7842, 488.96349504197849)
(7843, 489.79578067257916)
(7844, 498.82917384591508)
(7845, 486.48130402868168)
(7846, 486.05742276466373)
(7847, 493.41366431814635)
(7848, 495.32796470135145)
(7849, 487.91623307925465)
(7850, 491.35152551914376)
(7851, 499.37472552631232)
(7852, 502.25648940569238)
(7853, 486.83592372571144)
(7854, 494.79883669324477)
(7855, 496.98480830986534)
(7856, 486.09204760895807)
(7857, 510.80628808221809)
(7858, 495.01824328375506)
(7859, 500.84719421028217)
(7860, 498.98445992056384)
(7861, 493.20522997662687)
(7862, 501.22832430563966)
(7863, 497.01112681689153)
(7864, 502.24841208855122)
(7865, 494.32729488694002)
(7866, 498.35019964876199)
(7867, 496.47886776370001)
(7868, 500.0020336065686)
(7869, 487.51856543348924)
(7870, 502.23048445246548)
(7871, 508.28086586966333)
(7872, 496.25878617572766)
(7873, 506.12295328032553)
(7874, 489.09016331006535)
(7875, 491.30237851757067)
(7876, 486.60992501337637)
(7877, 493.44353075773836)
(7878, 499.23169469193363)
(7879, 498.06695821495043)
(7880, 503.2158782277844)
(7881, 490.91882768763651)
(7882, 478.94966425873014)
(7883, 495.63905887702799)
(7884, 485.64966749390192)
