(427, 509.80071768036584)
(428, 498.88818010023766)
(429, 504.60506560599811)
(430, 502.23159881788075)
(431, 500.00165716751076)
(432, 490.657671662572)
(433, 499.99084860425825)
(434, 492.75759289049017)
(435, 500.53073414567302)
(436, 497.09050433519872)
(437, 489.01333020081802)
(438, 501.58648460225754)
(439, 499.62131739914275)
(440, 508.90991120548432)
(441, 482.56043062906036)
(442, 503.03281631076356)
(443, 497.75953623505217)
(444, 500.59074196751544)
(445, 504.00361298692019)
(446, 489.13992749049316)
(447, 490.92373935954186)
(448, 495.85567611295522)
(449, 494.95121859633133)
(450, 500.86427389272984)
(451, 493.36851765219217)
(452, 503.45814861405677)
(453, 504.46022236860682)
(454, 500.58409353010813)
(455, 481.85130570703416)
(456, 490.97890821606939)
(457, 494.16477652839183)
(458, 490.62426864294883)
(459, 489.06259842372771)
(460, 490.78316109508722)
(461, 495.97295617702264)
(462, 490.15457019143423)
(463, 497.95555640475334)
(464, 498.11280693016568)
(465, 502.10430434632178)
(466, 500.3893852259709)
(467, 498.60468420732195)
(468, 499.79745542456271)
(469, 490.83945843654044)
(470, 504.17636692651888)
(471, 499.97867727916383)
(472, 488.91635522937645)
(473, 496.13831661410779)
(474, 505.39952481816181)
(475, 513.66826676384198)
(476, 497.80151811318132)
(477, 494.38530036313961)
(478, 497.67370655647733)
(479, 497.51059548510352)
(480, 488.68343961372204)
(481, 497.38153474414077)
(482, 500.07107633105875)
(483, 485.47585118162579)
(484, 496.2052566225791)
(485, 503.36722717632631)
(486, 505.31770266021374)
(487, 503.60592179060916)
(488, 483.76117630640817)
(489, 513.27108202472664)
(490, 492.54733188612516)
(491, 498.00165425227726)
(492, 502.77352746195305)
(493, 496.94721906002599)
(494, 506.23867206970124)
(495, 490.13478423168556)
(496, 505.97170787389382)
(497, 500.62846241524676)
(498, 497.0956330925743)
(499, 490.02933202732538)
(500, 501.46387508912875)
(501, 489.98122760828272)
(502, 513.91232238135422)
(503, 496.27690690587258)
(504, 491.67785838409202)
(505, 497.95343889532938)
(506, 510.92192064938547)
(507, 505.2518418868068)
(508, 508.67466490350643)
(509, 489.69068097168929)
(510, 485.82258529524972)
(511, 500.89285871951461)
