(4915, 497.90941250105897)
(4916, 484.42069763970807)
(4917, 502.53245886054935)
(4918, 493.78635241895051)
(4919, 491.39716280662412)
(4920, 494.97667807935341)
(4921, 497.91337269714177)
(4922, 490.95197052895287)
(4923, 506.01924485784377)
(4924, 493.46960206462609)
(4925, 502.75559268301538)
(4926, 488.86236442425991)
(4927, 502.21631926646637)
(4928, 491.46644231786877)
(4929, 502.98416898826031)
(4930, 504.62884525877428)
(4931, 513.2452604965622)
(4932, 508.70130862734345)
(4933, 487.49779273409422)
(4934, 498.66799087978751)
(4935, 496.82469933654863)
(4936, 483.01213178178796)
(4937, 507.20674061337428)
(4938, 514.14894180284421)
(4939, 497.32328185842579)
(4940, 514.11915446259309)
(4941, 497.17936346244761)
(4942, 485.77736943469131)
(4943, 508.42545398062231)
(4944, 498.80795045767042)
(4945, 505.24807792506056)
(4946, 493.75711276585253)
(4947, 483.17928254704839)
(4948, 493.51929792826172)
(4949, 499.99184953448685)
(4950, 505.28180245936824)
(4951, 501.08390009439177)
(4952, 498.24254578164346)
(4953, 489.97726802587465)
(4954, 504.70742157886019)
(4955, 492.18055174630348)
(4956, 501.81974976091112)
(4957, 483.32551601962803)
(4958, 497.25672039952758)
(4959, 501.08120250479601)
(4960, 496.19994328891471)
(4961, 492.29416523616777)
(4962, 495.6544430721201)
(4963, 497.94079955692786)
(4964, 479.60705712199251)
(4965, 498.82951961373965)
(4966, 487.35875032040622)
(4967, 485.56743398424925)
(4968, 491.97655078257429)
(4969, 506.33860175182281)
(4970, 499.12246666743954)
(4971, 495.73329111759671)
(4972, 495.88733766248816)
(4973, 498.93274667955029)
(4974, 498.41273536476353)
(4975, 504.85965512758906)
(4976, 492.93451439716409)
(4977, 495.88116116878427)
(4978, 493.70564495290216)
(4979, 489.51310724975019)
(4980, 487.29300856982422)
(4981, 489.15634211926135)
(4982, 493.67620269776717)
(4983, 503.47822245034445)
(4984, 503.44758422782002)
(4985, 502.91008518949894)
(4986, 495.57975043877934)
(4987, 494.21868465512688)
(4988, 494.47063305567286)
(4989, 489.31315166535762)
(4990, 498.51520776469033)
(4991, 508.7092460524542)
(4992, 495.39780845574961)
(4993, 496.76685785192467)
(4994, 495.91842240506924)
(4995, 499.07322577545813)
(4996, 488.56269495021411)
(4997, 484.62433972055595)
(4998, 506.16302758598482)
(4999, 497.7983330404345)
(5000, 498.54815593205149)
(5001, 500.18819997669334)
(5002, 492.65981251882397)
(5003, 501.38041290458415)
(5004, 512.70281049415553)
(5005, 498.23922400492626)
(5006, 495.89997091245255)
(5007, 505.64978909766648)
(5008, 498.71575723072624)
(5009, 492.2123997195597)
(5010, 490.90769357245711)
(5011, 498.18052587200214)
(5012, 493.56678302822593)
(5013, 499.37641869155919)
(5014, 484.21800135535341)
(5015, 500.38711283555949)
(5016, 488.21541554792441)
(5017, 507.09721974646368)
(5018, 493.58831953688968)
(5019, 495.14990914869099)
(5020, 509.72746939512479)
(5021, 497.97123741321388)
(5022, 481.72236127784652)
(5023, 492.55507120713816)
(5024, 493.3005403397903)
(5025, 508.6837436579649)
(5026, 492.01287589955632)
(5027, 488.74158449428307)
(5028, 505.44136174853065)
(5029, 499.57061267647265)
(5030, 501.23163721048036)
(5031, 505.02188563613311)
(5032, 496.58148691357934)
(5033, 493.56775343176167)
(5034, 478.73897858722614)
(5035, 505.54608244112598)
(5036, 493.96038159587852)
(5037, 491.3021560272083)
(5038, 500.77017131615014)
(5039, 488.76510608852004)
(5040, 488.78899321189112)
(5041, 494.48727667347276)
(5042, 490.4020574630722)
(5043, 487.08713559397313)
(5044, 493.84903770854112)
(5045, 499.93797032424663)
(5046, 497.90133317116727)
(5047, 494.35662076756205)
(5048, 506.03370712508092)
(5049, 503.72552404344151)
(5050, 500.75717407823959)
(5051, 497.30449735367279)
(5052, 494.80578114391562)
(5053, 499.27768616445996)
(5054, 485.54393610762884)
(5055, 506.10326096706069)
(5056, 501.72161668908723)
(5057, 488.78246775620516)
(5058, 501.58741888655356)
(5059, 489.62796982470076)
