(8861, 505.82598448743909)
(8862, 482.19737983105927)
(8863, 495.24237059219553)
(8864, 500.90804863313565)
(8865, 484.89060740918342)
(8866, 490.92246160810475)
(8867, 498.35272313961502)
(8868, 486.97484155333996)
(8869, 486.26228161998972)
(8870, 500.81462731715067)
(8871, 499.54723066090787)
(8872, 495.67214562823932)
(8873, 498.48253848997956)
(8874, 511.08633263792439)
(8875, 500.70951913137571)
(8876, 500.07016630588691)
(8877, 493.66249613485354)
(8878, 496.16917017496269)
(8879, 505.47452280653789)
(8880, 491.32646506704475)
(8881, 496.60461319868864)
(8882, 498.94977827832201)
(8883, 491.71327030500254)
(8884, 497.37062532780237)
(8885, 502.8413912783048)
(8886, 476.42994743094556)
(8887, 503.41071864593499)
(8888, 499.54470844137211)
(8889, 497.3681156803824)
(8890, 502.36115379535499)
(8891, 486.36066496053729)
(8892, 495.97804281409833)
(8893, 493.56710466882635)
(8894, 494.62655871948186)
(8895, 495.58290988855867)
(8896, 501.8396113668706)
(8897, 508.18657454637167)
(8898, 506.87674420523058)
(8899, 502.70657983609817)
(8900, 498.41420632101961)
(8901, 504.28355732567104)
(8902, 510.50135461988123)
(8903, 509.93055260885581)
(8904, 498.48263943266875)
(8905, 491.51416488645106)
(8906, 497.21806810565204)
(8907, 500.08347181591148)
(8908, 501.07900658589671)
(8909, 494.05439275721398)
(8910, 494.7340322927912)
(8911, 497.15744751860916)
(8912, 489.50298221747977)
(8913, 494.48940562413651)
(8914, 503.46917054495395)
(8915, 504.38686208604338)
(8916, 494.22993355432368)
(8917, 501.20651583799406)
(8918, 492.56213023638395)
(8919, 486.1275228029038)
(8920, 493.85885352567743)
(8921, 497.12906446569019)
(8922, 501.29611284789064)
(8923, 500.84670681677437)
(8924, 488.97199319653788)
(8925, 493.54385331044477)
(8926, 500.5707590719652)
(8927, 502.33170968059267)
(8928, 482.99307217088074)
(8929, 491.69564948994332)
(8930, 494.82703268644923)
(8931, 500.7529963011757)
(8932, 502.74505479284369)
(8933, 501.36721276454108)
(8934, 495.08321710101688)
(8935, 505.28471356999557)
(8936, 499.679653503304)
(8937, 492.74294534648254)
(8938, 492.57544518759539)
(8939, 494.06551183716351)
(8940, 489.87561213655454)
(8941, 506.37625407211482)
(8942, 508.32832801872939)
(8943, 491.45659341894464)
(8944, 499.55956925090902)
(8945, 484.49054558104234)
(8946, 502.69847808670806)
(8947, 511.99378725327898)
(8948, 493.8213297853805)
(8949, 508.75275167721412)
(8950, 504.61336462252905)
(8951, 499.34713561974013)
(8952, 491.74341277753069)
(8953, 476.63569168926966)
(8954, 497.01924786160265)
(8955, 503.74364060950029)
(8956, 503.50533499476199)
(8957, 488.0197966562198)
(8958, 495.9032389463153)
(8959, 501.51887305963226)
(8960, 498.37306332302796)
(8961, 508.06524462588766)
(8962, 480.5222990925954)
(8963, 486.55930170854924)
(8964, 500.37695294570335)
(8965, 492.87322807125759)
(8966, 504.5805783463158)
(8967, 499.1869638243694)
(8968, 504.46609059270156)
(8969, 498.33293834785525)
(8970, 493.74183991416351)
(8971, 504.18729332240684)
(8972, 504.23677256997064)
(8973, 495.08214538925682)
(8974, 492.05297203292201)
(8975, 499.00190643618498)
(8976, 487.89649140456447)
(8977, 496.43423072807025)
(8978, 492.10667929936119)
(8979, 491.2533388488863)
(8980, 496.67768792244931)
(8981, 499.40097607269371)
(8982, 498.14968281099601)
(8983, 498.60218648123379)
(8984, 491.63328993518883)
(8985, 494.98045096527198)
(8986, 503.86381750388409)
(8987, 478.40739462054285)
