(7885, 499.10915909458674)
(7886, 494.02467830761941)
(7887, 494.05272579839283)
(7888, 508.70094984765535)
(7889, 501.28235679005707)
(7890, 485.15632694226304)
(7891, 496.26234825650715)
(7892, 482.39903323648502)
(7893, 495.55788784962573)
(7894, 499.19579800868348)
(7895, 505.42562141050678)
(7896, 499.06146247515198)
(7897, 503.62390841959143)
(7898, 496.63994399313611)
(7899, 499.33523658970944)
(7900, 488.10046421325609)
(7901, 493.68946326681328)
(7902, 499.99713051563782)
(7903, 497.01619021924489)
(7904, 493.94474523807145)
(7905, 500.0373361458885)
(7906, 494.45884370981491)
(7907, 497.4988837495622)
(7908, 489.45654315750392)
(7909, 491.69911348639869)
(7910, 507.04446053544308)
(7911, 486.56964962254153)
(7912, 494.15044946240778)
(7913, 494.56208234669532)
(7914, 489.6273436855048)
(7915, 497.36767207016953)
(7916, 486.73885116919075)
(7917, 490.73606924235651)
(7918, 490.41468251168169)
(7919, 503.84111423965646)
(7920, 493.18170108272142)
(7921, 494.82857454900665)
(7922, 502.77102836655939)
(7923, 490.07979628776843)
(7924, 505.33701364532897)
(7925, 504.71116673358779)
(7926, 488.11484908915543)
(7927, 503.94472997085944)
(7928, 499.59272945332901)
(7929, 502.96837129786996)
(7930, 480.47055621342048)
(7931, 493.53500824922548)
(7932, 503.7336025534799)
(7933, 489.53199733441051)
(7934, 507.69659005198537)
(7935, 490.09598557486186)
(7936, 501.18473504291438)
(7937, 490.7659371619925)
(7938, 491.64644558194937)
(7939, 496.43104122932868)
(7940, 492.08916885596841)
(7941, 506.37613949441993)
(7942, 494.59852409331808)
(7943, 488.61996915724944)
(7944, 493.5533626849267)
(7945, 500.09045781611405)
(7946, 501.73907472734663)
(7947, 499.01410967326916)
(7948, 498.47949139068032)
(7949, 496.17537143285858)
(7950, 503.20329277278927)
(7951, 490.12707478274456)
(7952, 495.1301534431451)
(7953, 498.9825241688265)
(7954, 505.9169818067657)
(7955, 514.09609378454797)
(7956, 498.90685127336872)
(7957, 496.62009186738959)
(7958, 496.54771472360392)
(7959, 488.95417818340059)
(7960, 498.45791160305373)
(7961, 500.14857677778684)
(7962, 491.40858797406247)
(7963, 500.9956366367303)
(7964, 492.84306989351762)
(7965, 492.88766112131066)
(7966, 489.16060617098248)
(7967, 487.35422425151359)
(7968, 496.49940130185462)
(7969, 498.32685434251306)
(7970, 491.70134937854476)
(7971, 506.51490733310948)
(7972, 494.80963312165784)
(7973, 493.21569385047235)
(7974, 499.99489939703062)
(7975, 502.73617822420283)
(7976, 489.88422829304704)
(7977, 503.1834035882822)
(7978, 498.44624721094596)
(7979, 483.79881494662533)
(7980, 504.53150017878068)
(7981, 510.93701788876274)
(7982, 498.57431216718948)
(7983, 513.51497150279715)
(7984, 492.82211433735267)
(7985, 498.96670593267402)
(7986, 492.67258767617943)
(7987, 511.27318514038927)
(7988, 491.83689357989778)
(7989, 497.54312703862774)
(7990, 488.22229184014645)
(7991, 497.21329055622061)
(7992, 501.93899988461447)
(7993, 495.28937471337002)
(7994, 481.32897303280163)
(7995, 491.40732923116241)
(7996, 500.92583775904939)
(7997, 504.33441215425859)
(7998, 489.05873528285986)
(7999, 491.01274915576062)
(8000, 506.6982283126257)
(8001, 495.72605671834634)
(8002, 495.90595908199748)
(8003, 514.17537368103683)
(8004, 478.20669049892501)
(8005, 498.05110978240316)
(8006, 497.95686371369277)
(8007, 500.26189075764387)
(8008, 497.12401146392779)
(8009, 491.86630851658731)
(8010, 482.4944201699949)
(8011, 502.22406263155949)
(8012, 512.41466001957679)
(8013, 499.29795708370733)
(8014, 508.16197162614867)
(8015, 499.0999113406516)
(8016, 487.69818196230318)
(8017, 508.47998136205189)
(8018, 488.46884947667729)
(8019, 502.13975603002615)
(8020, 489.7615336547554)
(8021, 492.95427785723587)
(8022, 501.4653566366959)
(8023, 491.49975549176543)
(8024, 501.71015503653479)
(8025, 495.44690423119869)
(8026, 503.24678051242608)
(8027, 502.11993479013722)
(8028, 491.66933001424536)
(8029, 509.25749459573285)
(8030, 496.39994290470571)
(8031, 501.42669897789688)
(8032, 499.01300512832893)
(8033, 500.59192833292212)
(8034, 508.70103302691155)
(8035, 497.1324663433486)
(8036, 499.67895583553144)
(8037, 492.5703787728242)
(8038, 491.2005472770096)
(8039, 492.62162075282765)
(8040, 490.21146481465746)
(8041, 493.86824738427549)
(8042, 491.63837378258302)
(8043, 509.94303606377861)
(8044, 488.92562366500454)
(8045, 489.06749821723724)
(8046, 497.18844923863435)
(8047, 510.85747013312505)
(8048, 497.75865592146437)
