(6086, 501.24510776138425)
(6087, 494.60138146793065)
(6088, 483.90238805740546)
(6089, 493.15330421492502)
(6090, 483.36208216529781)
(6091, 499.02385902861181)
(6092, 499.14526430463218)
(6093, 493.6409272509602)
(6094, 500.06233825375267)
(6095, 495.48012026695898)
(6096, 498.49709382886084)
(6097, 492.02022245066269)
(6098, 496.19238274773295)
(6099, 493.51405314001687)
(6100, 501.897232032695)
(6101, 490.94300081056838)
(6102, 487.65826519461791)
(6103, 490.62575950533659)
(6104, 503.75524240094614)
(6105, 508.24956887308599)
(6106, 500.50950101568117)
(6107, 500.76076150870153)
(6108, 481.38410146478543)
(6109, 488.93280650763751)
(6110, 504.25410415478689)
(6111, 489.61906257176327)
(6112, 507.09608756416173)
(6113, 484.27900914699882)
(6114, 492.34627893189275)
(6115, 507.24811512360026)
(6116, 496.74450038794373)
(6117, 495.93898900537386)
(6118, 506.81628334619654)
(6119, 493.21623096235345)
(6120, 504.97830473996578)
(6121, 499.21097707453976)
(6122, 503.33873402943397)
(6123, 498.94654398726925)
(6124, 489.401362890629)
(6125, 501.43992574046945)
(6126, 492.67231092792383)
(6127, 509.50223964987566)
(6128, 498.74576175654045)
(6129, 496.86890993005511)
(6130, 496.5118914477917)
(6131, 501.66822612159024)
(6132, 498.78823027475573)
(6133, 488.76321939970597)
(6134, 504.17854747416277)
(6135, 480.0039073744548)
(6136, 497.48678332534217)
(6137, 496.87677712272324)
(6138, 496.79779900462916)
(6139, 490.36114089982914)
(6140, 495.2131774818647)
(6141, 489.51183235338556)
(6142, 475.77020940455776)
(6143, 497.36206845138906)
(6144, 479.13459536420299)
(6145, 506.1720540487911)
(6146, 493.4920137463514)
(6147, 500.03179789632293)
(6148, 495.2518557555108)
(6149, 500.4135276478471)
(6150, 496.67374415138892)
(6151, 484.32206104834876)
(6152, 506.50631450380024)
(6153, 496.0447270894997)
(6154, 498.17283983839854)
(6155, 483.53516215350857)
(6156, 496.7005018940547)
(6157, 488.27066176595463)
(6158, 501.73477183135952)
(6159, 503.33390128480846)
(6160, 495.5827508301341)
(6161, 478.14276942205032)
(6162, 498.3778945859641)
(6163, 490.9726396261168)
(6164, 498.53414253877088)
(6165, 498.73235467660368)
(6166, 501.54585269514826)
(6167, 506.30622629200309)
(6168, 495.41304695383928)
(6169, 502.20458229127223)
(6170, 484.02131776050521)
(6171, 497.79905458074325)
(6172, 503.22566728371373)
(6173, 479.66416636075627)
(6174, 495.81500223194428)
(6175, 496.96818724815898)
(6176, 503.69344712137229)
(6177, 498.77437495431639)
(6178, 477.64655574136282)
(6179, 490.03385766741076)
(6180, 499.98211530543722)
(6181, 504.35705644569214)
(6182, 500.91261353313683)
(6183, 491.56319758549716)
