(3423, 506.2401910482082)
(3424, 481.2102279999832)
(3425, 490.94059339176795)
(3426, 513.54073252483056)
(3427, 498.23497219045089)
(3428, 501.55455150070418)
(3429, 498.1083319965029)
(3430, 488.21200623818794)
(3431, 490.55019706363021)
(3432, 515.64592652335057)
(3433, 496.3127845582988)
(3434, 504.43215479928801)
(3435, 503.15574404926144)
(3436, 482.87533611794851)
(3437, 488.39494301680861)
(3438, 500.76446936441863)
(3439, 501.2414343875983)
(3440, 487.86211231343174)
(3441, 491.22072891269158)
(3442, 498.84204296734231)
(3443, 499.59407340161692)
(3444, 511.8975115284444)
(3445, 487.38557829324134)
(3446, 505.82119846357017)
(3447, 497.29410900451302)
(3448, 507.95947654068652)
(3449, 494.90771217915949)
(3450, 495.30383438803892)
(3451, 500.59279453612794)
(3452, 507.22847162596844)
(3453, 483.67808296023065)
(3454, 499.87988038951266)
(3455, 497.7484802350391)
(3456, 497.76711965914797)
(3457, 502.53739199782098)
(3458, 493.86752196420406)
(3459, 487.77683660625934)
(3460, 494.13818294843787)
(3461, 501.71631659582999)
(3462, 494.83730493413805)
(3463, 496.37483311157615)
(3464, 483.79890107291465)
(3465, 505.82450578975704)
(3466, 487.00884320921477)
(3467, 485.9440262135214)
(3468, 508.07894476805001)
(3469, 508.67555956813351)
(3470, 488.25884634412773)
(3471, 488.94482998878937)
(3472, 480.22912479134163)
(3473, 496.32120694837943)
(3474, 491.42251465897419)
(3475, 496.34827712354274)
(3476, 482.48472077296066)
(3477, 491.76744627249855)
(3478, 488.67836794538647)
(3479, 494.30152798399854)
(3480, 497.61260445176492)
(3481, 489.00209299264884)
(3482, 487.93112811659648)
(3483, 498.82163916381484)
(3484, 500.97146540966367)
(3485, 499.94332824518528)
(3486, 496.95077463372809)
(3487, 507.72594470619833)
(3488, 498.70361918118112)
(3489, 500.72905904986953)
(3490, 490.05197836850687)
(3491, 509.39348589780889)
(3492, 495.5696874953311)
(3493, 483.24420067362428)
(3494, 499.97760991066656)
(3495, 497.68187525820554)
(3496, 485.82780492353106)
(3497, 497.16394736100727)
(3498, 490.4380929896364)
(3499, 505.81467308513163)
(3500, 504.7437505825626)
(3501, 484.42549513646702)
(3502, 497.18859778907927)
(3503, 499.08754484807264)
(3504, 498.52173493271255)
(3505, 488.01674653343434)
(3506, 503.23467551018598)
(3507, 492.38970674917311)
(3508, 497.97752554276417)
(3509, 490.37897427535239)
(3510, 493.03375412028322)
(3511, 484.91661337597805)
(3512, 494.45556550462283)
(3513, 499.85896077368778)
(3514, 486.09470783299003)
(3515, 504.95716458133461)
(3516, 485.31013856613174)
(3517, 498.02864682184662)
(3518, 494.29940554885019)
(3519, 493.47866220381263)
(3520, 502.6399124538508)
(3521, 494.76488921923794)
(3522, 490.35279353366695)
(3523, 493.59743111321279)
(3524, 495.87256409096233)
(3525, 491.51144726676466)
(3526, 506.37421411116543)
(3527, 492.10423338745329)
(3528, 503.13889339179457)
(3529, 500.14211753488303)
(3530, 484.43300235188872)
(3531, 493.51296837060914)
(3532, 493.80614769167539)
(3533, 483.61707334216555)
(3534, 489.17791098814837)
(3535, 487.60007803255883)
(3536, 503.34296622035339)
(3537, 491.32248946685309)
(3538, 481.84549377620988)
(3539, 503.22285567985557)
(3540, 515.16270542767347)
(3541, 497.45202924864225)
(3542, 488.82092869523649)
(3543, 495.89028241121218)
(3544, 486.02032991739037)
(3545, 498.4359612663327)
(3546, 503.79925623125519)
(3547, 502.15595225378684)
(3548, 491.91205585905203)
(3549, 504.05836508525601)
(3550, 502.65474593467331)
(3551, 495.63168327875894)
(3552, 500.41114327420132)
(3553, 513.00193963001561)
(3554, 496.52963481893022)
(3555, 488.04245652789143)
(3556, 497.61499179266764)
(3557, 492.30942638780783)
(3558, 483.81170757057959)
(3559, 478.02598716560726)
(3560, 489.70684416854505)
(3561, 493.50965260418843)
(3562, 497.91060951185375)
(3563, 504.56448781598255)
(3564, 489.41186240997934)
(3565, 503.80936878773036)
(3566, 502.1413139338182)
(3567, 496.89825621518838)
(3568, 498.89760025089305)
(3569, 502.4056768132765)
(3570, 499.18079417770724)
(3571, 491.71777512380322)
(3572, 502.79185064683327)
(3573, 495.08629436486029)
(3574, 511.22620910279733)
(3575, 499.35139859260528)
(3576, 501.62814365334339)
(3577, 511.41018470968174)
(3578, 505.23545089957895)
(3579, 500.05413433968192)
(3580, 502.86312116036277)
(3581, 494.51850888882336)
(3582, 490.88830512845664)
(3583, 508.76567088180667)
(3584, 482.24075590997927)
(3585, 473.7847697465894)
(3586, 496.65352185463178)
(3587, 492.26177577750013)
(3588, 495.24286474020806)
(3589, 486.5991773765216)
(3590, 515.15911388576046)
(3591, 493.05750004853007)
(3592, 495.8317959224803)
(3593, 511.53928577548766)
(3594, 496.49267904020144)
(3595, 495.97745916526429)
(3596, 497.17346895850875)
