(7133, 491.21803527776763)
(7134, 490.67057804324406)
(7135, 495.84408892157421)
(7136, 497.8079738679416)
(7137, 491.04336253656788)
(7138, 490.42423020809724)
(7139, 506.08704019324284)
(7140, 501.89902060705856)
(7141, 497.22070981893978)
(7142, 486.55455715885864)
(7143, 498.50865279299751)
(7144, 498.1458399374614)
(7145, 485.07350043600741)
(7146, 504.71470964731105)
(7147, 490.98652035635928)
(7148, 492.86472505230387)
(7149, 496.09499802469134)
(7150, 490.88536322331402)
(7151, 501.69856322313706)
(7152, 496.60027938524991)
(7153, 503.03581046539034)
(7154, 507.84811974965589)
(7155, 501.91835276694746)
(7156, 492.11361620850494)
(7157, 501.69916718754098)
(7158, 495.24691311764741)
(7159, 502.66243186442603)
(7160, 488.88524841375863)
(7161, 493.07851882567371)
(7162, 495.71442800497437)
(7163, 502.92507004164827)
(7164, 502.83452274339646)
(7165, 494.35377261581482)
(7166, 498.00857348604205)
(7167, 494.79615711614611)
(7168, 506.61487309448495)
(7169, 507.9272836328413)
(7170, 499.61565733182329)
(7171, 499.17653067309755)
(7172, 486.22605432543037)
(7173, 501.69243808577704)
(7174, 493.43953941551626)
(7175, 508.89080753197925)
(7176, 496.60853230871606)
(7177, 490.63308314799212)
(7178, 487.6515282719206)
(7179, 491.63404942664965)
(7180, 487.2065792757702)
(7181, 496.02033788124857)
(7182, 481.65107521434066)
(7183, 482.86372768449985)
(7184, 486.01700455330939)
(7185, 489.96705433702965)
(7186, 494.13110369113917)
(7187, 494.8974789984228)
(7188, 492.92558579994983)
(7189, 480.05507126979137)
(7190, 505.73346935983204)
(7191, 494.04075972395901)
(7192, 494.38043290485803)
(7193, 486.88651135738905)
(7194, 492.60173701053168)
(7195, 488.83352580103605)
(7196, 495.23382564870292)
(7197, 491.80730350517013)
(7198, 507.51597885827709)
(7199, 491.06448162481649)
(7200, 506.67053672842241)
(7201, 500.11172180969106)
(7202, 512.30176906175257)
(7203, 493.97948893078262)
(7204, 498.35953116271753)
(7205, 479.76723853554859)
(7206, 481.87458518779738)
(7207, 495.7834036601048)
(7208, 508.38363003304801)
(7209, 502.17814379309891)
(7210, 503.2681961368354)
(7211, 494.78472021769255)
(7212, 496.23436943444949)
(7213, 497.56579713251131)
(7214, 498.47353533936518)
(7215, 486.99504537766092)
(7216, 497.77814011634729)
(7217, 482.90997162459445)
(7218, 485.64662226787345)
(7219, 504.13991467190209)
(7220, 504.68634662593388)
(7221, 495.39050759220214)
(7222, 483.2078463251712)
(7223, 495.5167951945233)
(7224, 494.93912522801747)
(7225, 503.34010239217866)
(7226, 498.22832389356228)
(7227, 494.71734103990769)
(7228, 495.30221026975619)
(7229, 515.11764232742814)
(7230, 494.88898151531862)
(7231, 506.43742913529206)
(7232, 501.2078494353616)
(7233, 496.64604790639351)
(7234, 496.40843291952046)
(7235, 496.39899580333486)
(7236, 500.78786336794502)
(7237, 503.45224438905797)
(7238, 484.88347386508769)
(7239, 489.86305946595633)
(7240, 486.2409537918935)
(7241, 501.13863816557364)
(7242, 487.45062833236273)
(7243, 498.5587314491213)
(7244, 496.03077629537671)
(7245, 491.55825721423264)
(7246, 495.23825333071818)
(7247, 514.63508789581886)
(7248, 497.46801913358638)
(7249, 490.8308034269262)
(7250, 489.42258949746332)
(7251, 508.58656120743774)
(7252, 497.62017803552953)
(7253, 498.7571478250494)
(7254, 515.40272956248907)
(7255, 498.49302359837492)
(7256, 493.89169119035444)
(7257, 497.51828842687507)
(7258, 506.57765856785738)
(7259, 491.98490464323368)
(7260, 484.27611494364635)
(7261, 498.85687666445665)
(7262, 501.00397229612645)
(7263, 499.30700478447329)
(7264, 499.73946624065718)
(7265, 502.55075064043541)
(7266, 504.49908638226543)
(7267, 502.98113191851087)
(7268, 496.47837031726448)
(7269, 502.91816858152731)
(7270, 487.5133060456015)
(7271, 494.26540286317174)
(7272, 494.51319653436269)
(7273, 488.37356243348052)
(7274, 500.29659192086297)
