(0, 487.04175747351991)
(1, 502.13660797791601)
(2, 503.3626342380752)
(3, 500.9364509040704)
(4, 505.60175577607441)
(5, 502.47084209473223)
(6, 496.49835640345088)
(7, 502.20403983663232)
(8, 486.13805086827699)
(9, 495.66427272579733)
(10, 491.41086244571562)
(11, 496.91735961478912)
(12, 493.7387423886521)
(13, 498.67778426782445)
(14, 495.12684469166743)
(15, 499.87536190483792)
(16, 484.15809631377078)
(17, 485.80278254143309)
(18, 487.80527664658393)
(19, 501.64606087305697)
(20, 500.57940518398539)
(21, 499.57658355719127)
(22, 499.07670912676298)
(23, 505.65022868519486)
(24, 506.74353690509952)
(25, 508.41647527465165)
(26, 488.03704849030464)
(27, 496.4687063744002)
(28, 492.2004185409487)
(29, 499.85205030868326)
(30, 505.0192963476909)
(31, 488.11668289094803)
(32, 498.18827735035308)
(33, 500.83055489390239)
(34, 492.63681655445725)
(35, 502.60027695403306)
(36, 488.0866077873805)
(37, 500.0771822642389)
(38, 490.07433125419345)
(39, 495.66256901191099)
(40, 496.53522891705649)
(41, 494.35049658422201)
(42, 497.49062586675234)
(43, 477.51668962328461)
(44, 497.23683510411661)
(45, 490.10382008969276)
(46, 503.4133910005396)
(47, 513.13472029448928)
(48, 496.90936544637782)
(49, 503.62482922871868)
(50, 497.72193315577192)
(51, 495.70817948922729)
(52, 491.93446244354374)
(53, 491.59633938758213)
(54, 505.73537612984768)
(55, 500.97144152582757)
(56, 484.14169015299888)
(57, 491.20493363452852)
(58, 501.22760565440018)
(59, 479.93842374186016)
(60, 496.07649564231951)
(61, 493.8791601073475)
(62, 494.13401791200528)
(63, 496.44223261485865)
(64, 499.38464947063903)
(65, 495.94243122662891)
(66, 496.91491737042139)
(67, 498.98981260844107)
(68, 508.19699790211109)
(69, 496.20206361491967)
(70, 487.4024909259964)
(71, 489.58911063723951)
(72, 487.41822940683824)
(73, 503.19418606538693)
(74, 499.46878635244394)
(75, 498.7696821433334)
(76, 495.14435381674303)
(77, 502.23363031017641)
(78, 500.24712701383964)
(79, 496.77440728997362)
(80, 493.4208016772269)
(81, 486.01695173428925)
(82, 485.64437725127402)
(83, 500.02349101500135)
