(6304, 495.21532531343007)
(6305, 490.58278060047354)
(6306, 484.99661878033271)
(6307, 494.73655655277423)
(6308, 498.49090388878864)
(6309, 491.95270595947136)
(6310, 493.84671823575479)
(6311, 496.27246814520163)
(6312, 481.451009002928)
(6313, 493.9476999126498)
(6314, 483.35930811589037)
(6315, 495.54626064586546)
(6316, 485.70510718491232)
(6317, 499.41698533347147)
(6318, 503.21923848603268)
(6319, 492.07149873207447)
(6320, 498.7592660780374)
(6321, 497.67882891374745)
(6322, 497.63639870601321)
(6323, 494.36267602628777)
(6324, 498.81607233704187)
(6325, 489.72587124502371)
(6326, 497.62964442497793)
(6327, 517.62262792001911)
(6328, 488.513147045952)
(6329, 502.57900481238812)
(6330, 494.77322023550664)
(6331, 490.68398207351618)
(6332, 512.58980160311023)
(6333, 508.84387364142901)
(6334, 505.72886181287186)
(6335, 500.30847767389741)
(6336, 483.05443315610057)
(6337, 495.67636246676977)
(6338, 495.56004216938021)
(6339, 491.43190705530549)
(6340, 498.20201190638994)
(6341, 493.65059744150773)
(6342, 488.50634374451113)
(6343, 494.55708860428501)
(6344, 493.98900655524199)
(6345, 487.22113189579403)
(6346, 488.94426365853462)
(6347, 488.17553350777553)
(6348, 486.49379539546806)
(6349, 497.54167595425417)
(6350, 493.54478006603398)
(6351, 493.09124526691312)
(6352, 490.71183719228657)
(6353, 483.90534418304799)
(6354, 491.15334379199794)
(6355, 502.36047456780977)
(6356, 493.70219785913139)
(6357, 494.39810575354329)
(6358, 490.22098266602882)
(6359, 479.4131420354588)
(6360, 501.52805956847715)
(6361, 501.34683599632967)
(6362, 494.15745711550676)
(6363, 490.95742094525616)
(6364, 503.88170722614871)
(6365, 496.60716301312914)
(6366, 500.90260351019748)
(6367, 499.98696833075593)
(6368, 497.4381588659802)
(6369, 483.14734926512426)
(6370, 505.38487893876237)
(6371, 488.27583156498576)
(6372, 498.76895419141687)
(6373, 490.05176701439427)
(6374, 497.96754861152459)
(6375, 495.57164086266135)
(6376, 486.80921111237456)
(6377, 503.06222218495145)
(6378, 491.82575872896086)
(6379, 489.98694865863951)
(6380, 496.32845661673923)
(6381, 491.14438615887684)
(6382, 491.38034769209605)
(6383, 501.02733228180085)
(6384, 496.60096227310538)
(6385, 491.32234558479627)
(6386, 485.47410275593234)
(6387, 497.23971753553042)
(6388, 500.06183718573817)
(6389, 499.35675390919494)
(6390, 480.50288124481739)
(6391, 492.96320885548391)
(6392, 489.43430235441662)
(6393, 498.65667010988028)
(6394, 492.78098544573652)
(6395, 500.01307064243838)
(6396, 490.57331197029828)
(6397, 502.9350415717031)
(6398, 481.13777095962848)
(6399, 491.70053405675378)
(6400, 494.32509878875146)
(6401, 479.1625857582336)
(6402, 509.14211956696039)
(6403, 498.98299397384551)
(6404, 493.71684175828403)
(6405, 492.87455391326966)
(6406, 494.97964134530383)
(6407, 497.59341451282813)
(6408, 507.31899543701735)
(6409, 501.46941432679756)
(6410, 512.43193107181264)
(6411, 511.24008092591737)
(6412, 505.43903111317564)
(6413, 491.45013953991099)
(6414, 493.53171204117223)
(6415, 500.82989785086221)
(6416, 495.0777801405867)
(6417, 501.6259710994662)
(6418, 493.51240582847845)
(6419, 484.16915275143043)
(6420, 497.6249305908164)
(6421, 503.3204885776795)
(6422, 495.27323156384563)
