(3183, 518.44620440037988)
(3184, 497.67768651747781)
(3185, 502.96789850478012)
(3186, 489.70667182158036)
(3187, 487.68923274670988)
(3188, 494.30892584509752)
(3189, 498.69178509042291)
(3190, 497.2721520931849)
(3191, 498.88496208550742)
(3192, 494.55711882553692)
(3193, 509.81914289601406)
(3194, 496.74794941999858)
(3195, 491.70500937836243)
(3196, 498.53910892792106)
(3197, 491.50270721320175)
(3198, 511.57179047229516)
(3199, 497.67588334179675)
(3200, 487.87843121349681)
(3201, 498.55692483197049)
(3202, 486.51064266514317)
(3203, 504.50084168758377)
(3204, 484.97180601395894)
(3205, 489.30976661322416)
(3206, 496.64227240932894)
(3207, 508.11112394214643)
(3208, 501.59860552624639)
(3209, 490.64428195425722)
(3210, 503.50299389862414)
(3211, 505.74061439536524)
(3212, 493.65993444586547)
(3213, 505.38286824298041)
(3214, 491.3179980032873)
(3215, 487.87080734935302)
(3216, 483.08005208991233)
(3217, 498.91615472231263)
(3218, 492.88095677504089)
(3219, 492.6426904214581)
(3220, 488.5640173596762)
(3221, 495.68386721831138)
(3222, 490.75681747475051)
(3223, 498.51981074144464)
(3224, 513.42936984430264)
(3225, 487.43739447872247)
(3226, 486.42332727793291)
(3227, 488.53059879321836)
(3228, 486.56007277423805)
(3229, 482.07798825753497)
(3230, 492.99551413747389)
(3231, 494.89087682251386)
(3232, 496.2002960509509)
(3233, 496.1551935856009)
(3234, 488.6196057996371)
(3235, 486.30620495975882)
(3236, 492.99368869750833)
(3237, 499.01902722662692)
(3238, 493.43782626305631)
(3239, 493.20091610925056)
(3240, 497.35488706156912)
(3241, 497.21824630058097)
(3242, 497.51841575429529)
(3243, 488.70684042727669)
(3244, 490.15324138357323)
(3245, 493.66109890497194)
(3246, 504.51345287740423)
(3247, 501.7152622642966)
(3248, 498.6421844555656)
(3249, 498.73354715152038)
(3250, 497.03544880058917)
(3251, 491.76836820852986)
(3252, 504.40956748352005)
(3253, 497.75168404908976)
(3254, 488.90569209149703)
(3255, 504.42805969614301)
(3256, 495.46025426053217)
(3257, 487.02751030026798)
(3258, 489.85679369550121)
(3259, 492.99618525701544)
(3260, 483.13936257707815)
(3261, 497.25901659815662)
(3262, 498.64999663374624)
(3263, 506.3576870672826)
(3264, 507.67750041593399)
(3265, 495.3131820700043)
(3266, 496.1215430904623)
(3267, 498.23302363641221)
(3268, 476.52510968007812)
(3269, 495.75389459704076)
(3270, 503.34253207545794)
(3271, 490.54123967065806)
(3272, 497.37516482343938)
(3273, 493.82210353163123)
(3274, 511.7077994732424)
(3275, 495.94846224767406)
(3276, 490.91098896370789)
(3277, 482.53190478962841)
(3278, 505.81052156532206)
(3279, 497.47932190258126)
(3280, 487.87073977566877)
(3281, 492.46077598211178)
(3282, 487.88582923281183)
(3283, 487.34804245582689)
(3284, 497.90205875366826)
(3285, 493.35910956699917)
(3286, 488.50228083249044)
(3287, 503.67700775955348)
(3288, 493.87489373627199)
(3289, 487.84675584439606)
(3290, 485.37324374281081)
(3291, 499.15757294674017)
(3292, 489.57931719166652)
(3293, 499.15371307051629)
(3294, 496.31443553895906)
(3295, 504.03953641143357)
(3296, 491.92227213991134)
(3297, 493.86061650937393)
(3298, 485.42563424697755)
(3299, 494.93134837072341)
(3300, 488.01720787950563)
(3301, 495.26838926063618)
(3302, 479.88469972414077)
(3303, 499.36498952495356)
(3304, 506.0989786736269)
(3305, 501.1816886412829)
(3306, 504.01099999848429)
(3307, 497.58257929351157)
(3308, 505.92956228067186)
(3309, 495.26774188099432)
(3310, 485.69903989056098)
(3311, 505.44042321052933)
(3312, 493.5783253107212)
(3313, 501.32027558480411)
(3314, 498.10534228778613)
(3315, 496.83172190946561)
(3316, 488.48303215126521)
(3317, 510.19828761332019)
