(5475, 493.00473812206684)
(5476, 493.42354929764372)
(5477, 490.28007401924623)
(5478, 485.05472314209396)
(5479, 477.99050766576761)
(5480, 504.78361273225067)
(5481, 500.30134847768807)
(5482, 499.1072454948071)
(5483, 489.58950055418359)
(5484, 494.29293662155214)
(5485, 500.37186011228198)
(5486, 493.14569917872279)
(5487, 490.47671212822905)
(5488, 500.69749840166958)
(5489, 516.17366044951518)
(5490, 490.85893246473756)
(5491, 487.6603781780945)
(5492, 495.04560812679767)
(5493, 497.63732788272318)
(5494, 492.39061030098901)
(5495, 506.02431259151501)
(5496, 505.42412667273624)
(5497, 480.64338340730302)
(5498, 491.85616099101753)
(5499, 512.07546743577643)
(5500, 496.74651378373608)
(5501, 494.0475310043966)
(5502, 499.86678001677973)
(5503, 499.38163824516255)
(5504, 502.62587033777004)
(5505, 503.70907485167356)
(5506, 501.58024655589907)
(5507, 496.08852210157187)
(5508, 493.81198033638526)
(5509, 499.43784957885305)
(5510, 495.32503231370674)
(5511, 495.16129494285428)
(5512, 504.43818836196306)
(5513, 498.71727737274256)
(5514, 513.29518167820856)
(5515, 500.29714782163251)
(5516, 505.06539872775699)
(5517, 479.57856541366959)
(5518, 485.92138692869548)
(5519, 509.05203772363637)
(5520, 495.79271589687193)
(5521, 495.53009243677792)
(5522, 499.18323345898216)
(5523, 483.35719183476567)
(5524, 501.16045040109356)
(5525, 491.72697198959537)
(5526, 487.1741155218661)
(5527, 501.16182867076799)
(5528, 495.81369505616345)
(5529, 497.67299734341293)
(5530, 496.80684402714041)
(5531, 491.17118345104421)
(5532, 491.69956968730236)
(5533, 514.80770607642489)
(5534, 505.08332553257048)
(5535, 481.12332156565515)
(5536, 504.18443557669264)
(5537, 496.00612278471874)
(5538, 506.13225990021823)
(5539, 509.89786951460485)
(5540, 494.06539569658997)
(5541, 504.15183085422098)
(5542, 491.36971126586673)
(5543, 499.90044395140603)
(5544, 493.86370672454206)
(5545, 505.8780878299508)
(5546, 507.2795203366893)
(5547, 486.33585802016404)
(5548, 484.87038799287109)
(5549, 489.53070590801281)
(5550, 504.32164441749586)
(5551, 490.41228679607576)
(5552, 498.73188882229238)
(5553, 493.19834533531042)
(5554, 491.57396326980813)
(5555, 487.05745964472453)
(5556, 485.19496121006057)
(5557, 499.42923283627317)
(5558, 487.81507860148548)
(5559, 501.70492039880435)
(5560, 501.96340047952003)
(5561, 499.71517723450881)
(5562, 493.88240360556938)
(5563, 492.14773504770699)
(5564, 493.89477004302148)
(5565, 481.73427446174276)
(5566, 489.80559051272076)
(5567, 502.09114366852805)
(5568, 495.07949576431645)
(5569, 492.03708222883398)
(5570, 493.06496861359943)
(5571, 492.57034506299289)
(5572, 486.46852138373731)
(5573, 497.21747570514475)
(5574, 488.68246445075238)
(5575, 495.94157280649)
(5576, 506.34509371843836)
(5577, 494.9865069643277)
(5578, 493.93534489990304)
(5579, 488.95980464241359)
(5580, 496.16330556380308)
(5581, 488.59231888753084)
(5582, 492.95014887467784)
(5583, 494.46387123656831)
(5584, 502.31913146651891)
(5585, 477.87715598433681)
(5586, 490.65987020586607)
(5587, 493.43312211810587)
(5588, 499.62310107871411)
(5589, 504.07264098067509)
(5590, 505.01645152528386)
(5591, 493.32923805887469)
(5592, 499.33103200142511)
(5593, 488.77935284070082)
(5594, 487.90473669256323)
(5595, 504.27466705725953)
