(3318, 499.07727415720467)
(3319, 492.68254794383392)
(3320, 496.04639089063664)
(3321, 508.14626448320729)
(3322, 491.58477796432197)
(3323, 502.53541514467412)
(3324, 501.59452977766688)
(3325, 501.10617925988947)
(3326, 495.21053365235184)
(3327, 482.58929682657202)
(3328, 502.90634050327429)
(3329, 510.28555683448093)
(3330, 493.9272476039572)
(3331, 508.19979201878817)
(3332, 496.87854124577268)
(3333, 489.41314987924312)
(3334, 496.28309247065062)
(3335, 490.85580407178782)
(3336, 495.48085678439509)
(3337, 495.97811862015374)
(3338, 505.1079812522222)
(3339, 498.6570392309132)
(3340, 496.28300733651798)
(3341, 493.36746631000238)
(3342, 489.66208890093503)
(3343, 505.80885558749878)
(3344, 482.4684130314576)
(3345, 492.52961688309597)
(3346, 486.89483058721521)
(3347, 502.86822195530203)
(3348, 491.02959830980478)
(3349, 501.14218459625818)
(3350, 481.20367684475764)
(3351, 489.8055423546524)
(3352, 501.22848056841275)
(3353, 493.79156934990777)
(3354, 487.55128614587341)
(3355, 483.52269352444421)
(3356, 500.43514507404416)
(3357, 493.96823856736285)
(3358, 513.46681858566831)
(3359, 490.27839442622519)
(3360, 490.22116452207121)
(3361, 491.92589422996946)
(3362, 497.95558983369028)
(3363, 494.27082516749931)
(3364, 498.99676144986654)
(3365, 491.80032874488791)
(3366, 500.94794261563408)
(3367, 509.00689566014648)
(3368, 506.80925463286712)
(3369, 506.25640951268161)
(3370, 515.39481579846938)
(3371, 499.11025702490787)
(3372, 502.67144830503651)
(3373, 485.60599791738332)
(3374, 501.61009924767689)
(3375, 499.43929815526565)
(3376, 488.63712301217504)
(3377, 494.51546544809833)
(3378, 492.25158499253871)
(3379, 495.96832152913828)
(3380, 498.47100792325784)
(3381, 493.15176945910321)
(3382, 500.34838319920897)
(3383, 474.64101283598831)
(3384, 507.79353787577315)
(3385, 501.38239903395828)
(3386, 499.8187278426343)
(3387, 488.69667137249462)
(3388, 500.01262084846206)
(3389, 511.74426329647599)
(3390, 496.12926718852071)
(3391, 504.10256323487999)
(3392, 507.32732460186372)
(3393, 504.82361027105162)
(3394, 503.20402668807816)
(3395, 507.6562636771032)
(3396, 489.6029958273715)
(3397, 491.84213024153212)
(3398, 503.15538170950163)
(3399, 493.13598290250678)
(3400, 497.14868988979867)
(3401, 505.54928041206574)
(3402, 489.98515241226653)
(3403, 501.89502460077534)
(3404, 489.09548904479811)
(3405, 503.62756720785774)
(3406, 491.1628148916601)
(3407, 497.53968047724135)
(3408, 478.29127508864536)
(3409, 497.81169124649432)
(3410, 501.36027855788029)
(3411, 501.65640570661145)
(3412, 495.68737181452684)
(3413, 505.1083796360536)
(3414, 494.35660325311483)
(3415, 510.12020984498645)
(3416, 498.1928895457865)
(3417, 492.21485838112147)
(3418, 497.38415061179103)
(3419, 487.09241306582101)
(3420, 498.41778757282202)
(3421, 486.55127705578013)
(3422, 501.37661941102772)
