(7038, 491.57079690584425)
(7039, 496.42850931695068)
(7040, 488.48524714392613)
(7041, 495.24605400336702)
(7042, 503.79902087848052)
(7043, 508.92299044755976)
(7044, 491.7173323979946)
(7045, 507.14128365801139)
(7046, 487.92751703859335)
(7047, 503.90011461626875)
(7048, 503.48540725712019)
(7049, 505.64299214976438)
(7050, 487.73631771273051)
(7051, 488.48828414631691)
(7052, 506.09353361967857)
(7053, 495.74464591723103)
(7054, 494.17204945497389)
(7055, 496.59357872306799)
(7056, 499.23110083579172)
(7057, 491.86702324344282)
(7058, 506.10376660376841)
(7059, 498.04860820866446)
(7060, 512.44511361259038)
(7061, 494.44654178265671)
(7062, 516.78763291269502)
(7063, 489.31530165137355)
(7064, 497.46230500331592)
(7065, 504.71004077913307)
(7066, 495.5651178147524)
(7067, 500.07789857739226)
(7068, 500.39452302459898)
(7069, 508.51325868852871)
(7070, 491.73642724356284)
(7071, 497.69030984253351)
(7072, 504.7497999764056)
(7073, 491.15090346697559)
(7074, 495.47660094576963)
(7075, 496.56115707853695)
(7076, 480.8327967036289)
(7077, 501.94298155968613)
(7078, 507.21571403338243)
(7079, 502.23913763329045)
(7080, 497.42455648947612)
(7081, 492.94726422390693)
(7082, 496.24021345636021)
(7083, 496.05146471561704)
(7084, 511.37418713906749)
(7085, 494.24572051270343)
(7086, 501.82438610705759)
(7087, 489.40150671320851)
(7088, 494.95219389253316)
(7089, 491.0689762486079)
(7090, 494.63110901629398)
(7091, 491.09862097006726)
(7092, 481.11453758829123)
(7093, 483.62042203842179)
(7094, 501.42239938338412)
(7095, 506.51160972423821)
(7096, 504.48751862760872)
(7097, 501.63453764336839)
(7098, 499.12513875641531)
(7099, 499.05556512309943)
(7100, 490.94868519358249)
(7101, 500.20519233421157)
(7102, 497.8836298437019)
(7103, 503.52083485437333)
(7104, 492.05136319138194)
(7105, 501.00466093083105)
(7106, 498.52026374883286)
(7107, 492.11216057838158)
(7108, 510.14031555293525)
(7109, 502.46405752602237)
(7110, 485.68200286498399)
(7111, 495.0266738185752)
(7112, 486.68576721900001)
(7113, 494.26904030406502)
(7114, 481.67272936372581)
(7115, 498.5833187412685)
(7116, 502.44635115000801)
(7117, 512.36199791495562)
(7118, 498.47820444761362)
(7119, 505.03731111819519)
(7120, 491.44247260664508)
(7121, 494.48780494787678)
(7122, 498.22879761916289)
(7123, 498.8720115710322)
(7124, 497.93417864597643)
(7125, 510.04835180405496)
(7126, 490.27844519567486)
(7127, 485.73449708461396)
(7128, 505.51890130387312)
(7129, 493.48867079387458)
(7130, 485.03067849616747)
(7131, 497.13211479558203)
(7132, 492.45558580386557)
