(2897, 503.35992816380741)
(2898, 486.75664404718964)
(2899, 494.77855742423168)
(2900, 504.66284176183996)
(2901, 498.37820662727444)
(2902, 493.49332826770723)
(2903, 509.28251801939507)
(2904, 487.06591961515539)
(2905, 503.89371471573833)
(2906, 492.32728574144073)
(2907, 501.9342621347588)
(2908, 510.44529787442048)
(2909, 496.06897159151328)
(2910, 495.80082699825937)
(2911, 499.89783119710563)
(2912, 497.45421632758473)
(2913, 498.18145697469652)
(2914, 499.23381901359647)
(2915, 510.26945610572568)
(2916, 495.91309166229757)
(2917, 483.84766641404826)
(2918, 495.89299611231684)
(2919, 493.31929031497214)
(2920, 509.08480696728043)
(2921, 502.31009946415969)
(2922, 489.18250780088835)
(2923, 489.768076030624)
(2924, 491.77916062455569)
(2925, 508.87878883290603)
(2926, 492.27356128435667)
(2927, 490.55386715050361)
(2928, 493.66446212490558)
(2929, 488.7069501354311)
(2930, 502.41966222899703)
(2931, 498.82349016708167)
(2932, 503.37886355351429)
(2933, 475.37112727872005)
(2934, 496.91871670714966)
(2935, 501.51076976463764)
(2936, 499.93050728187501)
(2937, 497.788733740635)
(2938, 483.68192273429327)
(2939, 487.47785732729602)
(2940, 497.50312813677726)
(2941, 490.88796539903626)
(2942, 503.67704666999043)
(2943, 508.65800806426228)
(2944, 494.55577915062429)
(2945, 497.69899612931209)
(2946, 502.66769003610807)
(2947, 495.12299853516151)
(2948, 501.72812844412994)
(2949, 499.34268323427045)
(2950, 491.6617217993408)
(2951, 493.23354510721146)
(2952, 504.20934299378706)
(2953, 488.4540221728987)
(2954, 501.91392422151802)
(2955, 504.64436873929037)
(2956, 501.58631584919243)
(2957, 504.67324823964901)
(2958, 493.40767294156888)
(2959, 500.1231337367326)
(2960, 485.74755365406355)
(2961, 493.13688714452235)
(2962, 496.78699322172349)
(2963, 484.02795026383029)
(2964, 499.0329009466513)
(2965, 508.75416883670124)
(2966, 503.47297962791464)
(2967, 505.86542485390976)
(2968, 497.76406932333146)
(2969, 499.04128023394276)
(2970, 494.75379969668688)
(2971, 492.00213871969027)
(2972, 506.55741827573058)
(2973, 490.10528963890022)
(2974, 502.23547503088514)
(2975, 499.22583079172773)
(2976, 475.46348354996968)
(2977, 496.85006265554745)
(2978, 490.65996013669729)
(2979, 507.15939521179297)
(2980, 492.35191319769609)
(2981, 494.95568414909883)
(2982, 486.43333067448634)
(2983, 494.15241497707211)
(2984, 496.27119394010265)
(2985, 493.62602864764227)
(2986, 505.1182597855389)
(2987, 501.37302139177029)
(2988, 486.15046465574073)
(2989, 504.43624927243843)
(2990, 500.5434149426024)
(2991, 476.79783520150698)
(2992, 499.00244188430167)
(2993, 494.01926523641623)
(2994, 500.2579178547453)
(2995, 488.13196743669948)
(2996, 489.96448590358921)
(2997, 497.75881175398598)
(2998, 495.87966849150439)
(2999, 516.71640449165352)
(3000, 495.98730707424914)
(3001, 492.56936610254115)
(3002, 490.78585971206331)
(3003, 490.92942215542541)
(3004, 499.23188832912945)
(3005, 503.21340416100441)
(3006, 510.94094739308758)
(3007, 493.69917475290754)
(3008, 503.97216332911205)
(3009, 496.15912085990834)
(3010, 481.67806160784784)
(3011, 490.80225341925637)
(3012, 491.21482997601419)
(3013, 484.68275844768175)
(3014, 506.10699269711017)
(3015, 506.11852426409138)
(3016, 494.10584730199463)
(3017, 492.61655626634263)
(3018, 504.08613114195384)
(3019, 499.02068898708529)
(3020, 502.94757495927843)
(3021, 499.42296067565002)
(3022, 501.60475973778472)
(3023, 493.89901655519697)
(3024, 491.72290585585847)
(3025, 489.97466563569674)
(3026, 491.77622961031898)
(3027, 502.09379707517974)
(3028, 494.98515464733805)
(3029, 503.17353524795283)
(3030, 499.39239677307899)
(3031, 505.02152577350176)
(3032, 495.30462131096812)
