(9640, 489.72648156948412)
(9641, 484.9379714182532)
(9642, 504.84969155052988)
(9643, 497.13395095602039)
(9644, 500.75295961425104)
(9645, 490.76910466411903)
(9646, 492.19603572632991)
(9647, 504.07502665865144)
(9648, 499.55626639797549)
(9649, 486.71757828531429)
(9650, 490.89196746372841)
(9651, 481.35035212528953)
(9652, 481.89264192162682)
(9653, 497.82471509612026)
(9654, 510.18338968608964)
(9655, 504.73251471737024)
(9656, 497.79367954367439)
(9657, 485.50313162469507)
(9658, 486.09965485857242)
(9659, 505.80635897122613)
(9660, 500.9701361876767)
(9661, 498.86425292348156)
(9662, 492.94939762176159)
(9663, 495.0318516622367)
(9664, 513.77680069343421)
(9665, 499.41372732467977)
(9666, 505.37011005327776)
(9667, 488.90789369033627)
(9668, 506.49904114912152)
(9669, 501.75050361121561)
(9670, 495.03316632081061)
(9671, 499.81499729409921)
(9672, 482.4923497921435)
(9673, 479.50623903315773)
(9674, 495.63189303774152)
(9675, 491.80242520095743)
(9676, 492.15613419387125)
(9677, 502.41877703009754)
(9678, 489.83512824400157)
(9679, 493.88139199227976)
(9680, 490.64032764324634)
(9681, 490.29002163769576)
(9682, 490.28517294098526)
(9683, 497.94664010906331)
(9684, 494.50880564428672)
(9685, 494.17822158144241)
(9686, 499.5608962771189)
(9687, 504.7987236594434)
(9688, 499.44829183668105)
(9689, 487.53695377087422)
(9690, 503.83233930567758)
(9691, 503.49901662128093)
(9692, 501.80816300844026)
(9693, 503.2847549147923)
(9694, 512.01040815504916)
(9695, 489.394943646591)
(9696, 494.16071034679669)
(9697, 487.61272084674158)
(9698, 486.47859854123607)
(9699, 509.46993952211966)
(9700, 496.33124393029351)
(9701, 501.13595482224559)
(9702, 490.45235200095476)
(9703, 495.56879632057405)
(9704, 495.11882883804026)
(9705, 497.40890444950122)
(9706, 492.22521687346733)
(9707, 487.92047270039683)
(9708, 492.59364761349417)
(9709, 490.69030541096834)
(9710, 491.07390870490167)
(9711, 503.10954895368832)
(9712, 504.90637043849199)
(9713, 499.55611809592688)
(9714, 500.36375363131617)
(9715, 495.23085426233172)
(9716, 501.42022839599588)
(9717, 485.39567186113158)
(9718, 501.81170705253538)
(9719, 507.54261487750512)
(9720, 501.9032997598357)
(9721, 494.88757692409911)
(9722, 507.96633310502631)
(9723, 495.5957684657169)
(9724, 505.842164444932)
(9725, 500.49402929005618)
(9726, 491.90445806955256)
(9727, 493.36051961620251)
(9728, 503.58833812661629)
(9729, 495.61066569478362)
(9730, 484.57032515143021)
(9731, 491.05270141736474)
(9732, 491.58161766286855)
(9733, 500.98573223123827)
(9734, 500.39628511685049)
(9735, 500.86273869870752)
(9736, 498.09073158133788)
(9737, 496.79392211986948)
(9738, 491.76418895553115)
(9739, 506.40524178898806)
(9740, 496.97534789899851)
(9741, 508.34472111388516)
(9742, 495.28579807120002)
(9743, 498.26299871440926)
(9744, 500.19410106429132)
(9745, 502.73696895722583)
(9746, 499.75722472044492)
(9747, 500.14331482295302)
(9748, 485.64030833612998)
(9749, 504.35387859771379)
(9750, 503.31308247504404)
(9751, 489.26712481317458)
(9752, 498.95585994133228)
(9753, 500.02211398650115)
(9754, 491.15160620656297)
(9755, 493.40606196373847)
(9756, 504.04678081412106)
(9757, 494.93766895457588)
(9758, 485.70060257379561)
(9759, 504.3779834009415)
(9760, 495.58182945379923)
(9761, 485.60376640153567)
(9762, 502.87217839241487)
(9763, 497.03396663218081)
(9764, 499.37744246718512)
(9765, 508.91030538969096)
(9766, 506.52837526105486)
(9767, 489.94359291867499)
(9768, 499.62918702957603)
(9769, 502.21928525463022)
(9770, 487.43598954137713)
(9771, 501.39242599343987)
(9772, 496.54675544664087)
(9773, 487.40489645833134)
(9774, 490.04268565007385)
(9775, 487.48789184501663)
(9776, 483.42651008933871)
(9777, 490.90272179940354)
(9778, 501.71890166574082)
(9779, 502.599265383393)
(9780, 504.78626339891048)
(9781, 505.77194548468265)
(9782, 487.73439034208604)
(9783, 498.32480575372279)
(9784, 496.50299778053193)
(9785, 498.52453908049074)
(9786, 488.0569049017131)
(9787, 498.60750371624118)
(9788, 493.53876915693144)
(9789, 496.39294743023078)
(9790, 487.52393664179135)
(9791, 485.89366037369643)
(9792, 520.81291539690699)
(9793, 506.81204671013103)
(9794, 498.83452169834879)
(9795, 489.75443637657906)
(9796, 488.75625178924258)
(9797, 489.45917837714705)
(9798, 499.01106927514428)
(9799, 502.82661398239605)
(9800, 498.2405556348881)
(9801, 484.78098016184288)
(9802, 517.49294406673118)
(9803, 494.35821861154534)
(9804, 511.06624615775303)
(9805, 490.68834055662876)
(9806, 493.81303764502888)
(9807, 490.80867809356562)
(9808, 497.79216739886721)
(9809, 500.43959895136538)
(9810, 505.77801866695188)
(9811, 505.34887337641715)
(9812, 493.48007265569356)
(9813, 501.27583173652852)
(9814, 481.56088785397378)
(9815, 510.57284010987354)
(9816, 495.21329143021239)
(9817, 502.17251579825484)
(9818, 503.25531182304331)
(9819, 496.64169714397434)
(9820, 495.81746751009257)
(9821, 495.61926423862133)
(9822, 496.03222874070525)
(9823, 495.92274611227185)
(9824, 492.22106492284945)
(9825, 509.65033763918223)
(9826, 474.77830299459333)
(9827, 488.72778423032617)
(9828, 505.551562213176)
(9829, 496.04374954952863)
(9830, 498.00324819478317)
(9831, 497.3776157395007)
(9832, 504.27890583893213)
(9833, 498.74360692314883)
(9834, 502.05648203823694)
