(9835, 510.11302377766231)
(9836, 490.76410675589136)
(9837, 492.92351217817691)
(9838, 493.23775502694991)
(9839, 493.31236932048091)
(9840, 495.91213649944046)
(9841, 494.62225005461386)
(9842, 494.49258911146381)
(9843, 483.6547956831788)
(9844, 499.57201377438713)
(9845, 481.83820396588953)
(9846, 488.81140644796903)
(9847, 500.78910685773803)
(9848, 502.12566523562043)
(9849, 492.8557394967155)
(9850, 495.81782463016799)
(9851, 499.82463416213864)
(9852, 503.76892501975374)
(9853, 487.21174400884757)
(9854, 505.47753530727505)
(9855, 494.20821192171491)
(9856, 494.32585296190786)
(9857, 496.02237335328192)
(9858, 493.09594751918286)
(9859, 493.57790794344362)
(9860, 490.42796348481056)
(9861, 503.15026855159226)
(9862, 491.28471721452752)
(9863, 495.81744608895258)
(9864, 490.07502680305186)
(9865, 492.02442809725858)
(9866, 497.83706889135908)
(9867, 497.86800814685762)
(9868, 492.99686956382038)
(9869, 503.13178616316821)
(9870, 494.04812233642662)
(9871, 499.97201422419585)
(9872, 512.10439922393675)
(9873, 487.67845921600986)
(9874, 496.35404961645798)
(9875, 487.83634632430949)
(9876, 502.2735205263981)
(9877, 503.49947950566343)
(9878, 517.412174388739)
(9879, 494.84896673201104)
(9880, 482.61070728827741)
(9881, 497.19525772233783)
(9882, 503.19100043760517)
(9883, 490.42622952579558)
(9884, 495.28177151716244)
(9885, 497.92846565712728)
(9886, 487.25604022295875)
(9887, 492.3771550921137)
(9888, 492.74281982246714)
(9889, 492.22486814308201)
(9890, 499.39187177908661)
(9891, 484.96201093563354)
(9892, 492.38240417369468)
(9893, 483.26164746704438)
(9894, 493.14442688220799)
(9895, 501.49743242861564)
(9896, 495.73408025954171)
(9897, 494.78654550523743)
(9898, 497.37512769775793)
(9899, 500.74166582716168)
(9900, 487.33000667940678)
(9901, 495.20709242803264)
(9902, 477.76467554090425)
(9903, 499.14818216157687)
(9904, 495.63951005771668)
(9905, 498.60117109980519)
(9906, 499.37364994159549)
(9907, 481.17693148438002)
(9908, 508.49820887006041)
(9909, 492.24053914879539)
(9910, 489.32007674310171)
(9911, 492.68299710767485)
(9912, 500.26626487536646)
(9913, 507.66860312125056)
(9914, 498.28711563735635)
(9915, 501.03002284185379)
(9916, 497.50938568962238)
(9917, 491.15115761593563)
(9918, 496.37899536751121)
(9919, 494.0307490204807)
(9920, 499.47582629588715)
(9921, 498.84272161161175)
(9922, 491.75907135265646)
(9923, 488.73997326461347)
(9924, 500.58940519613009)
(9925, 491.67316705060682)
(9926, 499.05117010677685)
(9927, 488.51270663179281)
(9928, 498.08736757672636)
(9929, 495.12925806521162)
(9930, 502.53216817612821)
(9931, 491.65994561744316)
(9932, 501.21820712747399)
(9933, 495.05432244134818)
(9934, 494.92070655305366)
(9935, 495.32406990638879)
(9936, 504.74570812507034)
(9937, 510.42988888284879)
(9938, 498.89616247761785)
(9939, 485.90250805043627)
(9940, 496.14334786935058)
(9941, 496.13401281817528)
(9942, 501.53995403577085)
(9943, 497.21060450873773)
(9944, 503.22831416111217)
(9945, 499.05286662182766)
(9946, 485.86447768786218)
(9947, 508.96187468716209)
(9948, 496.20830408348513)
(9949, 493.50831356479733)
(9950, 495.60389244560918)
(9951, 489.28590163758554)
(9952, 503.47248032279788)
(9953, 501.86380099068742)
(9954, 500.00799067813966)
(9955, 491.3369795241349)
(9956, 500.01654643962252)
(9957, 469.25198865584633)
(9958, 500.42320058215421)
(9959, 485.85090750167262)
(9960, 482.97981419268859)
(9961, 503.37544407976441)
(9962, 475.42952726186877)
(9963, 505.51819298721415)
(9964, 491.28047875558093)
(9965, 498.68800226556152)
(9966, 488.57419470073359)
(9967, 505.5793002167693)
(9968, 502.515122124181)
(9969, 491.01263368028799)
(9970, 490.49061494623322)
(9971, 486.79816987680277)
(9972, 492.74542447460334)
(9973, 494.020231645899)
(9974, 491.92379748651206)
(9975, 482.07030215126457)
(9976, 498.59527650136079)
(9977, 507.45653389971659)
(9978, 498.37113968050159)
(9979, 499.53120603674063)
(9980, 496.59497820370234)
(9981, 502.80390599011105)
(9982, 491.51230375704239)
(9983, 491.5769006694718)
(9984, 507.4669660768036)
(9985, 496.35652616815094)
(9986, 497.56619167086683)
(9987, 493.51723183756229)
(9988, 505.22580843450442)
(9989, 500.53252131305169)
(9990, 483.94915051889302)
(9991, 497.12382348952144)
(9992, 496.78108530533643)
(9993, 503.11658317169088)
(9994, 495.13826385578972)
(9995, 500.97945151265287)
(9996, 489.20523277335394)
(9997, 494.47786168163208)
(9998, 496.93707703224879)
(9999, 490.88231407673368)
