(6423, 493.84238431337013)
(6424, 499.01303865011801)
(6425, 492.05316968160901)
(6426, 502.93649305917597)
(6427, 507.61489169982826)
(6428, 497.74711207737892)
(6429, 501.6239739290188)
(6430, 495.02629298193756)
(6431, 495.68958907845519)
(6432, 502.55761032702947)
(6433, 497.56115643931747)
(6434, 504.4002562319796)
(6435, 505.67136592293372)
(6436, 504.12049579443584)
(6437, 495.09388642408192)
(6438, 502.70235604245431)
(6439, 503.28719140133126)
(6440, 497.77412450578748)
(6441, 500.30760791896455)
(6442, 501.7505445969698)
(6443, 493.34110555024893)
(6444, 505.30639970513676)
(6445, 506.12624655803381)
(6446, 490.6658864170883)
(6447, 494.87707320676407)
(6448, 491.89023875882776)
(6449, 501.22252144408282)
(6450, 499.50848912243316)
(6451, 503.33594932034231)
(6452, 495.04700766025769)
(6453, 491.53221522503327)
(6454, 500.02553718706054)
(6455, 480.60003515202527)
(6456, 504.00873901102938)
(6457, 498.85371434817114)
(6458, 491.79034042434)
(6459, 486.40960314969294)
(6460, 502.15510467352533)
(6461, 504.72483384099951)
(6462, 481.9713141889157)
(6463, 495.63847566334681)
(6464, 490.3441982181364)
(6465, 491.76744200584682)
(6466, 493.60833188552709)
(6467, 505.7307238959994)
(6468, 499.51184302318256)
(6469, 500.80850616002687)
(6470, 509.32680433536848)
(6471, 506.49830428641422)
(6472, 498.7204673913252)
(6473, 490.44076903889209)
(6474, 496.32092935909714)
(6475, 503.47356998558598)
(6476, 504.09153187031586)
(6477, 494.57188841099895)
(6478, 493.78490410150505)
(6479, 492.5328972966222)
(6480, 512.54666115734608)
(6481, 498.1082645463847)
(6482, 489.14887069503294)
(6483, 501.28439002911318)
(6484, 483.7108087577152)
(6485, 489.03217117591947)
(6486, 493.7887346396721)
(6487, 501.50166506588505)
(6488, 492.68204081882391)
(6489, 490.50708711291827)
(6490, 492.33193189070505)
(6491, 508.73671843448255)
(6492, 484.89869993636671)
(6493, 502.91906312315314)
(6494, 498.66394767018051)
(6495, 503.1733106632779)
(6496, 491.85975254979331)
(6497, 483.33102860905888)
(6498, 506.77470594562914)
(6499, 499.00073251715241)
(6500, 498.16338933189343)
(6501, 495.96998182081916)
(6502, 489.47365459039247)
(6503, 503.25964540825487)
(6504, 483.44227797380518)
(6505, 505.42582799749448)
(6506, 488.47417218141334)
(6507, 494.15615629308081)
(6508, 492.53155966227285)
(6509, 485.73829568698545)
(6510, 487.37952751867545)
(6511, 495.85521845771018)
(6512, 508.09854657141636)
(6513, 512.36908209416663)
(6514, 511.96156759407995)
(6515, 490.52415029070022)
(6516, 487.02642394083784)
(6517, 489.54840932994466)
(6518, 499.50778356120293)
(6519, 492.96462714009135)
(6520, 503.6110592638214)
(6521, 496.64016139930516)
(6522, 497.11488082424557)
(6523, 491.05971309118138)
(6524, 496.28352167896674)
(6525, 492.12511678292429)
(6526, 497.82101197698864)
(6527, 503.79671898573184)
(6528, 485.39600298202788)
(6529, 512.47724719379687)
(6530, 503.77149646703276)
(6531, 495.66222184119812)
(6532, 478.59884750417609)
(6533, 494.58627801867715)
(6534, 489.12853820763735)
(6535, 492.28688206918355)
(6536, 501.26561653414404)
(6537, 480.57245515554627)
(6538, 519.41749599843354)
(6539, 498.16476520485799)
(6540, 487.67948786904196)
(6541, 493.48351994363793)
(6542, 506.99781269833306)
(6543, 491.59056412327595)
(6544, 513.08890800027052)
(6545, 505.11367085582884)
(6546, 489.3824253524192)
(6547, 496.10072156323872)
(6548, 486.27736327008358)
(6549, 515.9170584754977)
(6550, 492.58322012768713)
(6551, 496.31244043254333)
(6552, 501.19393978022032)
(6553, 497.37772832525559)
(6554, 502.84199344464247)
(6555, 488.07789663701772)
(6556, 514.09110156908491)
(6557, 511.515293401995)
(6558, 494.60794352931612)
(6559, 488.23208403589211)
(6560, 488.44964879192923)
(6561, 501.52599934946181)
(6562, 488.86874901825951)
(6563, 516.66353142566788)
(6564, 501.20774241144329)
(6565, 490.85194078216307)
(6566, 513.38410351882658)
(6567, 484.43700429267625)
(6568, 496.06736519359458)
(6569, 502.92809573504354)
(6570, 492.56686797269123)
