(3597, 490.16592902399344)
(3598, 502.22137618700708)
(3599, 498.79538303512743)
(3600, 494.06097772836597)
(3601, 494.20300297394976)
(3602, 486.54495592253841)
(3603, 488.19339987727972)
(3604, 505.15352275143636)
(3605, 487.28926318116834)
(3606, 501.00627652307548)
(3607, 487.2714458803818)
(3608, 491.25519903753877)
(3609, 503.11997292901657)
(3610, 493.5433798315961)
(3611, 491.44912667343408)
(3612, 498.63896944823796)
(3613, 486.96975079304593)
(3614, 491.04823935201694)
(3615, 494.07831326354432)
(3616, 497.98104693778851)
(3617, 484.95341630376066)
(3618, 492.5068590059451)
(3619, 497.4790913408288)
(3620, 498.51492799557593)
(3621, 493.13518923003716)
(3622, 512.98351459848072)
(3623, 478.89431355514887)
(3624, 501.60890545256456)
(3625, 501.25246953161877)
(3626, 510.37944573541256)
(3627, 500.47602041233841)
(3628, 494.22602667901839)
(3629, 501.86993129622306)
(3630, 495.15757001071324)
(3631, 503.69605768443637)
(3632, 492.12104359031127)
(3633, 488.22475397911489)
(3634, 499.47956085567341)
(3635, 499.37611271506472)
(3636, 473.78462547623167)
(3637, 498.23846903545677)
(3638, 496.45132509375134)
(3639, 503.15311166607262)
(3640, 491.02496527017706)
(3641, 493.30913689949614)
(3642, 488.40773594119537)
(3643, 487.6412494782312)
(3644, 491.00650522580321)
(3645, 507.46370577263531)
(3646, 500.92437212854855)
(3647, 502.9657477052458)
(3648, 485.43821122109364)
(3649, 491.64834517446025)
(3650, 494.59288056631237)
(3651, 508.70801179142205)
(3652, 496.21868683279121)
(3653, 503.72767249021456)
(3654, 504.30517667185779)
(3655, 491.74608924645707)
(3656, 504.28813208347566)
(3657, 495.05247868950073)
(3658, 501.15377026923568)
(3659, 507.33756785368587)
(3660, 496.88940148722884)
(3661, 495.7872045513202)
(3662, 498.70448334504647)
(3663, 497.18661218928833)
(3664, 484.95479069450005)
(3665, 487.52660348287577)
(3666, 503.69283098118319)
(3667, 499.98885169302378)
(3668, 497.74923267433456)
(3669, 483.05442906092071)
(3670, 498.9929644135803)
(3671, 507.47916580078299)
(3672, 482.72921511401449)
(3673, 489.08732304190721)
(3674, 499.2856040199058)
(3675, 487.66894056348838)
(3676, 494.24478575370273)
(3677, 496.03349172800097)
(3678, 501.40697603996182)
(3679, 487.65490975941077)
(3680, 509.66669040918464)
(3681, 481.00741558503267)
(3682, 510.45398992819349)
(3683, 488.23702283958511)
(3684, 506.83321348891548)
(3685, 494.92832577089968)
(3686, 488.68125294738894)
(3687, 506.36000107070947)
(3688, 500.32292473234634)
(3689, 504.90234804574277)
(3690, 495.32501464673851)
(3691, 508.41971632900373)
(3692, 488.67395971153337)
(3693, 493.72739624137347)
(3694, 480.94985380294247)
(3695, 492.81325622673347)
(3696, 493.1622214661113)
(3697, 501.39837401438865)
(3698, 483.98972270387344)
(3699, 493.59560877122613)
(3700, 493.64525465982234)
(3701, 492.17550516303777)
(3702, 495.89312922881106)
(3703, 509.45726214723794)
(3704, 512.43779800762536)
(3705, 497.02290915082068)
(3706, 502.74073094991945)
(3707, 503.55365568927766)
(3708, 497.80623227348906)
(3709, 482.37540930902253)
(3710, 499.03547737834447)
(3711, 489.07486283442313)
(3712, 498.54820146516727)
