(1634, 485.70612173716893)
(1635, 504.52550850354601)
(1636, 496.9720744398885)
(1637, 501.28628972819212)
(1638, 489.63167718144496)
(1639, 490.68345144463922)
(1640, 504.66204904987296)
(1641, 494.46832994823012)
(1642, 493.04168837370946)
(1643, 504.30294724092829)
(1644, 504.40929486739043)
(1645, 500.70067569554681)
(1646, 499.03265152063511)
(1647, 492.92151791973015)
(1648, 493.72732920704379)
(1649, 482.96132786388557)
(1650, 506.35840372701864)
(1651, 488.36389813565125)
(1652, 495.68534696497204)
(1653, 487.1871466082581)
(1654, 493.93023116730819)
(1655, 486.74199768757683)
(1656, 495.50671726899304)
(1657, 497.22269464111639)
(1658, 491.67952437643441)
(1659, 494.98450055311224)
(1660, 500.9846336755204)
(1661, 498.95137666252657)
(1662, 504.53333457258475)
(1663, 504.51265418860129)
(1664, 500.45442859605009)
(1665, 496.55874299274626)
(1666, 488.44758361407446)
(1667, 497.19241464648042)
(1668, 492.14103928264581)
(1669, 500.75315802794205)
(1670, 499.367990788469)
(1671, 500.71642319233376)
(1672, 510.25749856436221)
(1673, 504.69927436641666)
(1674, 514.23437403500759)
(1675, 503.41865911559125)
(1676, 494.18600361088505)
(1677, 500.22446672715967)
(1678, 499.57012989703765)
(1679, 492.37044453939092)
(1680, 498.16353550581766)
(1681, 500.55924729680339)
(1682, 498.67250387870934)
(1683, 499.86055111046142)
(1684, 494.47920428699422)
(1685, 492.52215681167036)
(1686, 490.20669436417614)
(1687, 501.74065390142232)
(1688, 500.58199499975638)
(1689, 505.0476737782202)
(1690, 503.94163122847993)
(1691, 499.89082454311585)
(1692, 480.38920207422791)
(1693, 498.24228090040668)
(1694, 505.53643349788831)
(1695, 495.9858987310447)
(1696, 493.19571170785161)
(1697, 508.69896708645985)
(1698, 488.24453484318582)
(1699, 491.64935855927894)
(1700, 492.85111174509393)
(1701, 497.39973263153746)
(1702, 497.38095306556255)
(1703, 495.08146446177494)
(1704, 495.81524280196726)
(1705, 492.06944971035483)
(1706, 498.82065655225784)
(1707, 507.68886246651681)
(1708, 501.77920168723483)
(1709, 496.51348568297476)
(1710, 486.95558697957995)
(1711, 488.17416228554345)
(1712, 498.66799655089835)
(1713, 497.84433026773388)
(1714, 503.15709156594545)
(1715, 494.50835433705134)
(1716, 501.38445961112927)
(1717, 502.85640795984085)
(1718, 500.99037841479475)
(1719, 493.80425857946989)
(1720, 493.24739070165174)
(1721, 501.8241320325219)
(1722, 494.01535223746481)
(1723, 502.79565043248283)
(1724, 508.62019708857554)
(1725, 499.50861452327609)
(1726, 494.37557506099006)
(1727, 508.53806557584369)
(1728, 509.61859373797631)
(1729, 498.80012043553018)
(1730, 505.20083342649434)
(1731, 482.11219215192148)
(1732, 486.97142453500561)
(1733, 507.59345931222936)
(1734, 499.09808301408611)
(1735, 487.05165592796237)
(1736, 498.18693368322943)
(1737, 499.61062590016803)
(1738, 494.27338187564118)
(1739, 496.46361456227027)
(1740, 490.89997214209058)
(1741, 497.18325257464642)
(1742, 498.4920089924197)
(1743, 502.04168660328156)
(1744, 500.18558619004943)
(1745, 513.81085290531814)
(1746, 494.1609454740983)
(1747, 501.22611037864982)
(1748, 504.84719302094322)
(1749, 491.69909471517951)
(1750, 497.19067623818825)
(1751, 499.82679501590383)
(1752, 492.81690373312051)
(1753, 502.29080083007869)
(1754, 504.20118729735884)
(1755, 499.6264785955766)
(1756, 504.53204783750607)
(1757, 498.88982821019857)
(1758, 495.25264322851137)
(1759, 501.93175375763803)
(1760, 493.18546339856925)
(1761, 495.43818711147185)
(1762, 487.27099246806893)
(1763, 491.34185970964882)
(1764, 479.03838515917676)
(1765, 507.80962368647619)
(1766, 491.68979209641418)
(1767, 489.95331899378607)
(1768, 496.09301151171212)
(1769, 497.85446330101348)
(1770, 506.08400602107184)
(1771, 493.21310469405159)
(1772, 491.85854322946079)
(1773, 491.03443508583644)
(1774, 479.83512219515541)
(1775, 483.33980513532151)
(1776, 499.10519630237297)
(1777, 477.23813503183817)
(1778, 487.54824854279082)
(1779, 511.52418508720649)
(1780, 487.15048378493083)
(1781, 494.78716312751078)
(1782, 484.40633689446196)
