(7275, 484.07208603886227)
(7276, 509.40577703845508)
(7277, 504.8933340217805)
(7278, 501.8451127281071)
(7279, 493.55203929348153)
(7280, 496.92747464243769)
(7281, 506.7382881048062)
(7282, 518.0599168891797)
(7283, 496.20150528730346)
(7284, 503.60451843523356)
(7285, 494.31349755054936)
(7286, 507.17344771501678)
(7287, 500.41737160336555)
(7288, 514.77363588197875)
(7289, 498.29955246458042)
(7290, 502.92633811738398)
(7291, 487.13986791630367)
(7292, 496.68687432527418)
(7293, 488.39377868266729)
(7294, 506.53787870369058)
(7295, 495.21709303040109)
(7296, 486.55645723427301)
(7297, 491.63245207932562)
(7298, 507.49677724900067)
(7299, 509.3003946068751)
(7300, 501.90764150553878)
(7301, 484.86144130254149)
(7302, 490.69564200415778)
(7303, 492.18980299051145)
(7304, 494.75493667741807)
(7305, 495.14258798386658)
(7306, 488.0831689471089)
(7307, 487.64759263658709)
(7308, 503.20267865745956)
(7309, 497.27453755203101)
(7310, 498.83902161033683)
(7311, 490.44993275274442)
(7312, 491.54085891420004)
(7313, 488.44834918907571)
(7314, 492.26958602184709)
(7315, 496.91700918444951)
(7316, 498.35469641880121)
(7317, 490.6667607349533)
(7318, 490.27266083590195)
(7319, 497.14717853787965)
(7320, 494.06591627447597)
(7321, 497.98145723582849)
(7322, 496.99315128951321)
(7323, 488.26555056689381)
(7324, 499.18899146385684)
(7325, 507.06432689393324)
(7326, 509.65118773840777)
(7327, 500.74547629859438)
(7328, 494.284650299178)
(7329, 490.97731629347084)
(7330, 508.82410526327135)
(7331, 500.08264386249516)
(7332, 495.55522887302186)
(7333, 491.91680654588311)
(7334, 490.75219301282766)
(7335, 487.56345621098058)
(7336, 503.02098125557956)
(7337, 502.10066831613352)
(7338, 497.22766235324633)
(7339, 496.85236168046418)
(7340, 504.30323260652858)
(7341, 487.31131254272793)
(7342, 500.03785340552514)
(7343, 501.42721264147099)
(7344, 502.47240173133025)
(7345, 505.19563823538863)
(7346, 506.68607711105358)
(7347, 496.33448668668484)
(7348, 501.59578501303599)
(7349, 506.08473889879588)
(7350, 504.17440558671342)
(7351, 506.50410498161568)
(7352, 507.65042050521868)
(7353, 486.93147235474214)
(7354, 479.56499372584312)
(7355, 495.05495976169738)
(7356, 503.14050442216518)
(7357, 492.90728090586299)
(7358, 498.1524321498045)
(7359, 493.15840930060085)
(7360, 493.01581946328304)
(7361, 496.18543213717885)
(7362, 496.35652812609169)
(7363, 493.54336908155733)
(7364, 502.27208550846751)
(7365, 488.27983627963289)
(7366, 483.76253203850592)
(7367, 494.61925205296791)
(7368, 494.56045775564439)
(7369, 512.14413451409052)
(7370, 492.73205955100531)
(7371, 497.96626363398923)
(7372, 496.62354561361246)
(7373, 496.86706957021761)
(7374, 501.63020909681575)
(7375, 495.33346855740859)
(7376, 491.09376882719096)
(7377, 493.86417443587766)
(7378, 521.2947041500978)
(7379, 509.28713873617016)
(7380, 498.23836287934046)
(7381, 491.89650115669826)
(7382, 511.75467848901138)
(7383, 483.47949783445881)
(7384, 507.79852964002271)
(7385, 486.69892820035955)
(7386, 516.66406923495776)
(7387, 491.54753853692637)
(7388, 493.88193695488792)
(7389, 493.66967150260035)
(7390, 490.1638473384624)
(7391, 499.99975013577273)
(7392, 495.88320117063148)
(7393, 508.87652230107835)
(7394, 493.92279679521482)
(7395, 493.69028152294561)
(7396, 505.316914215537)
(7397, 485.87566361263009)
(7398, 486.41043856388524)
(7399, 503.83979461815829)
(7400, 500.03163350234172)
(7401, 488.50727787113431)
(7402, 511.21804254461057)
(7403, 487.21441554811719)
(7404, 502.46417638712956)
(7405, 505.66741034778931)
(7406, 496.2170867075817)
(7407, 494.96129417866791)
(7408, 497.01039328649881)
(7409, 476.31176034822238)
(7410, 508.05563799908265)
(7411, 509.95825599903776)
(7412, 510.4823416782192)
(7413, 494.804455940531)
(7414, 501.10092508509854)
(7415, 497.27022824538278)
(7416, 483.27352060361034)
(7417, 491.4286079947218)
(7418, 495.58999001571675)
(7419, 500.67780738422567)
(7420, 507.73756109815076)
(7421, 500.78756365484378)
(7422, 500.37657771864315)
(7423, 502.68042508700182)
(7424, 499.09597343632868)
(7425, 506.71010672091114)
(7426, 503.30502246549872)
(7427, 504.54003814649025)
(7428, 490.84603596745126)
(7429, 490.9853769586141)
(7430, 504.79647913463009)
(7431, 495.9348638393231)
(7432, 502.5201171075513)
(7433, 487.81411007263944)
(7434, 494.15754753733688)
(7435, 492.14284202654585)
(7436, 476.29333811854758)
(7437, 503.57396905183055)
(7438, 491.98980718303892)
(7439, 499.34701976368331)
(7440, 499.61195218998859)
(7441, 492.51146262894019)
(7442, 484.36277741091465)
(7443, 496.89631903272408)
(7444, 498.96518176880005)
(7445, 490.14387201758734)
(7446, 502.86034322068684)
(7447, 506.57398375319593)
(7448, 489.67870226971064)
(7449, 494.87071196231801)
