(0.0, 0.0, 21.858764873313017)
(0.0, 1.0, 26.489970693548763)
(0.0, 2.0, 23.951983160301229)
(0.0, 3.0, 25.884535767432443)
(0.0, 4.0, 23.537983984707271)
(0.0, 5.0, 26.003698687752028)
(0.0, 6.0, 28.26128759922317)
(0.0, 7.0, 25.94753711397184)
(0.0, 8.0, 21.629967769258528)
(0.0, 9.0, 27.094504667695595)
(0.0, 10.0, 24.433903503848583)
(0.0, 11.0, 27.060274864110319)
(0.0, 12.0, 25.878396931909773)
(0.0, 13.0, 24.692539147437589)
(0.0, 14.0, 26.465736957127671)
(0.0, 15.0, 24.54486278653722)
(0.0, 16.0, 23.310569187399597)
(0.0, 17.0, 25.26305540028584)
(0.0, 18.0, 27.312190872543184)
(0.0, 19.0, 30.271410418114453)
(0.0, 20.0, 25.731230214921148)
(0.0, 21.0, 24.787810060971541)
(0.0, 22.0, 26.054741367672765)
(0.0, 23.0, 27.919664068756195)
(0.0, 24.0, 21.558986855850623)
(0.0, 25.0, 21.491542542629411)
(0.0, 26.0, 24.893472620985591)
(0.0, 27.0, 28.992656897178396)
(0.0, 28.0, 25.893400789824824)
(0.0, 29.0, 25.249906310299689)
(0.0, 30.0, 24.38032871574174)
(0.0, 31.0, 24.583671008148023)
(0.0, 32.0, 25.224362637804674)
(0.0, 33.0, 26.052577544682993)
(0.0, 34.0, 27.185508777259518)
(0.0, 35.0, 27.134162857586926)
(0.0, 36.0, 23.770500057353445)
(0.0, 37.0, 26.09405387727881)
(0.0, 38.0, 26.69812179080543)
(0.0, 39.0, 24.72008814211765)
(0.0, 40.0, 24.465510913780061)
(0.0, 41.0, 25.836232271750941)
(0.0, 42.0, 24.188941055309126)
(0.0, 43.0, 25.247145786928606)
(0.0, 44.0, 29.032735261484238)
(0.0, 45.0, 24.622983457013323)
(0.0, 46.0, 26.625583036906693)
(0.0, 47.0, 24.316280913615984)
(0.0, 48.0, 24.555549986121228)
(0.0, 49.0, 28.889895611314628)
(0.0, 50.0, 28.175962995304662)
(0.0, 51.0, 28.354885075597139)
(0.0, 52.0, 25.642392369729556)
(0.0, 53.0, 25.593979276347913)
(0.0, 54.0, 23.795249521972909)
(0.0, 55.0, 25.474505660166027)
(0.0, 56.0, 27.016997473702656)
(0.0, 57.0, 25.109150563666393)
(0.0, 58.0, 24.965356981076447)
(0.0, 59.0, 23.492787800054536)
(0.0, 60.0, 25.844400176204008)
(0.0, 61.0, 22.70388784621607)
(0.0, 62.0, 27.656592737630273)
(0.0, 63.0, 24.575241463597486)
(0.0, 64.0, 23.932113979146468)
(0.0, 65.0, 25.070662208367203)
(0.0, 66.0, 26.454338833985034)
(0.0, 67.0, 24.78131664068059)
(0.0, 68.0, 25.889851684903803)
(0.0, 69.0, 25.279561980681596)
(0.0, 70.0, 28.401249183404612)
(0.0, 71.0, 24.602492246198011)
(0.0, 72.0, 22.764090215855056)
(0.0, 73.0, 23.874860521318112)
(0.0, 74.0, 24.87819954718632)
(0.0, 75.0, 25.971333618789519)
(0.0, 76.0, 24.601819865067114)
(0.0, 77.0, 25.002186519298899)
(0.0, 78.0, 24.296282994908644)
(0.0, 79.0, 25.00319986896632)
(0.0, 80.0, 27.020656929714725)
(0.0, 81.0, 22.035071974346014)
(0.0, 82.0, 22.768937283709107)
(0.0, 83.0, 23.143577565125266)
(0.0, 84.0, 26.347362572526102)
(0.0, 85.0, 26.364145347762758)
(0.0, 86.0, 26.449179350151507)
(0.0, 87.0, 23.8695681651676)
(0.0, 88.0, 24.462066321752708)
(0.0, 89.0, 26.930216798438018)
(0.0, 90.0, 25.467314777459571)
(0.0, 91.0, 25.397887751395785)
(0.0, 92.0, 25.076852140169326)
(0.0, 93.0, 27.628272606324668)
(0.0, 94.0, 25.565467320036142)
(0.0, 95.0, 24.236041226526417)
(0.0, 96.0, 23.331592904532894)
(0.0, 97.0, 24.960046174080155)
(0.0, 98.0, 25.0401863454505)
(0.0, 99.0, 25.96981797114201)
(0.0, 100.0, 25.823732186605795)
(0.0, 101.0, 24.279283078526007)
(0.0, 102.0, 25.983568523301045)
(0.0, 103.0, 28.106440541622945)
(0.0, 104.0, 28.656226019398673)
(0.0, 105.0, 25.747387628729804)
(0.0, 106.0, 24.855623842804505)
(0.0, 107.0, 23.996106742672172)
(0.0, 108.0, 24.053960896479918)
(0.0, 109.0, 23.251828247692458)
(0.0, 110.0, 24.395468097154442)
(0.0, 111.0, 27.043903519865211)
(0.0, 112.0, 28.73290849668231)
(0.0, 113.0, 26.170585461521764)
(0.0, 114.0, 27.203496824557327)
(0.0, 115.0, 23.775283976955773)
(0.0, 116.0, 24.815081641581688)
(0.0, 117.0, 23.327924253579468)
(0.0, 118.0, 26.291706924150361)
(0.0, 119.0, 26.867157953518973)
(0.0, 120.0, 25.989072136357844)
(0.0, 121.0, 27.69220368272628)
(0.0, 122.0, 25.553329860604968)
(0.0, 123.0, 28.007869623445835)
(0.0, 124.0, 27.035010426140964)
(0.0, 125.0, 28.158721384772065)
(0.0, 126.0, 24.541462423965932)
(0.0, 127.0, 27.712336696063819)
(0.0, 128.0, 24.733028784835412)
(0.0, 129.0, 26.337671739039951)
(0.0, 130.0, 27.653248177503375)
(0.0, 131.0, 25.585124572503052)
(0.0, 132.0, 21.95265601867564)
(0.0, 133.0, 22.358888084615717)
(0.0, 134.0, 26.24712520379984)
(0.0, 135.0, 24.710324479699928)
(0.0, 136.0, 24.708453726732674)
(0.0, 137.0, 26.031703717911505)
(0.0, 138.0, 23.416543373516731)
(0.0, 139.0, 27.578536159364095)
(0.0, 140.0, 29.41886074752728)
(0.0, 141.0, 24.936814155014762)
(0.0, 142.0, 22.850940812731693)
(0.0, 143.0, 26.229688049251585)
(0.0, 144.0, 24.290113523929598)
(0.0, 145.0, 25.927039608219516)
(0.0, 146.0, 28.579156289703306)
(0.0, 147.0, 23.962151606940225)
(0.0, 148.0, 25.395780844646531)
(0.0, 149.0, 27.490123745692138)
(0.0, 150.0, 30.792851641505262)
(0.0, 151.0, 28.676000698361534)
(0.0, 152.0, 27.631312159656133)
(0.0, 153.0, 26.650355934635755)
(0.0, 154.0, 27.889024113647224)
(0.0, 155.0, 25.560049245638265)
(0.0, 156.0, 25.32450285741098)
(0.0, 157.0, 28.329928576483546)
(0.0, 158.0, 29.492096433318345)
(0.0, 159.0, 27.53544634619653)
(0.0, 160.0, 23.513383153162476)
(0.0, 161.0, 25.208731602615376)
(0.0, 162.0, 26.113481791752044)
(0.0, 163.0, 23.304426606133067)
(0.0, 164.0, 25.259897876855753)
(0.0, 165.0, 25.643730108580456)
(0.0, 166.0, 28.875085060267139)
(0.0, 167.0, 23.723944817252743)
(0.0, 168.0, 26.5592503072941)
(0.0, 169.0, 26.228021853444471)
(0.0, 170.0, 23.401201568842183)
(0.0, 171.0, 27.545358162457536)
(0.0, 172.0, 26.598101865159357)
(0.0, 173.0, 25.45928379768149)
(0.0, 174.0, 22.488178729217751)
(0.0, 175.0, 27.608195056384744)
(0.0, 176.0, 26.000614132641221)
(0.0, 177.0, 27.301392034215866)
(0.0, 178.0, 25.000878263601123)
(0.0, 179.0, 27.932070352019768)
(0.0, 180.0, 27.343719026766067)
(0.0, 181.0, 27.220103221625166)
(0.0, 182.0, 25.921487084518429)
(0.0, 183.0, 24.315631952598128)
(0.0, 184.0, 23.779293202481725)
(0.0, 185.0, 25.993782249585443)
(0.0, 186.0, 25.174764119683893)
(0.0, 187.0, 27.770323107100026)
(0.0, 188.0, 27.029981868257845)
(0.0, 189.0, 28.38419617055078)
(0.0, 190.0, 28.383821868391955)
(0.0, 191.0, 24.546768016554463)
(0.0, 192.0, 26.597949429475491)
(0.0, 193.0, 25.239046115716967)
(0.0, 194.0, 26.102745693480859)
(0.0, 195.0, 26.532523492414242)
(0.0, 196.0, 26.370843691932585)
(0.0, 197.0, 27.180250683686513)
(0.0, 198.0, 26.741643686897312)
(0.0, 199.0, 24.693747651234816)
(1.0, 0.0, 23.551347044922476)
(1.0, 1.0, 26.778449220962873)
(1.0, 2.0, 23.796571116567456)
(1.0, 3.0, 26.505624825732273)
(1.0, 4.0, 23.427498413942356)
(1.0, 5.0, 28.379904955239287)
(1.0, 6.0, 28.040661861130197)
(1.0, 7.0, 27.491910324553317)
(1.0, 8.0, 24.214278168449276)
(1.0, 9.0, 28.648946159146924)
(1.0, 10.0, 24.387146868884976)
(1.0, 11.0, 29.314334874378673)
(1.0, 12.0, 27.944646220753611)
(1.0, 13.0, 26.941803582053691)
(1.0, 14.0, 26.222643496175635)
(1.0, 15.0, 24.832227117261414)
(1.0, 16.0, 24.824550036322726)
(1.0, 17.0, 26.499503095291704)
(1.0, 18.0, 27.096411850759118)
(1.0, 19.0, 30.380012778977882)
(1.0, 20.0, 28.481188524230358)
(1.0, 21.0, 24.921317357139898)
(1.0, 22.0, 26.565132954314109)
(1.0, 23.0, 28.290123824362759)
(1.0, 24.0, 21.688884516070932)
(1.0, 25.0, 21.57723247887499)
(1.0, 26.0, 26.139505617588547)
(1.0, 27.0, 30.5214365326961)
(1.0, 28.0, 25.578537633233399)
(1.0, 29.0, 26.984617971556194)
(1.0, 30.0, 24.80385299763681)
(1.0, 31.0, 24.439109320150575)
(1.0, 32.0, 26.978463953050131)
(1.0, 33.0, 26.335573779573437)
(1.0, 34.0, 27.837862337692307)
(1.0, 35.0, 27.729468334336914)
(1.0, 36.0, 25.250230253791717)
(1.0, 37.0, 27.521409337658227)
(1.0, 38.0, 27.882036376263525)
(1.0, 39.0, 24.948726065895549)
(1.0, 40.0, 24.638820143252225)
(1.0, 41.0, 28.156193651116645)
(1.0, 42.0, 27.088513657919318)
(1.0, 43.0, 27.592489037326025)
(1.0, 44.0, 29.062810588679813)
(1.0, 45.0, 26.520088902137154)
(1.0, 46.0, 27.285807245610421)
(1.0, 47.0, 25.516027205761098)
(1.0, 48.0, 23.523121547026378)
(1.0, 49.0, 28.938078141680123)
(1.0, 50.0, 27.257788087769121)
(1.0, 51.0, 28.145959263689754)
(1.0, 52.0, 27.318924848005683)
(1.0, 53.0, 25.253477570751663)
(1.0, 54.0, 24.316425619157744)
(1.0, 55.0, 25.285627275175397)
(1.0, 56.0, 28.078350338553779)
(1.0, 57.0, 27.007126917556423)
(1.0, 58.0, 26.501606072425318)
(1.0, 59.0, 26.425041330703287)
(1.0, 60.0, 27.225349232124465)
(1.0, 61.0, 24.679761247503045)
(1.0, 62.0, 26.591476907026447)
(1.0, 63.0, 25.9555132932399)
(1.0, 64.0, 24.722796585386867)
(1.0, 65.0, 26.083846901885995)
(1.0, 66.0, 26.486439928812452)
(1.0, 67.0, 25.613830496666402)
(1.0, 68.0, 27.72996420256602)
(1.0, 69.0, 26.217932450025639)
(1.0, 70.0, 27.986897247805999)
(1.0, 71.0, 25.225634200668967)
(1.0, 72.0, 22.719689383387426)
(1.0, 73.0, 24.675136604496153)
(1.0, 74.0, 25.761282716569447)
(1.0, 75.0, 25.814619015081036)
(1.0, 76.0, 25.905204352216352)
(1.0, 77.0, 24.861198067582194)
(1.0, 78.0, 25.334692651141086)
(1.0, 79.0, 25.481946239164323)
(1.0, 80.0, 28.701216474945735)
(1.0, 81.0, 22.001930865895154)
(1.0, 82.0, 22.891634551374462)
(1.0, 83.0, 24.76819306112867)
(1.0, 84.0, 28.286350555765924)
(1.0, 85.0, 27.47446566094753)
(1.0, 86.0, 27.143407663100241)
(1.0, 87.0, 24.654262874338162)
(1.0, 88.0, 26.445098079853338)
(1.0, 89.0, 26.933316413184496)
(1.0, 90.0, 27.095759151087051)
(1.0, 91.0, 27.385373101115221)
(1.0, 92.0, 25.604149554036187)
(1.0, 93.0, 27.313096076786302)
(1.0, 94.0, 26.938167013575409)
(1.0, 95.0, 26.374813253875178)
(1.0, 96.0, 23.623066055068428)
(1.0, 97.0, 26.198532019174284)
(1.0, 98.0, 25.059878812704373)
(1.0, 99.0, 27.626970342536847)
(1.0, 100.0, 30.407111597938314)
(1.0, 101.0, 24.622761515814922)
(1.0, 102.0, 25.323116546596275)
(1.0, 103.0, 26.744042909554462)
(1.0, 104.0, 28.636285334307779)
(1.0, 105.0, 25.469307451271497)
(1.0, 106.0, 24.979571416597977)
(1.0, 107.0, 23.86171487995539)
(1.0, 108.0, 27.334395937850559)
(1.0, 109.0, 25.219075789872232)
(1.0, 110.0, 25.871534142627159)
(1.0, 111.0, 28.426437301319588)
(1.0, 112.0, 30.116810642840534)
(1.0, 113.0, 26.565466937132239)
(1.0, 114.0, 27.8613606070844)
(1.0, 115.0, 25.876121715014342)
(1.0, 116.0, 23.797709721630977)
(1.0, 117.0, 25.142515454309859)
(1.0, 118.0, 25.955130026678393)
(1.0, 119.0, 27.623766413418863)
(1.0, 120.0, 26.334227836043649)
(1.0, 121.0, 26.407226674150152)
(1.0, 122.0, 25.828539798964982)
(1.0, 123.0, 28.514499443119696)
(1.0, 124.0, 27.727404420459067)
(1.0, 125.0, 29.522570465726091)
(1.0, 126.0, 26.971141106036526)
(1.0, 127.0, 26.697086854825852)
(1.0, 128.0, 24.587735993211432)
(1.0, 129.0, 27.646764127210236)
(1.0, 130.0, 28.9566465637212)
(1.0, 131.0, 27.011685306682423)
(1.0, 132.0, 22.294863765968369)
(1.0, 133.0, 22.024692330723433)
(1.0, 134.0, 26.999171289212455)
(1.0, 135.0, 26.438284152671415)
(1.0, 136.0, 26.950196860729882)
(1.0, 137.0, 26.917954947437973)
(1.0, 138.0, 24.104981006196674)
(1.0, 139.0, 27.876518082267442)
(1.0, 140.0, 30.898289140681921)
(1.0, 141.0, 26.760654044701262)
(1.0, 142.0, 26.612310797273331)
(1.0, 143.0, 26.166776328720921)
(1.0, 144.0, 25.224590035175989)
(1.0, 145.0, 27.606096623432951)
(1.0, 146.0, 29.602139681502798)
(1.0, 147.0, 24.345532894830864)
(1.0, 148.0, 27.497099400676703)
(1.0, 149.0, 28.424810397589042)
(1.0, 150.0, 30.798637883541339)
(1.0, 151.0, 29.506161029708323)
(1.0, 152.0, 26.893394152583554)
(1.0, 153.0, 25.996531164772534)
(1.0, 154.0, 27.125726497420828)
(1.0, 155.0, 28.604453309214385)
(1.0, 156.0, 27.934930868669408)
(1.0, 157.0, 28.611913633406239)
(1.0, 158.0, 29.847748622612688)
(1.0, 159.0, 28.348324121245643)
(1.0, 160.0, 24.461101868891191)
(1.0, 161.0, 25.825369967543939)
(1.0, 162.0, 28.143455023796285)
(1.0, 163.0, 23.499788673704849)
(1.0, 164.0, 27.572697069829513)
(1.0, 165.0, 26.478974518814233)
(1.0, 166.0, 28.365146014735622)
(1.0, 167.0, 26.048065571799647)
(1.0, 168.0, 28.172049196441229)
(1.0, 169.0, 27.4296136669623)
(1.0, 170.0, 23.14043424628893)
(1.0, 171.0, 28.810167910549104)
(1.0, 172.0, 30.073752305371073)
(1.0, 173.0, 25.992947586309789)
(1.0, 174.0, 24.338243707089447)
(1.0, 175.0, 29.479882299657881)
(1.0, 176.0, 26.371873712079452)
(1.0, 177.0, 28.000589783091527)
(1.0, 178.0, 24.779533104951991)
(1.0, 179.0, 29.16275400138915)
(1.0, 180.0, 27.159031361322622)
(1.0, 181.0, 26.083816472380185)
(1.0, 182.0, 26.268547721711585)
(1.0, 183.0, 25.402951705898033)
(1.0, 184.0, 25.71746049509369)
(1.0, 185.0, 26.796783419326516)
(1.0, 186.0, 25.765621939003793)
(1.0, 187.0, 29.15617619325052)
(1.0, 188.0, 26.152758440661191)
(1.0, 189.0, 28.24564524228856)
(1.0, 190.0, 28.540453539983673)
(1.0, 191.0, 26.156793114086334)
(1.0, 192.0, 24.55521015145737)
(1.0, 193.0, 26.090251210834793)
(1.0, 194.0, 28.559802860708867)
(1.0, 195.0, 27.172330902660889)
(1.0, 196.0, 25.759069078905682)
(1.0, 197.0, 27.340010388835616)
(1.0, 198.0, 26.336379818455892)
(1.0, 199.0, 25.979625257395313)
(2.0, 0.0, 23.530716255717479)
(2.0, 1.0, 25.391520357310611)
(2.0, 2.0, 23.15488088838681)
(2.0, 3.0, 26.099549662229052)
(2.0, 4.0, 23.31643550864354)
(2.0, 5.0, 25.542820215953135)
(2.0, 6.0, 28.044401698350768)
(2.0, 7.0, 26.011976865007032)
(2.0, 8.0, 23.439550404207125)
(2.0, 9.0, 26.220155603913415)
(2.0, 10.0, 23.719255330651833)
(2.0, 11.0, 26.324655111224899)
(2.0, 12.0, 26.889814116888424)
(2.0, 13.0, 25.990339663235225)
(2.0, 14.0, 25.341195642110442)
(2.0, 15.0, 23.440069363850945)
(2.0, 16.0, 24.455930496931071)
(2.0, 17.0, 25.23280523431821)
(2.0, 18.0, 25.450991065033882)
(2.0, 19.0, 29.312635773159545)
(2.0, 20.0, 26.48914975083779)
(2.0, 21.0, 23.222020312565377)
(2.0, 22.0, 27.773338933531804)
(2.0, 23.0, 26.056062096237291)
(2.0, 24.0, 21.151409755025689)
(2.0, 25.0, 21.791937487486265)
(2.0, 26.0, 24.253879616555309)
(2.0, 27.0, 29.967698496707513)
(2.0, 28.0, 25.263556761675968)
(2.0, 29.0, 25.370215276763687)
(2.0, 30.0, 23.956990069310478)
(2.0, 31.0, 23.562219262475118)
(2.0, 32.0, 25.961042486808559)
(2.0, 33.0, 25.503606289094787)
(2.0, 34.0, 26.767167624588232)
(2.0, 35.0, 26.67734545783933)
(2.0, 36.0, 22.709621965154568)
(2.0, 37.0, 27.703611718490286)
(2.0, 38.0, 26.272588936919131)
(2.0, 39.0, 22.976712389955189)
(2.0, 40.0, 24.397707190837554)
(2.0, 41.0, 26.082838074434708)
(2.0, 42.0, 24.786585669710991)
(2.0, 43.0, 26.039201495009205)
(2.0, 44.0, 28.488486002063684)
(2.0, 45.0, 26.477196110283252)
(2.0, 46.0, 25.303666189546313)
(2.0, 47.0, 26.803153342922478)
(2.0, 48.0, 24.067179803240158)
(2.0, 49.0, 29.635575328186892)
(2.0, 50.0, 26.710687996093824)
(2.0, 51.0, 26.955359335137409)
(2.0, 52.0, 26.204341867309388)
(2.0, 53.0, 25.637837702549248)
(2.0, 54.0, 23.521148412984537)
(2.0, 55.0, 25.073327869947889)
(2.0, 56.0, 27.408540578758799)
(2.0, 57.0, 24.966926145852273)
(2.0, 58.0, 24.586059903704985)
(2.0, 59.0, 24.932491123491342)
(2.0, 60.0, 27.804564117339492)
(2.0, 61.0, 23.071613694860627)
(2.0, 62.0, 25.313764170562905)
(2.0, 63.0, 25.183712093002104)
(2.0, 64.0, 23.819147382170399)
(2.0, 65.0, 25.628187376557701)
(2.0, 66.0, 25.981959588532973)
(2.0, 67.0, 26.034373286293366)
(2.0, 68.0, 27.685004955891948)
(2.0, 69.0, 23.57898202359052)
(2.0, 70.0, 26.215291022476606)
(2.0, 71.0, 22.881140491637343)
(2.0, 72.0, 23.36042345365771)
(2.0, 73.0, 22.357248397836628)
(2.0, 74.0, 25.956005081717684)
(2.0, 75.0, 26.130744329350364)
(2.0, 76.0, 25.275373278741217)
(2.0, 77.0, 22.727566994187232)
(2.0, 78.0, 24.410259000186841)
(2.0, 79.0, 25.244129188783464)
(2.0, 80.0, 27.624259063331493)
(2.0, 81.0, 20.275488614209337)
(2.0, 82.0, 23.412616238099961)
(2.0, 83.0, 23.717453697742862)
(2.0, 84.0, 28.55681624612248)
(2.0, 85.0, 27.79859811907065)
(2.0, 86.0, 26.141058231708296)
(2.0, 87.0, 23.81979310050631)
(2.0, 88.0, 24.796108773506841)
(2.0, 89.0, 26.432435248265822)
(2.0, 90.0, 25.13301192753331)
(2.0, 91.0, 25.048279281759399)
(2.0, 92.0, 25.423302460102029)
(2.0, 93.0, 25.9398469576129)
(2.0, 94.0, 25.28192398314264)
(2.0, 95.0, 24.4581670969241)
(2.0, 96.0, 22.75155782746312)
(2.0, 97.0, 25.24328289803961)
(2.0, 98.0, 25.505287207886663)
(2.0, 99.0, 27.89789029049653)
(2.0, 100.0, 26.824925056599362)
(2.0, 101.0, 24.155340210986061)
(2.0, 102.0, 24.917423116560638)
(2.0, 103.0, 25.35723409428428)
(2.0, 104.0, 27.874127150190631)
(2.0, 105.0, 26.124968166678691)
(2.0, 106.0, 25.894306408215911)
(2.0, 107.0, 23.900882545016511)
(2.0, 108.0, 25.633270259871217)
(2.0, 109.0, 24.693452465623327)
(2.0, 110.0, 25.392458949212873)
(2.0, 111.0, 25.988594766152445)
(2.0, 112.0, 27.154801437585586)
(2.0, 113.0, 27.003607071444083)
(2.0, 114.0, 26.196210790199871)
(2.0, 115.0, 23.540060214823075)
(2.0, 116.0, 25.435628573216938)
(2.0, 117.0, 23.622964485046118)
(2.0, 118.0, 26.821978659784932)
(2.0, 119.0, 26.035961928813578)
(2.0, 120.0, 27.363296912213396)
(2.0, 121.0, 28.352483767403474)
(2.0, 122.0, 24.696897482686037)
(2.0, 123.0, 28.206284133289245)
(2.0, 124.0, 27.100687057453143)
(2.0, 125.0, 26.557178595702361)
(2.0, 126.0, 24.636638777554538)
(2.0, 127.0, 26.644981858402545)
(2.0, 128.0, 25.522817926286226)
(2.0, 129.0, 28.198209451334442)
(2.0, 130.0, 27.423819384864306)
(2.0, 131.0, 26.012692150514816)
(2.0, 132.0, 21.164975204974223)
(2.0, 133.0, 22.770340728929522)
(2.0, 134.0, 26.379255819926719)
(2.0, 135.0, 23.792998342890954)
(2.0, 136.0, 27.08463876133105)
(2.0, 137.0, 26.613178750558255)
(2.0, 138.0, 24.11649586739809)
(2.0, 139.0, 28.207298143274883)
(2.0, 140.0, 30.563488766086611)
(2.0, 141.0, 24.988467343364334)
(2.0, 142.0, 26.22386604586487)
(2.0, 143.0, 26.705674425944359)
(2.0, 144.0, 24.276399896480061)
(2.0, 145.0, 25.814741810680434)
(2.0, 146.0, 28.951163563368524)
(2.0, 147.0, 24.783129966438949)
(2.0, 148.0, 25.911201248205803)
(2.0, 149.0, 26.875985854593463)
(2.0, 150.0, 29.621788932205668)
(2.0, 151.0, 31.49584525426247)
(2.0, 152.0, 27.713617816283808)
(2.0, 153.0, 25.94291441447923)
(2.0, 154.0, 26.088257210864946)
(2.0, 155.0, 26.09018440904903)
(2.0, 156.0, 26.260855682156333)
(2.0, 157.0, 27.354351907469258)
(2.0, 158.0, 27.045836412063608)
(2.0, 159.0, 27.30046249288165)
(2.0, 160.0, 22.734477925965262)
(2.0, 161.0, 26.145868641543938)
(2.0, 162.0, 25.869750336572839)
(2.0, 163.0, 24.208043863153893)
(2.0, 164.0, 25.291154859786047)
(2.0, 165.0, 26.075292243729898)
(2.0, 166.0, 27.248678402741767)
(2.0, 167.0, 25.632897454122695)
(2.0, 168.0, 25.890075349598678)
(2.0, 169.0, 25.715853134758255)
(2.0, 170.0, 22.928685741904406)
(2.0, 171.0, 28.500422293182783)
(2.0, 172.0, 28.458149030586249)
(2.0, 173.0, 26.717849796713669)
(2.0, 174.0, 23.297069288629263)
(2.0, 175.0, 27.976180872112341)
(2.0, 176.0, 25.458329963249035)
(2.0, 177.0, 28.772568296309341)
(2.0, 178.0, 24.412884924344592)
(2.0, 179.0, 25.969207896282057)
(2.0, 180.0, 26.464740884762694)
(2.0, 181.0, 26.647863220615022)
(2.0, 182.0, 26.542863526668459)
(2.0, 183.0, 25.615491681517991)
(2.0, 184.0, 25.334731224225514)
(2.0, 185.0, 24.823309555191749)
(2.0, 186.0, 24.487477170673706)
(2.0, 187.0, 28.027729500290654)
(2.0, 188.0, 25.018731600355363)
(2.0, 189.0, 27.732213698464449)
(2.0, 190.0, 27.509328845780907)
(2.0, 191.0, 25.20781133932887)
(2.0, 192.0, 24.610196228957388)
(2.0, 193.0, 25.433571150634087)
(2.0, 194.0, 28.034579588002369)
(2.0, 195.0, 26.386504454536318)
(2.0, 196.0, 26.576835868631711)
(2.0, 197.0, 27.381826522492545)
(2.0, 198.0, 24.827904819790724)
(2.0, 199.0, 26.292240063347478)
(3.0, 0.0, 19.786288159331981)
(3.0, 1.0, 23.340449440688822)
(3.0, 2.0, 22.063239351106326)
(3.0, 3.0, 25.998806344828651)
(3.0, 4.0, 21.319035107748139)
(3.0, 5.0, 23.867840698874858)
(3.0, 6.0, 24.878397338830958)
(3.0, 7.0, 25.550098023762629)
(3.0, 8.0, 21.222538492908107)
(3.0, 9.0, 24.955426337535428)
(3.0, 10.0, 23.417520109987848)
(3.0, 11.0, 24.692667755666971)
(3.0, 12.0, 23.634918819194858)
(3.0, 13.0, 25.405939447606002)
(3.0, 14.0, 23.331558540569212)
(3.0, 15.0, 22.886727858917627)
(3.0, 16.0, 22.742130972740423)
(3.0, 17.0, 25.973047536408018)
(3.0, 18.0, 23.726367397513105)
(3.0, 19.0, 25.397361455549156)
(3.0, 20.0, 23.214179444052423)
(3.0, 21.0, 24.005319418534722)
(3.0, 22.0, 25.359440273124498)
(3.0, 23.0, 24.304826387243669)
(3.0, 24.0, 19.649367533599978)
(3.0, 25.0, 20.69440363812171)
(3.0, 26.0, 22.450618756603532)
(3.0, 27.0, 27.242407483700553)
(3.0, 28.0, 24.815908748695779)
(3.0, 29.0, 23.131308002610648)
(3.0, 30.0, 21.730514124229966)
(3.0, 31.0, 23.211395827350835)
(3.0, 32.0, 24.264350653962765)
(3.0, 33.0, 23.791179332834833)
(3.0, 34.0, 23.82754737182303)
(3.0, 35.0, 26.014684716848201)
(3.0, 36.0, 21.351629436001893)
(3.0, 37.0, 23.42163260873776)
(3.0, 38.0, 24.104216710259706)
(3.0, 39.0, 20.787048787413422)
(3.0, 40.0, 21.496067384699174)
(3.0, 41.0, 24.536651124811158)
(3.0, 42.0, 21.94539654735021)
(3.0, 43.0, 25.191169402347864)
(3.0, 44.0, 27.297672673539683)
(3.0, 45.0, 25.903473922694658)
(3.0, 46.0, 24.011100528802963)
(3.0, 47.0, 22.296960650538814)
(3.0, 48.0, 23.132482744781754)
(3.0, 49.0, 25.669709562856607)
(3.0, 50.0, 26.80961518780714)
(3.0, 51.0, 25.941469640327096)
(3.0, 52.0, 26.11062943468076)
(3.0, 53.0, 23.514582278772231)
(3.0, 54.0, 22.191782719956443)
(3.0, 55.0, 23.081692551510361)
(3.0, 56.0, 26.283091657257607)
(3.0, 57.0, 22.28491280400835)
(3.0, 58.0, 22.434779254132422)
(3.0, 59.0, 24.411752032696469)
(3.0, 60.0, 25.138172472650723)
(3.0, 61.0, 22.80573518166527)
(3.0, 62.0, 24.375034810791959)
(3.0, 63.0, 22.622581937395843)
(3.0, 64.0, 21.950929740162763)
(3.0, 65.0, 22.677475574877509)
(3.0, 66.0, 23.526675720176641)
(3.0, 67.0, 24.662852553533494)
(3.0, 68.0, 25.558456274736628)
(3.0, 69.0, 23.104917083638995)
(3.0, 70.0, 25.972624095878242)
(3.0, 71.0, 23.875355995718301)
(3.0, 72.0, 22.720696689257341)
(3.0, 73.0, 23.803331911820607)
(3.0, 74.0, 23.997186888484997)
(3.0, 75.0, 24.636824737368631)
(3.0, 76.0, 25.028719779515761)
(3.0, 77.0, 21.825591704726545)
(3.0, 78.0, 23.052326997633536)
(3.0, 79.0, 23.765422087790476)
(3.0, 80.0, 25.383519830993521)
(3.0, 81.0, 20.06153285864557)
(3.0, 82.0, 21.151934961465727)
(3.0, 83.0, 22.511130655209914)
(3.0, 84.0, 25.833408485107896)
(3.0, 85.0, 25.452082528571658)
(3.0, 86.0, 25.379019303696055)
(3.0, 87.0, 23.079190020914318)
(3.0, 88.0, 23.92249356848551)
(3.0, 89.0, 26.504577993776337)
(3.0, 90.0, 24.00147396411953)
(3.0, 91.0, 22.139289608477704)
(3.0, 92.0, 24.050230009333326)
(3.0, 93.0, 25.0738371417733)
(3.0, 94.0, 23.971138599158373)
(3.0, 95.0, 23.560033453376697)
(3.0, 96.0, 22.622419213686825)
(3.0, 97.0, 24.617756845482589)
(3.0, 98.0, 23.553548987503646)
(3.0, 99.0, 22.473738265725242)
(3.0, 100.0, 26.995513650400731)
(3.0, 101.0, 21.352585159909719)
(3.0, 102.0, 24.728109095416301)
(3.0, 103.0, 24.369321955098211)
(3.0, 104.0, 24.935137500924249)
(3.0, 105.0, 23.014799406861133)
(3.0, 106.0, 21.734305308111502)
(3.0, 107.0, 22.99503222375203)
(3.0, 108.0, 22.95705067613801)
(3.0, 109.0, 23.373254249035131)
(3.0, 110.0, 24.106130008738234)
(3.0, 111.0, 25.283769432756689)
(3.0, 112.0, 26.675301803414694)
(3.0, 113.0, 25.861934578618911)
(3.0, 114.0, 24.016519048498143)
(3.0, 115.0, 22.298951837007902)
(3.0, 116.0, 21.397680832328138)
(3.0, 117.0, 22.395226048300291)
(3.0, 118.0, 24.311756893908619)
(3.0, 119.0, 24.109024877437527)
(3.0, 120.0, 25.332152730122214)
(3.0, 121.0, 25.328653528100656)
(3.0, 122.0, 24.993234436587628)
(3.0, 123.0, 25.3303483235659)
(3.0, 124.0, 25.40052238177865)
(3.0, 125.0, 24.506516728773622)
(3.0, 126.0, 22.923302222386408)
(3.0, 127.0, 25.895574383237769)
(3.0, 128.0, 22.914335201583036)
(3.0, 129.0, 25.594102881765636)
(3.0, 130.0, 24.286817283882961)
(3.0, 131.0, 25.108955676025079)
(3.0, 132.0, 21.668973835162515)
(3.0, 133.0, 22.715604159327896)
(3.0, 134.0, 24.686353610576255)
(3.0, 135.0, 23.558794089606639)
(3.0, 136.0, 26.504118140996884)
(3.0, 137.0, 24.111619960804482)
(3.0, 138.0, 21.583158124388852)
(3.0, 139.0, 25.630016427678157)
(3.0, 140.0, 26.071514771935895)
(3.0, 141.0, 24.728918023622686)
(3.0, 142.0, 23.628508945670035)
(3.0, 143.0, 25.48242435343213)
(3.0, 144.0, 23.469355444420792)
(3.0, 145.0, 25.658209227465957)
(3.0, 146.0, 26.806640722546501)
(3.0, 147.0, 21.893430800358569)
(3.0, 148.0, 23.590700581433136)
(3.0, 149.0, 24.081099120400559)
(3.0, 150.0, 26.263663569444674)
(3.0, 151.0, 26.31378187449668)
(3.0, 152.0, 24.623955064046704)
(3.0, 153.0, 25.017684759518886)
(3.0, 154.0, 24.076680342482483)
(3.0, 155.0, 24.956546286825656)
(3.0, 156.0, 25.255917334747149)
(3.0, 157.0, 26.991085849512928)
(3.0, 158.0, 24.23499776941096)
(3.0, 159.0, 24.427511628127167)
(3.0, 160.0, 23.055078854389564)
(3.0, 161.0, 24.294652818038529)
(3.0, 162.0, 22.751407728257842)
(3.0, 163.0, 21.473759074037542)
(3.0, 164.0, 23.333834442737658)
(3.0, 165.0, 24.636970821812888)
(3.0, 166.0, 25.292777141377289)
(3.0, 167.0, 24.038451846137395)
(3.0, 168.0, 22.909038822948624)
(3.0, 169.0, 25.032948603204012)
(3.0, 170.0, 23.859757462700436)
(3.0, 171.0, 23.816193809143563)
(3.0, 172.0, 26.173255894069626)
(3.0, 173.0, 24.112964161791741)
(3.0, 174.0, 21.924438279763983)
(3.0, 175.0, 25.62233048682797)
(3.0, 176.0, 21.928066859890059)
(3.0, 177.0, 27.199011777236084)
(3.0, 178.0, 22.526108489307166)
(3.0, 179.0, 26.161502641883185)
(3.0, 180.0, 25.328117315396739)
(3.0, 181.0, 24.880897021496985)
(3.0, 182.0, 24.972726892516601)
(3.0, 183.0, 23.385210774707094)
(3.0, 184.0, 22.672245744392264)
(3.0, 185.0, 22.277602906215982)
(3.0, 186.0, 23.571615540612868)
(3.0, 187.0, 25.279748921468812)
(3.0, 188.0, 23.948203039032236)
(3.0, 189.0, 26.412097364262497)
(3.0, 190.0, 24.736493163845605)
(3.0, 191.0, 23.628117244679302)
(3.0, 192.0, 24.67520700857532)
(3.0, 193.0, 23.50216216872716)
(3.0, 194.0, 24.241297837696962)
(3.0, 195.0, 25.874805794849291)
(3.0, 196.0, 24.14065047991868)
(3.0, 197.0, 25.991253467830461)
(3.0, 198.0, 23.648709859164423)
(3.0, 199.0, 22.937839184727927)
(4.0, 0.0, 19.482001207714383)
(4.0, 1.0, 21.511561074418054)
(4.0, 2.0, 23.060178367204053)
(4.0, 3.0, 24.184423683515412)
(4.0, 4.0, 21.850969701390827)
(4.0, 5.0, 23.393635045720469)
(4.0, 6.0, 24.696964061304932)
(4.0, 7.0, 23.048693637580147)
(4.0, 8.0, 20.077167626447114)
(4.0, 9.0, 23.981176383072327)
(4.0, 10.0, 22.448278950524671)
(4.0, 11.0, 24.066305050803845)
(4.0, 12.0, 23.930857798871983)
(4.0, 13.0, 22.870752350867164)
(4.0, 14.0, 22.472088345565663)
(4.0, 15.0, 22.389082678336106)
(4.0, 16.0, 21.628207245743372)
(4.0, 17.0, 23.116047760914846)
(4.0, 18.0, 23.217783153231288)
(4.0, 19.0, 26.847629482814707)
(4.0, 20.0, 24.52895326077336)
(4.0, 21.0, 23.672842454085149)
(4.0, 22.0, 24.989098360811838)
(4.0, 23.0, 25.717147700391543)
(4.0, 24.0, 17.655603518804199)
(4.0, 25.0, 19.873695472638602)
(4.0, 26.0, 20.983606716131334)
(4.0, 27.0, 27.777606006379312)
(4.0, 28.0, 24.648623718040426)
(4.0, 29.0, 22.444311318331376)
(4.0, 30.0, 21.768060488113104)
(4.0, 31.0, 21.577853591665981)
(4.0, 32.0, 24.615373118312487)
(4.0, 33.0, 22.55644271589312)
(4.0, 34.0, 23.718505823022618)
(4.0, 35.0, 25.271161147534507)
(4.0, 36.0, 20.133144580074038)
(4.0, 37.0, 25.221958607325131)
(4.0, 38.0, 26.42114962269784)
(4.0, 39.0, 19.986731697642817)
(4.0, 40.0, 22.842392226405707)
(4.0, 41.0, 21.747655163080779)
(4.0, 42.0, 23.291137456562431)
(4.0, 43.0, 24.534289360610089)
(4.0, 44.0, 26.050604750122652)
(4.0, 45.0, 24.621952986081041)
(4.0, 46.0, 24.541200346618094)
(4.0, 47.0, 23.346117037659084)
(4.0, 48.0, 22.351432814692732)
(4.0, 49.0, 23.715656873052179)
(4.0, 50.0, 24.500704612812974)
(4.0, 51.0, 23.17994328011908)
(4.0, 52.0, 24.341988927748766)
(4.0, 53.0, 22.527938919097451)
(4.0, 54.0, 22.507920132441576)
(4.0, 55.0, 21.661889493801482)
(4.0, 56.0, 24.186290668826416)
(4.0, 57.0, 24.16767140308454)
(4.0, 58.0, 21.855639341954152)
(4.0, 59.0, 22.990673439371655)
(4.0, 60.0, 23.54718176199184)
(4.0, 61.0, 19.626096370922959)
(4.0, 62.0, 25.145360424513946)
(4.0, 63.0, 22.443723192514192)
(4.0, 64.0, 21.203680099174836)
(4.0, 65.0, 22.506266295357037)
(4.0, 66.0, 23.044848177206763)
(4.0, 67.0, 21.73599868467544)
(4.0, 68.0, 25.591924883597784)
(4.0, 69.0, 23.507095004426208)
(4.0, 70.0, 25.231830892805419)
(4.0, 71.0, 23.173609198479692)
(4.0, 72.0, 20.107002894902035)
(4.0, 73.0, 21.673247618507382)
(4.0, 74.0, 21.964071617495076)
(4.0, 75.0, 25.567408125793865)
(4.0, 76.0, 22.153629078670679)
(4.0, 77.0, 21.777167526521275)
(4.0, 78.0, 23.917835419136978)
(4.0, 79.0, 21.974712299552774)
(4.0, 80.0, 24.614145828701322)
(4.0, 81.0, 19.038502561833585)
(4.0, 82.0, 20.134974919299296)
(4.0, 83.0, 21.759482402643723)
(4.0, 84.0, 22.919741560871085)
(4.0, 85.0, 24.8383904224251)
(4.0, 86.0, 24.359232165657232)
(4.0, 87.0, 21.97425489177305)
(4.0, 88.0, 23.440229052031199)
(4.0, 89.0, 23.87006411594902)
(4.0, 90.0, 22.306266521395703)
(4.0, 91.0, 22.896859513101617)
(4.0, 92.0, 22.591133989903817)
(4.0, 93.0, 23.40223721447401)
(4.0, 94.0, 23.02061269406585)
(4.0, 95.0, 21.163538822636109)
(4.0, 96.0, 21.538020791568201)
(4.0, 97.0, 24.312715768615)
(4.0, 98.0, 24.713951462970453)
(4.0, 99.0, 23.956263591693361)
(4.0, 100.0, 23.44261030049795)
(4.0, 101.0, 21.212480563711235)
(4.0, 102.0, 23.615484800336645)
(4.0, 103.0, 24.53496732512998)
(4.0, 104.0, 24.131638425983439)
(4.0, 105.0, 23.871376679682541)
(4.0, 106.0, 24.425030038172693)
(4.0, 107.0, 23.275253987290991)
(4.0, 108.0, 22.194074065973357)
(4.0, 109.0, 22.79194001421585)
(4.0, 110.0, 22.84118007319017)
(4.0, 111.0, 24.873965035086609)
(4.0, 112.0, 26.044256895494264)
(4.0, 113.0, 24.177360949344347)
(4.0, 114.0, 23.67150042116948)
(4.0, 115.0, 21.502217781712929)
(4.0, 116.0, 21.727715787006712)
(4.0, 117.0, 21.859211577919964)
(4.0, 118.0, 24.719253307125797)
(4.0, 119.0, 23.072565245589434)
(4.0, 120.0, 24.843236521823421)
(4.0, 121.0, 24.273964032412518)
(4.0, 122.0, 23.523190448909119)
(4.0, 123.0, 26.263675650804014)
(4.0, 124.0, 23.542449194979771)
(4.0, 125.0, 25.770124810766397)
(4.0, 126.0, 22.256476925361845)
(4.0, 127.0, 24.763141219303165)
(4.0, 128.0, 23.440862346654239)
(4.0, 129.0, 24.565009952834593)
(4.0, 130.0, 23.39943235097293)
(4.0, 131.0, 22.432817002047074)
(4.0, 132.0, 19.780794477217498)
(4.0, 133.0, 21.280775153473702)
(4.0, 134.0, 23.40268184340913)
(4.0, 135.0, 23.692119682196797)
(4.0, 136.0, 24.552818324084186)
(4.0, 137.0, 23.793807020240731)
(4.0, 138.0, 20.898886956233497)
(4.0, 139.0, 25.986134756363285)
(4.0, 140.0, 26.273921632670913)
(4.0, 141.0, 23.068935444685842)
(4.0, 142.0, 23.611439180174386)
(4.0, 143.0, 24.621848989035954)
(4.0, 144.0, 21.744161305692892)
(4.0, 145.0, 24.299242684586577)
(4.0, 146.0, 27.026080097949119)
(4.0, 147.0, 21.368430418332981)
(4.0, 148.0, 22.876255063145191)
(4.0, 149.0, 22.274655147929877)
(4.0, 150.0, 26.59913527017984)
(4.0, 151.0, 26.641788493510333)
(4.0, 152.0, 23.634463804920916)
(4.0, 153.0, 24.8134037204888)
(4.0, 154.0, 24.543700776656529)
(4.0, 155.0, 23.511013898523121)
(4.0, 156.0, 23.120607235130286)
(4.0, 157.0, 26.075003110872185)
(4.0, 158.0, 25.87279874938304)
(4.0, 159.0, 23.164282360673539)
(4.0, 160.0, 23.491506245762288)
(4.0, 161.0, 24.962592014108033)
(4.0, 162.0, 21.739689080702952)
(4.0, 163.0, 20.675714175987661)
(4.0, 164.0, 22.215793034288772)
(4.0, 165.0, 23.206015177140738)
(4.0, 166.0, 24.069934924442197)
(4.0, 167.0, 23.105719477982994)
(4.0, 168.0, 22.84663302007208)
(4.0, 169.0, 22.974592580504925)
(4.0, 170.0, 22.356515484888522)
(4.0, 171.0, 25.220203058353508)
(4.0, 172.0, 25.44446750401071)
(4.0, 173.0, 23.6783699687895)
(4.0, 174.0, 20.32169256111079)
(4.0, 175.0, 24.121334408100555)
(4.0, 176.0, 22.539482971764755)
(4.0, 177.0, 24.728158656878882)
(4.0, 178.0, 21.628272509148012)
(4.0, 179.0, 25.383414630385321)
(4.0, 180.0, 24.048896835267783)
(4.0, 181.0, 23.968374800452317)
(4.0, 182.0, 24.085157659118682)
(4.0, 183.0, 22.220701010214707)
(4.0, 184.0, 22.775091428723762)
(4.0, 185.0, 23.259699886298527)
(4.0, 186.0, 22.84741438476177)
(4.0, 187.0, 23.920611236817052)
(4.0, 188.0, 22.45491546760784)
(4.0, 189.0, 24.995218175004076)
(4.0, 190.0, 23.051935532221144)
(4.0, 191.0, 23.516542308180071)
(4.0, 192.0, 23.703154540357005)
(4.0, 193.0, 23.018832329057439)
(4.0, 194.0, 23.658857072542887)
(4.0, 195.0, 25.020061186873818)
(4.0, 196.0, 24.13500151227851)
(4.0, 197.0, 23.995328012525615)
(4.0, 198.0, 22.75844557116497)
(4.0, 199.0, 22.368897468005926)
(5.0, 0.0, 21.983973322042026)
(5.0, 1.0, 26.063117022271381)
(5.0, 2.0, 24.484808784904232)
(5.0, 3.0, 26.864087239299781)
(5.0, 4.0, 22.466536340785748)
(5.0, 5.0, 26.24945218844022)
(5.0, 6.0, 28.942532021718087)
(5.0, 7.0, 27.687972552848578)
(5.0, 8.0, 25.37227496231132)
(5.0, 9.0, 27.447111298246199)
(5.0, 10.0, 24.610918578352329)
(5.0, 11.0, 28.341235438236961)
(5.0, 12.0, 26.930383574346653)
(5.0, 13.0, 26.041755690062203)
(5.0, 14.0, 25.105390363982529)
(5.0, 15.0, 25.841320513569336)
(5.0, 16.0, 23.423006984655274)
(5.0, 17.0, 25.861082088519229)
(5.0, 18.0, 26.84135951958114)
(5.0, 19.0, 29.833758238552075)
(5.0, 20.0, 25.828666305869366)
(5.0, 21.0, 24.135867599595002)
(5.0, 22.0, 26.244460632012082)
(5.0, 23.0, 28.51854189619775)
(5.0, 24.0, 20.605568270230176)
(5.0, 25.0, 20.907563793413139)
(5.0, 26.0, 24.975437668124421)
(5.0, 27.0, 29.13558685018841)
(5.0, 28.0, 25.877194932097407)
(5.0, 29.0, 26.221430852848449)
(5.0, 30.0, 26.146390263225634)
(5.0, 31.0, 25.257455921642322)
(5.0, 32.0, 25.832517704520953)
(5.0, 33.0, 27.338621981720543)
(5.0, 34.0, 26.729566485007236)
(5.0, 35.0, 25.634859943825859)
(5.0, 36.0, 24.045282213728218)
(5.0, 37.0, 27.504973733150322)
(5.0, 38.0, 26.800629793825671)
(5.0, 39.0, 23.476795348947249)
(5.0, 40.0, 24.581051321330325)
(5.0, 41.0, 25.914626235418723)
(5.0, 42.0, 25.318638482103214)
(5.0, 43.0, 27.744444230039196)
(5.0, 44.0, 28.669523530244355)
(5.0, 45.0, 25.604440531643618)
(5.0, 46.0, 26.419525940213585)
(5.0, 47.0, 26.509657515592075)
(5.0, 48.0, 24.54695590851729)
(5.0, 49.0, 27.511677197804488)
(5.0, 50.0, 29.508247401569509)
(5.0, 51.0, 27.772295963580945)
(5.0, 52.0, 27.031288074553501)
(5.0, 53.0, 26.35101077853458)
(5.0, 54.0, 23.449932634524895)
(5.0, 55.0, 26.252745097654302)
(5.0, 56.0, 28.642177471290392)
(5.0, 57.0, 25.029105266632254)
(5.0, 58.0, 27.016481848782053)
(5.0, 59.0, 24.127441626558578)
(5.0, 60.0, 27.057492089749974)
(5.0, 61.0, 23.982464805424669)
(5.0, 62.0, 26.406002104861173)
(5.0, 63.0, 25.810926038778554)
(5.0, 64.0, 24.40676502056991)
(5.0, 65.0, 25.145667248555483)
(5.0, 66.0, 27.840852367924764)
(5.0, 67.0, 23.939420085629248)
(5.0, 68.0, 26.62102339513994)
(5.0, 69.0, 26.011877029911073)
(5.0, 70.0, 27.648883282357104)
(5.0, 71.0, 25.448984775340765)
(5.0, 72.0, 24.598796733373653)
(5.0, 73.0, 23.920322825858758)
(5.0, 74.0, 23.722357630045401)
(5.0, 75.0, 26.995877175473517)
(5.0, 76.0, 24.248036903958912)
(5.0, 77.0, 23.258181522364662)
(5.0, 78.0, 26.271021017781798)
(5.0, 79.0, 25.617592366839716)
(5.0, 80.0, 27.961865610582581)
(5.0, 81.0, 20.837381426383665)
(5.0, 82.0, 22.459313680077752)
(5.0, 83.0, 25.461348468897139)
(5.0, 84.0, 26.453275528904296)
(5.0, 85.0, 26.248492057233207)
(5.0, 86.0, 28.144415443771042)
(5.0, 87.0, 23.587836957240636)
(5.0, 88.0, 24.915152893524347)
(5.0, 89.0, 27.090566791883735)
(5.0, 90.0, 27.081073139782781)
(5.0, 91.0, 25.681023157028022)
(5.0, 92.0, 23.995770947677812)
(5.0, 93.0, 26.884163264245679)
(5.0, 94.0, 27.584435016751009)
(5.0, 95.0, 23.492451902289133)
(5.0, 96.0, 23.502916027131249)
(5.0, 97.0, 25.877685514344506)
(5.0, 98.0, 24.803083935933181)
(5.0, 99.0, 26.928402973991592)
(5.0, 100.0, 27.376491134478957)
(5.0, 101.0, 24.115828036641613)
(5.0, 102.0, 25.33614867149312)
(5.0, 103.0, 28.444765985213056)
(5.0, 104.0, 28.355820081886804)
(5.0, 105.0, 26.508581450080822)
(5.0, 106.0, 24.970586317199736)
(5.0, 107.0, 24.251952927976038)
(5.0, 108.0, 25.074893577335011)
(5.0, 109.0, 25.220341916135567)
(5.0, 110.0, 24.433271185249801)
(5.0, 111.0, 28.599036300771697)
(5.0, 112.0, 29.283870185829574)
(5.0, 113.0, 25.458211943443981)
(5.0, 114.0, 27.511840243903897)
(5.0, 115.0, 24.900799898873473)
(5.0, 116.0, 23.96152243384811)
(5.0, 117.0, 24.027482951966171)
(5.0, 118.0, 25.782401838020586)
(5.0, 119.0, 25.360953911167492)
(5.0, 120.0, 27.855075068804894)
(5.0, 121.0, 26.497226602150793)
(5.0, 122.0, 25.234719663932097)
(5.0, 123.0, 27.520874543036374)
(5.0, 124.0, 26.245452093420447)
(5.0, 125.0, 26.920486294634252)
(5.0, 126.0, 25.84832269944372)
(5.0, 127.0, 27.577366950662132)
(5.0, 128.0, 24.254414772980823)
(5.0, 129.0, 27.792606406209536)
(5.0, 130.0, 26.591279144680101)
(5.0, 131.0, 26.199600006579388)
(5.0, 132.0, 21.395685506127201)
(5.0, 133.0, 24.650960875956891)
(5.0, 134.0, 27.200271496679264)
(5.0, 135.0, 25.594265507690267)
(5.0, 136.0, 25.424002923104133)
(5.0, 137.0, 24.512638146747353)
(5.0, 138.0, 24.893748051070816)
(5.0, 139.0, 28.350834509349149)
(5.0, 140.0, 29.188819459044272)
(5.0, 141.0, 26.548029045558373)
(5.0, 142.0, 27.609629056734661)
(5.0, 143.0, 27.744900199161517)
(5.0, 144.0, 25.270441442552549)
(5.0, 145.0, 25.972951839754565)
(5.0, 146.0, 30.22738331571437)
(5.0, 147.0, 23.139351123201507)
(5.0, 148.0, 25.320023200084936)
(5.0, 149.0, 26.936661793245456)
(5.0, 150.0, 29.770197153793923)
(5.0, 151.0, 29.687267051648412)
(5.0, 152.0, 27.596335790026849)
(5.0, 153.0, 28.608692839496058)
(5.0, 154.0, 27.29340570038892)
(5.0, 155.0, 25.790125808156183)
(5.0, 156.0, 26.314554946684474)
(5.0, 157.0, 29.774988253607926)
(5.0, 158.0, 29.15391425730828)
(5.0, 159.0, 26.668265761071542)
(5.0, 160.0, 23.547402144756298)
(5.0, 161.0, 25.275371048045116)
(5.0, 162.0, 27.614777270685391)
(5.0, 163.0, 23.320643796753711)
(5.0, 164.0, 25.66438975380543)
(5.0, 165.0, 25.680099918080977)
(5.0, 166.0, 28.258962056763682)
(5.0, 167.0, 24.939190244533325)
(5.0, 168.0, 26.210126457060547)
(5.0, 169.0, 26.160984859714226)
(5.0, 170.0, 24.54761762862363)
(5.0, 171.0, 27.243316838082556)
(5.0, 172.0, 28.282262624371473)
(5.0, 173.0, 26.361820619533493)
(5.0, 174.0, 23.024027541882923)
(5.0, 175.0, 28.355993821248262)
(5.0, 176.0, 25.782226451391161)
(5.0, 177.0, 28.303510731389014)
(5.0, 178.0, 25.534977623734775)
(5.0, 179.0, 27.250307044220818)
(5.0, 180.0, 25.195431274000548)
(5.0, 181.0, 26.539290680719539)
(5.0, 182.0, 27.005235593381009)
(5.0, 183.0, 24.928538644959271)
(5.0, 184.0, 24.903323822586117)
(5.0, 185.0, 25.512289364497185)
(5.0, 186.0, 25.625246703801253)
(5.0, 187.0, 28.861319085835412)
(5.0, 188.0, 26.19473691993899)
(5.0, 189.0, 28.280655041803691)
(5.0, 190.0, 28.393550572126202)
(5.0, 191.0, 25.955732184477213)
(5.0, 192.0, 25.728563171601316)
(5.0, 193.0, 27.135061407510698)
(5.0, 194.0, 29.056217279884009)
(5.0, 195.0, 26.997627906255818)
(5.0, 196.0, 26.916302899571065)
(5.0, 197.0, 28.892924707265109)
(5.0, 198.0, 24.83596934946663)
(5.0, 199.0, 23.889695534552441)
(6.0, 0.0, 19.542176210337374)
(6.0, 1.0, 21.341188519466442)
(6.0, 2.0, 19.19998932288037)
(6.0, 3.0, 21.588098444715666)
(6.0, 4.0, 20.14973676924761)
(6.0, 5.0, 22.71292121783376)
(6.0, 6.0, 22.303265834648148)
(6.0, 7.0, 22.632200771759642)
(6.0, 8.0, 19.396712564412177)
(6.0, 9.0, 22.616040220333254)
(6.0, 10.0, 21.818071905218346)
(6.0, 11.0, 23.398240961706598)
(6.0, 12.0, 22.306072240806998)
(6.0, 13.0, 22.595760161738266)
(6.0, 14.0, 22.954904363059491)
(6.0, 15.0, 20.704666849790719)
(6.0, 16.0, 22.312225809289902)
(6.0, 17.0, 22.924117238185421)
(6.0, 18.0, 23.338210319044862)
(6.0, 19.0, 26.308715151948181)
(6.0, 20.0, 22.081729450697797)
(6.0, 21.0, 21.080212011270799)
(6.0, 22.0, 24.946318809598807)
(6.0, 23.0, 24.058703258062067)
(6.0, 24.0, 17.443816017657941)
(6.0, 25.0, 19.750401028457901)
(6.0, 26.0, 20.287787727288794)
(6.0, 27.0, 25.4289712941255)
(6.0, 28.0, 22.739583483972641)
(6.0, 29.0, 21.249778374853939)
(6.0, 30.0, 22.495775805603905)
(6.0, 31.0, 18.71226154568253)
(6.0, 32.0, 23.26784439245019)
(6.0, 33.0, 21.345303017318393)
(6.0, 34.0, 23.28734366980165)
(6.0, 35.0, 23.400132044853095)
(6.0, 36.0, 19.413920533379411)
(6.0, 37.0, 24.128649793169966)
(6.0, 38.0, 25.316113201474785)
(6.0, 39.0, 20.152397621237004)
(6.0, 40.0, 20.77447643239201)
(6.0, 41.0, 22.358489484295234)
(6.0, 42.0, 21.521073336446467)
(6.0, 43.0, 23.342811501333316)
(6.0, 44.0, 24.460249190158603)
(6.0, 45.0, 22.858897099642142)
(6.0, 46.0, 22.956292825867379)
(6.0, 47.0, 21.393076987852687)
(6.0, 48.0, 21.302475834038912)
(6.0, 49.0, 23.89719687440774)
(6.0, 50.0, 23.950367415659848)
(6.0, 51.0, 22.754588512561948)
(6.0, 52.0, 23.34695930983581)
(6.0, 53.0, 21.753037690419571)
(6.0, 54.0, 21.133504923529628)
(6.0, 55.0, 20.785039819393692)
(6.0, 56.0, 22.873625012139332)
(6.0, 57.0, 21.715956676741637)
(6.0, 58.0, 20.688813871864006)
(6.0, 59.0, 22.780487339017697)
(6.0, 60.0, 23.946950547393556)
(6.0, 61.0, 20.879785317052871)
(6.0, 62.0, 22.702269025511512)
(6.0, 63.0, 20.81874031308773)
(6.0, 64.0, 19.758062110574741)
(6.0, 65.0, 22.614505567177048)
(6.0, 66.0, 21.503476121213897)
(6.0, 67.0, 21.785092898395682)
(6.0, 68.0, 23.806528615056376)
(6.0, 69.0, 23.045512544853711)
(6.0, 70.0, 22.67408427591733)
(6.0, 71.0, 21.861623442997672)
(6.0, 72.0, 19.577372043517091)
(6.0, 73.0, 20.026255844764425)
(6.0, 74.0, 21.361686741853713)
(6.0, 75.0, 22.55790116217668)
(6.0, 76.0, 21.28074549419253)
(6.0, 77.0, 21.369083770650622)
(6.0, 78.0, 22.020351262400055)
(6.0, 79.0, 20.665835667310628)
(6.0, 80.0, 24.736163837339422)
(6.0, 81.0, 18.946346404395172)
(6.0, 82.0, 18.719005381947518)
(6.0, 83.0, 20.491598416477999)
(6.0, 84.0, 22.261610284876848)
(6.0, 85.0, 24.668377116314211)
(6.0, 86.0, 23.119709509250495)
(6.0, 87.0, 21.176668137372271)
(6.0, 88.0, 22.412938701706484)
(6.0, 89.0, 22.968871893684835)
(6.0, 90.0, 23.209572006816948)
(6.0, 91.0, 22.569308954753339)
(6.0, 92.0, 20.237509481634376)
(6.0, 93.0, 22.133375975804015)
(6.0, 94.0, 21.809886841820095)
(6.0, 95.0, 20.822879802422705)
(6.0, 96.0, 21.072009005883032)
(6.0, 97.0, 21.369513967191846)
(6.0, 98.0, 21.010754918250534)
(6.0, 99.0, 22.606849709418515)
(6.0, 100.0, 23.348702799752026)
(6.0, 101.0, 21.091354510945166)
(6.0, 102.0, 23.671055237843362)
(6.0, 103.0, 22.976645584273378)
(6.0, 104.0, 23.015995572938479)
(6.0, 105.0, 21.317209833433193)
(6.0, 106.0, 22.332805820436747)
(6.0, 107.0, 20.65824932716087)
(6.0, 108.0, 22.58680531045324)
(6.0, 109.0, 19.887539831555035)
(6.0, 110.0, 22.981774990702618)
(6.0, 111.0, 24.208111885797383)
(6.0, 112.0, 25.157845563702921)
(6.0, 113.0, 22.28677962712548)
(6.0, 114.0, 22.988573883114775)
(6.0, 115.0, 21.781105476211565)
(6.0, 116.0, 20.673088113453087)
(6.0, 117.0, 21.782841962410906)
(6.0, 118.0, 23.518404091674519)
(6.0, 119.0, 21.449978292763177)
(6.0, 120.0, 24.032515296881307)
(6.0, 121.0, 21.944108284275185)
(6.0, 122.0, 21.729776599558768)
(6.0, 123.0, 24.161613294400968)
(6.0, 124.0, 22.597070200158445)
(6.0, 125.0, 23.984338112034383)
(6.0, 126.0, 22.650017292679394)
(6.0, 127.0, 23.655898244992681)
(6.0, 128.0, 22.14849953388411)
(6.0, 129.0, 23.099495300501541)
(6.0, 130.0, 23.334389535407404)
(6.0, 131.0, 20.824031437822121)
(6.0, 132.0, 18.461423618752672)
(6.0, 133.0, 18.219534358295761)
(6.0, 134.0, 23.399520758432473)
(6.0, 135.0, 23.738485053231486)
(6.0, 136.0, 22.777898186652216)
(6.0, 137.0, 22.590990835325648)
(6.0, 138.0, 21.04156258516937)
(6.0, 139.0, 24.576524134065611)
(6.0, 140.0, 24.397878601303386)
(6.0, 141.0, 22.746222249020132)
(6.0, 142.0, 23.419318656409164)
(6.0, 143.0, 22.945230969220255)
(6.0, 144.0, 21.830452531311785)
(6.0, 145.0, 24.481342294895668)
(6.0, 146.0, 24.903276586557595)
(6.0, 147.0, 20.290121042341397)
(6.0, 148.0, 21.478364676582252)
(6.0, 149.0, 22.202800606948543)
(6.0, 150.0, 25.948183001392572)
(6.0, 151.0, 26.219182319598971)
(6.0, 152.0, 23.79783624279013)
(6.0, 153.0, 24.028711386360847)
(6.0, 154.0, 24.538723924763421)
(6.0, 155.0, 24.379798579959498)
(6.0, 156.0, 22.671372482425276)
(6.0, 157.0, 25.07123272516268)
(6.0, 158.0, 25.321400157335415)
(6.0, 159.0, 21.008156578628068)
(6.0, 160.0, 20.666594702769743)
(6.0, 161.0, 22.826678828339237)
(6.0, 162.0, 22.490221227557562)
(6.0, 163.0, 21.527668064380826)
(6.0, 164.0, 22.011470181471989)
(6.0, 165.0, 22.880717824097164)
(6.0, 166.0, 24.284495722551128)
(6.0, 167.0, 23.503728283451299)
(6.0, 168.0, 22.803856937913672)
(6.0, 169.0, 21.416530854189869)
(6.0, 170.0, 19.833022415506338)
(6.0, 171.0, 23.571990394849117)
(6.0, 172.0, 25.27409407004259)
(6.0, 173.0, 22.563016641263868)
(6.0, 174.0, 19.102553185149041)
(6.0, 175.0, 23.262109383951096)
(6.0, 176.0, 21.165448504754306)
(6.0, 177.0, 23.327220078075666)
(6.0, 178.0, 20.644563025707996)
(6.0, 179.0, 23.80049303093276)
(6.0, 180.0, 21.745134484550164)
(6.0, 181.0, 23.542430936996368)
(6.0, 182.0, 22.745961399878233)
(6.0, 183.0, 22.001395459921028)
(6.0, 184.0, 20.582422234644081)
(6.0, 185.0, 22.059444905343987)
(6.0, 186.0, 21.260658317339775)
(6.0, 187.0, 24.563084718423951)
(6.0, 188.0, 20.539555078340527)
(6.0, 189.0, 22.704007396052909)
(6.0, 190.0, 22.705365574366375)
(6.0, 191.0, 22.399207723385871)
(6.0, 192.0, 21.863248118891889)
(6.0, 193.0, 21.582416952274212)
(6.0, 194.0, 24.543312137195613)
(6.0, 195.0, 21.579809546525013)
(6.0, 196.0, 24.621997952793699)
(6.0, 197.0, 21.624016238082959)
(6.0, 198.0, 20.892977385245366)
(6.0, 199.0, 21.90726350816384)
(7.0, 0.0, 19.346375952327726)
(7.0, 1.0, 22.896263486652714)
(7.0, 2.0, 21.843074875957846)
(7.0, 3.0, 23.437106758980907)
(7.0, 4.0, 21.309270498581412)
(7.0, 5.0, 24.688547363713536)
(7.0, 6.0, 26.203291844626754)
(7.0, 7.0, 22.605941357892618)
(7.0, 8.0, 20.188799859629025)
(7.0, 9.0, 24.945355780166661)
(7.0, 10.0, 21.939381505002618)
(7.0, 11.0, 24.957359424681883)
(7.0, 12.0, 25.362324148923552)
(7.0, 13.0, 22.965741153571894)
(7.0, 14.0, 24.146919147501038)
(7.0, 15.0, 20.657016889685785)
(7.0, 16.0, 23.917422595356143)
(7.0, 17.0, 24.119692824914477)
(7.0, 18.0, 23.889470954037151)
(7.0, 19.0, 25.50920996128329)
(7.0, 20.0, 25.066578073779844)
(7.0, 21.0, 21.964727427888636)
(7.0, 22.0, 24.629416479659408)
(7.0, 23.0, 26.220332559407797)
(7.0, 24.0, 19.083502303083023)
(7.0, 25.0, 18.119034530379999)
(7.0, 26.0, 22.083072626938339)
(7.0, 27.0, 26.531515732280699)
(7.0, 28.0, 22.806351364018923)
(7.0, 29.0, 23.423960886743963)
(7.0, 30.0, 23.170046707019225)
(7.0, 31.0, 21.056020599280494)
(7.0, 32.0, 22.760858569259717)
(7.0, 33.0, 22.556961431295413)
(7.0, 34.0, 22.683180149079295)
(7.0, 35.0, 24.814778018013204)
(7.0, 36.0, 19.951717863441811)
(7.0, 37.0, 24.687164776891155)
(7.0, 38.0, 25.197178307212575)
(7.0, 39.0, 20.680678924579453)
(7.0, 40.0, 22.330286652186011)
(7.0, 41.0, 21.568275125618559)
(7.0, 42.0, 22.551283371764882)
(7.0, 43.0, 26.100559663378554)
(7.0, 44.0, 25.831497518993555)
(7.0, 45.0, 22.973609170521524)
(7.0, 46.0, 23.56840991063897)
(7.0, 47.0, 23.238726882322165)
(7.0, 48.0, 20.543078145834958)
(7.0, 49.0, 25.672142123476863)
(7.0, 50.0, 24.618390883257096)
(7.0, 51.0, 25.096396619592511)
(7.0, 52.0, 24.623020913237447)
(7.0, 53.0, 21.604056124847759)
(7.0, 54.0, 22.178146014127833)
(7.0, 55.0, 22.513821421975102)
(7.0, 56.0, 24.268988640668102)
(7.0, 57.0, 22.598231205517546)
(7.0, 58.0, 22.874351731815548)
(7.0, 59.0, 22.136082733467973)
(7.0, 60.0, 23.912216071494651)
(7.0, 61.0, 21.041256697029322)
(7.0, 62.0, 23.85859448576683)
(7.0, 63.0, 23.805806953936571)
(7.0, 64.0, 19.860660408365568)
(7.0, 65.0, 22.55675200168989)
(7.0, 66.0, 23.834261906024846)
(7.0, 67.0, 22.65679997691684)
(7.0, 68.0, 25.32986683880932)
(7.0, 69.0, 23.306288325331579)
(7.0, 70.0, 23.301382621532376)
(7.0, 71.0, 22.735689304880662)
(7.0, 72.0, 20.484367115141247)
(7.0, 73.0, 20.906368653460884)
(7.0, 74.0, 23.134251868934292)
(7.0, 75.0, 24.225477974489802)
(7.0, 76.0, 21.913306948348314)
(7.0, 77.0, 21.973958996930037)
(7.0, 78.0, 23.288394404994307)
(7.0, 79.0, 22.405756941940869)
(7.0, 80.0, 24.66245843071529)
(7.0, 81.0, 19.976534861972052)
(7.0, 82.0, 20.573595538369407)
(7.0, 83.0, 20.896701944453472)
(7.0, 84.0, 24.094126515443499)
(7.0, 85.0, 25.284969703249672)
(7.0, 86.0, 24.358586609140907)
(7.0, 87.0, 22.736153238916529)
(7.0, 88.0, 22.823261671691164)
(7.0, 89.0, 23.575462369013287)
(7.0, 90.0, 22.760313293806803)
(7.0, 91.0, 23.142335429239679)
(7.0, 92.0, 22.55152139347333)
(7.0, 93.0, 23.250048356756764)
(7.0, 94.0, 23.503623792661731)
(7.0, 95.0, 22.376287916246664)
(7.0, 96.0, 22.635227299006324)
(7.0, 97.0, 23.647946231637107)
(7.0, 98.0, 22.530548955192032)
(7.0, 99.0, 22.728050248443058)
(7.0, 100.0, 25.037042472936804)
(7.0, 101.0, 22.258297558543685)
(7.0, 102.0, 22.103996144609162)
(7.0, 103.0, 25.552418827551008)
(7.0, 104.0, 25.228293087590519)
(7.0, 105.0, 24.453175632660063)
(7.0, 106.0, 23.290926319104855)
(7.0, 107.0, 20.641715620810277)
(7.0, 108.0, 22.048444281654973)
(7.0, 109.0, 21.967297686921768)
(7.0, 110.0, 24.242804671180217)
(7.0, 111.0, 26.078233715729745)
(7.0, 112.0, 25.885582771612555)
(7.0, 113.0, 24.030093042533224)
(7.0, 114.0, 24.555169103737477)
(7.0, 115.0, 22.840040303914055)
(7.0, 116.0, 21.945619736990338)
(7.0, 117.0, 21.630599574679952)
(7.0, 118.0, 24.051393361546722)
(7.0, 119.0, 25.20241368380653)
(7.0, 120.0, 23.764480020318921)
(7.0, 121.0, 25.138170227513552)
(7.0, 122.0, 23.731039575638153)
(7.0, 123.0, 26.336916351490768)
(7.0, 124.0, 23.499085762705782)
(7.0, 125.0, 25.927025492236666)
(7.0, 126.0, 22.719037499380164)
(7.0, 127.0, 24.09226057037549)
(7.0, 128.0, 23.39735008218365)
(7.0, 129.0, 24.996543605277935)
(7.0, 130.0, 22.93876860485198)
(7.0, 131.0, 24.480395608374423)
(7.0, 132.0, 17.72559153176525)
(7.0, 133.0, 20.669233323574513)
(7.0, 134.0, 22.843311490687256)
(7.0, 135.0, 23.371891352618412)
(7.0, 136.0, 24.878136434201636)
(7.0, 137.0, 23.136711226919527)
(7.0, 138.0, 20.589516222093984)
(7.0, 139.0, 26.423017544327585)
(7.0, 140.0, 26.580627909460098)
(7.0, 141.0, 24.195434916511598)
(7.0, 142.0, 22.914606528274142)
(7.0, 143.0, 24.574182819950714)
(7.0, 144.0, 22.847557176739443)
(7.0, 145.0, 23.043167902856215)
(7.0, 146.0, 25.763457107750874)
(7.0, 147.0, 22.1866954905901)
(7.0, 148.0, 23.552365114468504)
(7.0, 149.0, 23.65890678119224)
(7.0, 150.0, 27.667933507445685)
(7.0, 151.0, 26.041386506455773)
(7.0, 152.0, 22.822875199529822)
(7.0, 153.0, 22.986198375020102)
(7.0, 154.0, 24.145740612721216)
(7.0, 155.0, 23.422305193920646)
(7.0, 156.0, 22.48991444591659)
(7.0, 157.0, 25.569435566931716)
(7.0, 158.0, 25.486621497890969)
(7.0, 159.0, 24.948130505572752)
(7.0, 160.0, 23.409992359064702)
(7.0, 161.0, 25.201274518364546)
(7.0, 162.0, 22.021866977274449)
(7.0, 163.0, 21.627493040496972)
(7.0, 164.0, 21.929837868656826)
(7.0, 165.0, 23.288099573306614)
(7.0, 166.0, 24.503800125339367)
(7.0, 167.0, 23.413167254192722)
(7.0, 168.0, 23.804212995952618)
(7.0, 169.0, 23.836869555365823)
(7.0, 170.0, 21.881980434012895)
(7.0, 171.0, 24.778143298713427)
(7.0, 172.0, 25.792369171072494)
(7.0, 173.0, 23.458191361281834)
(7.0, 174.0, 20.848279292667691)
(7.0, 175.0, 25.299815127573151)
(7.0, 176.0, 23.138788618576967)
(7.0, 177.0, 24.93574595651781)
(7.0, 178.0, 22.716789007783024)
(7.0, 179.0, 25.020575873216757)
(7.0, 180.0, 24.393750620962059)
(7.0, 181.0, 24.147504213537665)
(7.0, 182.0, 22.807105102112025)
(7.0, 183.0, 23.159402324694874)
(7.0, 184.0, 22.039326518378367)
(7.0, 185.0, 24.004394571240606)
(7.0, 186.0, 22.638851282564339)
(7.0, 187.0, 22.871534493139208)
(7.0, 188.0, 22.090626889086064)
(7.0, 189.0, 25.634103402635994)
(7.0, 190.0, 23.02637712239596)
(7.0, 191.0, 21.958102784245423)
(7.0, 192.0, 22.084590724955156)
(7.0, 193.0, 22.648438887276551)
(7.0, 194.0, 24.712836656134172)
(7.0, 195.0, 22.1843611103548)
(7.0, 196.0, 23.469077764836001)
(7.0, 197.0, 23.099700300319945)
(7.0, 198.0, 22.476880123640999)
(7.0, 199.0, 22.736258031382008)
(8.0, 0.0, 21.301109420178587)
(8.0, 1.0, 23.274776505971854)
(8.0, 2.0, 21.83320527971188)
(8.0, 3.0, 24.658447304965375)
(8.0, 4.0, 22.561635184914948)
(8.0, 5.0, 25.481334377466222)
(8.0, 6.0, 25.23370500107692)
(8.0, 7.0, 25.599365400908621)
(8.0, 8.0, 21.177443443352125)
(8.0, 9.0, 25.501967588223057)
(8.0, 10.0, 23.798436335708459)
(8.0, 11.0, 26.124402680711487)
(8.0, 12.0, 26.174055120980967)
(8.0, 13.0, 24.109466483393824)
(8.0, 14.0, 24.895891864678546)
(8.0, 15.0, 23.121377144996249)
(8.0, 16.0, 23.387623383937857)
(8.0, 17.0, 25.035125265298966)
(8.0, 18.0, 24.436814960124224)
(8.0, 19.0, 27.97255352221261)
(8.0, 20.0, 25.103767353672378)
(8.0, 21.0, 24.771647605286422)
(8.0, 22.0, 25.460794862829054)
(8.0, 23.0, 26.293015730191541)
(8.0, 24.0, 19.594642021436918)
(8.0, 25.0, 19.993417998221709)
(8.0, 26.0, 24.384826982243791)
(8.0, 27.0, 27.567205901532724)
(8.0, 28.0, 24.629928611905719)
(8.0, 29.0, 23.300739184932233)
(8.0, 30.0, 23.98683776758449)
(8.0, 31.0, 23.910117439697483)
(8.0, 32.0, 25.785482013937408)
(8.0, 33.0, 24.868382263680303)
(8.0, 34.0, 24.872073663884137)
(8.0, 35.0, 25.573928513560126)
(8.0, 36.0, 23.716627954495959)
(8.0, 37.0, 23.613484556962121)
(8.0, 38.0, 25.512214172174318)
(8.0, 39.0, 21.601117458680417)
(8.0, 40.0, 22.687821624516221)
(8.0, 41.0, 24.64431653350465)
(8.0, 42.0, 21.735031879476981)
(8.0, 43.0, 26.920696708884865)
(8.0, 44.0, 28.557175566444265)
(8.0, 45.0, 24.321095497779723)
(8.0, 46.0, 24.963600031560404)
(8.0, 47.0, 23.995539021125428)
(8.0, 48.0, 21.550496943005442)
(8.0, 49.0, 27.134717846256823)
(8.0, 50.0, 27.628871221310863)
(8.0, 51.0, 27.924326978609294)
(8.0, 52.0, 26.144386285453294)
(8.0, 53.0, 23.854319898081915)
(8.0, 54.0, 22.36820645832292)
(8.0, 55.0, 24.758808461779047)
(8.0, 56.0, 26.010175845299688)
(8.0, 57.0, 24.663659978308139)
(8.0, 58.0, 22.415319181187055)
(8.0, 59.0, 23.603488496011746)
(8.0, 60.0, 25.522386326962721)
(8.0, 61.0, 22.277148749821553)
(8.0, 62.0, 26.078556782498783)
(8.0, 63.0, 24.04905469676682)
(8.0, 64.0, 24.10268328768889)
(8.0, 65.0, 23.545431399761625)
(8.0, 66.0, 23.852248062339008)
(8.0, 67.0, 25.722225491758142)
(8.0, 68.0, 24.316300589881731)
(8.0, 69.0, 24.764609424364391)
(8.0, 70.0, 26.644358234042798)
(8.0, 71.0, 23.171831977211337)
(8.0, 72.0, 22.757771621089798)
(8.0, 73.0, 23.404787388100644)
(8.0, 74.0, 25.636870805125511)
(8.0, 75.0, 25.950602166117303)
(8.0, 76.0, 25.720101945691848)
(8.0, 77.0, 23.974917033469708)
(8.0, 78.0, 24.754567218115149)
(8.0, 79.0, 24.843501527773142)
(8.0, 80.0, 25.552959342352743)
(8.0, 81.0, 20.752808789493837)
(8.0, 82.0, 21.902773499660046)
(8.0, 83.0, 22.538732167879743)
(8.0, 84.0, 26.207725920872818)
(8.0, 85.0, 27.292449331229676)
(8.0, 86.0, 24.999119452184416)
(8.0, 87.0, 24.872905229500113)
(8.0, 88.0, 22.959571765932289)
(8.0, 89.0, 26.293302619228744)
(8.0, 90.0, 24.632865745706138)
(8.0, 91.0, 23.288129260817694)
(8.0, 92.0, 23.861096505501003)
(8.0, 93.0, 25.055081921775749)
(8.0, 94.0, 25.115780191553977)
(8.0, 95.0, 24.383283563877278)
(8.0, 96.0, 23.324112775449223)
(8.0, 97.0, 24.039262226661229)
(8.0, 98.0, 24.606887333788805)
(8.0, 99.0, 25.175577655061286)
(8.0, 100.0, 26.597701679665867)
(8.0, 101.0, 23.666879318908428)
(8.0, 102.0, 25.74119998834589)
(8.0, 103.0, 25.99348223254901)
(8.0, 104.0, 27.995235869417645)
(8.0, 105.0, 25.153533874066401)
(8.0, 106.0, 23.208445035178634)
(8.0, 107.0, 23.390030134539316)
(8.0, 108.0, 25.425694164699273)
(8.0, 109.0, 24.965445960134439)
(8.0, 110.0, 24.258229259738052)
(8.0, 111.0, 25.748180384179598)
(8.0, 112.0, 28.494071514077682)
(8.0, 113.0, 24.535618747720093)
(8.0, 114.0, 26.619018144880549)
(8.0, 115.0, 26.169837593169344)
(8.0, 116.0, 22.244887675631809)
(8.0, 117.0, 20.798668425304143)
(8.0, 118.0, 25.167406799901713)
(8.0, 119.0, 26.692274377268006)
(8.0, 120.0, 25.114237283467389)
(8.0, 121.0, 25.725783302618616)
(8.0, 122.0, 24.712100954710401)
(8.0, 123.0, 26.544353828770898)
(8.0, 124.0, 24.404718589060987)
(8.0, 125.0, 26.673636019462649)
(8.0, 126.0, 23.668603789971165)
(8.0, 127.0, 26.042090259688262)
(8.0, 128.0, 24.165938235151298)
(8.0, 129.0, 25.902556659082407)
(8.0, 130.0, 25.187453579212878)
(8.0, 131.0, 25.58689858483578)
(8.0, 132.0, 21.444232339275711)
(8.0, 133.0, 23.404427373582095)
(8.0, 134.0, 24.627948470565332)
(8.0, 135.0, 24.859736134102075)
(8.0, 136.0, 26.830432064621313)
(8.0, 137.0, 25.183674988784006)
(8.0, 138.0, 25.523884127140498)
(8.0, 139.0, 27.771231419135056)
(8.0, 140.0, 27.911230664509645)
(8.0, 141.0, 22.157196829333873)
(8.0, 142.0, 23.789063040904651)
(8.0, 143.0, 24.058186737291766)
(8.0, 144.0, 24.821891925983614)
(8.0, 145.0, 26.940543769778579)
(8.0, 146.0, 26.056705563925696)
(8.0, 147.0, 22.858842870882803)
(8.0, 148.0, 23.681428100042091)
(8.0, 149.0, 26.158149284313993)
(8.0, 150.0, 28.195615419781817)
(8.0, 151.0, 27.359242616467512)
(8.0, 152.0, 26.381681638162586)
(8.0, 153.0, 25.044123738724156)
(8.0, 154.0, 25.89515123856328)
(8.0, 155.0, 26.250459956404299)
(8.0, 156.0, 26.482045304273921)
(8.0, 157.0, 27.284346784310586)
(8.0, 158.0, 25.967582029331325)
(8.0, 159.0, 25.927619413774032)
(8.0, 160.0, 23.542418151552965)
(8.0, 161.0, 24.676950611928689)
(8.0, 162.0, 25.412289627536545)
(8.0, 163.0, 23.024968886230006)
(8.0, 164.0, 24.822129224692723)
(8.0, 165.0, 25.326142636585587)
(8.0, 166.0, 26.384814363906525)
(8.0, 167.0, 23.09373668598829)
(8.0, 168.0, 24.107165335965018)
(8.0, 169.0, 24.138026522320892)
(8.0, 170.0, 22.096502266502139)
(8.0, 171.0, 26.841449306420042)
(8.0, 172.0, 26.904913831151006)
(8.0, 173.0, 25.30990924511968)
(8.0, 174.0, 23.764050231131918)
(8.0, 175.0, 27.334668698011413)
(8.0, 176.0, 23.776122037433886)
(8.0, 177.0, 26.462697183546787)
(8.0, 178.0, 22.329350227022623)
(8.0, 179.0, 26.279058039000883)
(8.0, 180.0, 25.633798927149456)
(8.0, 181.0, 24.029045459887463)
(8.0, 182.0, 24.796441521989557)
(8.0, 183.0, 23.81648277682369)
(8.0, 184.0, 24.42240111522252)
(8.0, 185.0, 24.179242193208026)
(8.0, 186.0, 24.566507615882994)
(8.0, 187.0, 25.388302051376964)
(8.0, 188.0, 24.439885678256807)
(8.0, 189.0, 26.908104955607264)
(8.0, 190.0, 26.658527040878361)
(8.0, 191.0, 23.439001485214419)
(8.0, 192.0, 25.100527462732849)
(8.0, 193.0, 25.813585835718676)
(8.0, 194.0, 25.554386208704798)
(8.0, 195.0, 24.163094834678809)
(8.0, 196.0, 27.324701525319597)
(8.0, 197.0, 23.590388215694698)
(8.0, 198.0, 24.452843811229116)
(8.0, 199.0, 24.475690521596288)
(9.0, 0.0, 23.269798027630845)
(9.0, 1.0, 26.462887986279441)
(9.0, 2.0, 24.62875735536457)
(9.0, 3.0, 26.195433367059614)
(9.0, 4.0, 23.220566181456086)
(9.0, 5.0, 26.820698302459899)
(9.0, 6.0, 29.535264034412045)
(9.0, 7.0, 25.92285302038259)
(9.0, 8.0, 23.87602411602121)
(9.0, 9.0, 27.266282030487154)
(9.0, 10.0, 25.026789558010115)
(9.0, 11.0, 26.912071165207305)
(9.0, 12.0, 28.302498551000667)
(9.0, 13.0, 25.825994862522432)
(9.0, 14.0, 27.857388609714128)
(9.0, 15.0, 24.484233211032738)
(9.0, 16.0, 24.829850716787313)
(9.0, 17.0, 26.179232926466536)
(9.0, 18.0, 26.764526606221892)
(9.0, 19.0, 29.849137040759381)
(9.0, 20.0, 26.474224490473201)
(9.0, 21.0, 23.996047121909886)
(9.0, 22.0, 27.358270727179033)
(9.0, 23.0, 28.319610322468101)
(9.0, 24.0, 22.705377261851595)
(9.0, 25.0, 20.555929942795444)
(9.0, 26.0, 23.139513563874623)
(9.0, 27.0, 28.136643129757658)
(9.0, 28.0, 25.120686025225297)
(9.0, 29.0, 25.885884205698311)
(9.0, 30.0, 26.655753671372565)
(9.0, 31.0, 24.352094420222141)
(9.0, 32.0, 25.958302064463886)
(9.0, 33.0, 27.165833273452929)
(9.0, 34.0, 27.005655444172497)
(9.0, 35.0, 26.571682722293755)
(9.0, 36.0, 23.753998767251545)
(9.0, 37.0, 27.056615591079989)
(9.0, 38.0, 28.521621130944723)
(9.0, 39.0, 22.648977270430869)
(9.0, 40.0, 24.588022705742929)
(9.0, 41.0, 27.570568110557289)
(9.0, 42.0, 26.085136516139421)
(9.0, 43.0, 27.747255713733853)
(9.0, 44.0, 29.0822178062947)
(9.0, 45.0, 26.444925309932366)
(9.0, 46.0, 24.120499778698079)
(9.0, 47.0, 24.724405966068147)
(9.0, 48.0, 22.175170748525435)
(9.0, 49.0, 28.679972921243831)
(9.0, 50.0, 28.222176310168351)
(9.0, 51.0, 27.625520822213531)
(9.0, 52.0, 27.984268794065294)
(9.0, 53.0, 26.581521001068641)
(9.0, 54.0, 24.908106847773297)
(9.0, 55.0, 23.923853655148115)
(9.0, 56.0, 28.385107739949884)
(9.0, 57.0, 26.911578923915666)
(9.0, 58.0, 24.935892072693811)
(9.0, 59.0, 24.885849052079109)
(9.0, 60.0, 27.180015649324961)
(9.0, 61.0, 24.378100255624496)
(9.0, 62.0, 26.586890279132909)
(9.0, 63.0, 25.009238650197805)
(9.0, 64.0, 24.493577522801974)
(9.0, 65.0, 25.078557195763047)
(9.0, 66.0, 25.09250679311355)
(9.0, 67.0, 24.31068654822953)
(9.0, 68.0, 26.227281222389198)
(9.0, 69.0, 25.686039479244041)
(9.0, 70.0, 26.787458430583058)
(9.0, 71.0, 24.82911390799908)
(9.0, 72.0, 22.111856974082322)
(9.0, 73.0, 23.957746882297464)
(9.0, 74.0, 25.404504868752777)
(9.0, 75.0, 27.265372866772005)
(9.0, 76.0, 26.150413076635392)
(9.0, 77.0, 23.332795294416297)
(9.0, 78.0, 24.203443009828007)
(9.0, 79.0, 25.008133886128203)
(9.0, 80.0, 27.829097011084936)
(9.0, 81.0, 22.3159036571918)
(9.0, 82.0, 22.417725316168045)
(9.0, 83.0, 24.054066682182928)
(9.0, 84.0, 27.063306418364196)
(9.0, 85.0, 27.996441788249463)
(9.0, 86.0, 27.116568274745823)
(9.0, 87.0, 26.468023984184409)
(9.0, 88.0, 26.326437021615984)
(9.0, 89.0, 27.182352768950757)
(9.0, 90.0, 25.938746149762871)
(9.0, 91.0, 25.713677652609746)
(9.0, 92.0, 25.301101243720563)
(9.0, 93.0, 25.945657248250914)
(9.0, 94.0, 27.046541106919694)
(9.0, 95.0, 24.834285026008875)
(9.0, 96.0, 24.093332468325322)
(9.0, 97.0, 26.561910637366935)
(9.0, 98.0, 26.334927650134823)
(9.0, 99.0, 26.911855969299587)
(9.0, 100.0, 28.259251968525888)
(9.0, 101.0, 24.879737768463748)
(9.0, 102.0, 25.827295973801576)
(9.0, 103.0, 26.263464987217404)
(9.0, 104.0, 28.258792227615153)
(9.0, 105.0, 27.980314131532573)
(9.0, 106.0, 27.056019460250258)
(9.0, 107.0, 24.388790849391086)
(9.0, 108.0, 25.484939322082809)
(9.0, 109.0, 24.461507362856992)
(9.0, 110.0, 24.741512956477997)
(9.0, 111.0, 28.622396321298382)
(9.0, 112.0, 28.922166816648495)
(9.0, 113.0, 25.435846701949238)
(9.0, 114.0, 26.913287266743605)
(9.0, 115.0, 25.980556603683247)
(9.0, 116.0, 24.297877297489443)
(9.0, 117.0, 23.661558903709214)
(9.0, 118.0, 27.752051496920465)
(9.0, 119.0, 25.476629089657962)
(9.0, 120.0, 26.017898744238742)
(9.0, 121.0, 26.482485067901656)
(9.0, 122.0, 25.017332660193706)
(9.0, 123.0, 28.803888526767732)
(9.0, 124.0, 27.281662561284794)
(9.0, 125.0, 28.439369086084614)
(9.0, 126.0, 25.810832364707384)
(9.0, 127.0, 27.638744710036249)
(9.0, 128.0, 24.530149693244745)
(9.0, 129.0, 27.60994843820486)
(9.0, 130.0, 27.246715516128248)
(9.0, 131.0, 26.030592615084306)
(9.0, 132.0, 19.851358701992442)
(9.0, 133.0, 22.909060691698322)
(9.0, 134.0, 26.732822750945864)
(9.0, 135.0, 24.743218402681499)
(9.0, 136.0, 26.551268570228537)
(9.0, 137.0, 25.591811545965861)
(9.0, 138.0, 25.221584135796405)
(9.0, 139.0, 29.214382127231005)
(9.0, 140.0, 28.075779819462547)
(9.0, 141.0, 26.563717793306406)
(9.0, 142.0, 26.4504629575145)
(9.0, 143.0, 27.708359512160165)
(9.0, 144.0, 26.443317225580032)
(9.0, 145.0, 27.091451240610507)
(9.0, 146.0, 28.632143056682683)
(9.0, 147.0, 24.49204541741021)
(9.0, 148.0, 25.690724911589392)
(9.0, 149.0, 26.418269621256702)
(9.0, 150.0, 31.31424141893039)
(9.0, 151.0, 30.826022497978823)
(9.0, 152.0, 25.75444592672013)
(9.0, 153.0, 27.975978785971812)
(9.0, 154.0, 28.591112787301991)
(9.0, 155.0, 27.20982864747797)
(9.0, 156.0, 26.190627913245542)
(9.0, 157.0, 29.311828236954341)
(9.0, 158.0, 29.527587696610311)
(9.0, 159.0, 26.134156359497272)
(9.0, 160.0, 25.635055053188868)
(9.0, 161.0, 27.522355826912484)
(9.0, 162.0, 25.735371842544431)
(9.0, 163.0, 24.254207464755218)
(9.0, 164.0, 25.594176350447711)
(9.0, 165.0, 26.305481794823088)
(9.0, 166.0, 29.044819114939884)
(9.0, 167.0, 26.36053413749654)
(9.0, 168.0, 26.754307190305511)
(9.0, 169.0, 26.091150017630554)
(9.0, 170.0, 26.431838431356258)
(9.0, 171.0, 28.170022713883235)
(9.0, 172.0, 28.666070666275175)
(9.0, 173.0, 26.266862959482836)
(9.0, 174.0, 23.61312272997457)
(9.0, 175.0, 28.215021786142071)
(9.0, 176.0, 25.656699284793042)
(9.0, 177.0, 27.615516694026937)
(9.0, 178.0, 23.987570897765515)
(9.0, 179.0, 29.029104544470499)
(9.0, 180.0, 26.898878484317162)
(9.0, 181.0, 27.489412974794057)
(9.0, 182.0, 27.760467056453955)
(9.0, 183.0, 27.211795535133408)
(9.0, 184.0, 26.903335750644882)
(9.0, 185.0, 25.686757011251217)
(9.0, 186.0, 23.932558099688407)
(9.0, 187.0, 27.122110390706759)
(9.0, 188.0, 26.44204179338487)
(9.0, 189.0, 27.580575732778335)
(9.0, 190.0, 27.56444607059187)
(9.0, 191.0, 23.041503057514436)
(9.0, 192.0, 25.82513794208192)
(9.0, 193.0, 27.342054980837034)
(9.0, 194.0, 27.984373279236678)
(9.0, 195.0, 24.765142164859469)
(9.0, 196.0, 26.975415542748948)
(9.0, 197.0, 25.517391569461218)
(9.0, 198.0, 24.633788278234654)
(9.0, 199.0, 26.74644305916334)
(10.0, 0.0, 22.400502572912064)
(10.0, 1.0, 24.008109277263934)
(10.0, 2.0, 22.582976990948406)
(10.0, 3.0, 26.21161632692289)
(10.0, 4.0, 22.632111115148714)
(10.0, 5.0, 24.138124845237261)
(10.0, 6.0, 26.019451284493393)
(10.0, 7.0, 25.917736655970486)
(10.0, 8.0, 20.832370548245834)
(10.0, 9.0, 25.98490439986216)
(10.0, 10.0, 23.630917026705777)
(10.0, 11.0, 27.800546797222225)
(10.0, 12.0, 26.349767852132786)
(10.0, 13.0, 23.705235235724938)
(10.0, 14.0, 25.499633333205143)
(10.0, 15.0, 23.298580798312514)
(10.0, 16.0, 24.335672883986369)
(10.0, 17.0, 25.053621163960791)
(10.0, 18.0, 24.854579140280336)
(10.0, 19.0, 29.623350193407212)
(10.0, 20.0, 25.774149241417508)
(10.0, 21.0, 24.068163506980426)
(10.0, 22.0, 25.741251884447657)
(10.0, 23.0, 27.002286148618289)
(10.0, 24.0, 20.045574871108034)
(10.0, 25.0, 20.561629892222118)
(10.0, 26.0, 23.935947714897956)
(10.0, 27.0, 27.996393144446468)
(10.0, 28.0, 23.41909526862878)
(10.0, 29.0, 24.205082117643016)
(10.0, 30.0, 25.992486263744617)
(10.0, 31.0, 22.64008868404084)
(10.0, 32.0, 23.365834105025289)
(10.0, 33.0, 25.709317515144033)
(10.0, 34.0, 26.542571750317784)
(10.0, 35.0, 26.399487695652802)
(10.0, 36.0, 21.697395100250066)
(10.0, 37.0, 24.780282671424544)
(10.0, 38.0, 23.879175003124658)
(10.0, 39.0, 22.31281938582061)
(10.0, 40.0, 22.648439835188704)
(10.0, 41.0, 23.504223550860651)
(10.0, 42.0, 24.683135847033903)
(10.0, 43.0, 26.384996070798245)
(10.0, 44.0, 26.912408968275027)
(10.0, 45.0, 24.795633046175563)
(10.0, 46.0, 24.600071877238484)
(10.0, 47.0, 24.181366186706825)
(10.0, 48.0, 24.01506408542037)
(10.0, 49.0, 25.23389099818047)
(10.0, 50.0, 28.048274084597161)
(10.0, 51.0, 27.459579659937376)
(10.0, 52.0, 25.652366352410727)
(10.0, 53.0, 24.251784755593086)
(10.0, 54.0, 23.060894940527568)
(10.0, 55.0, 23.733398025513353)
(10.0, 56.0, 27.458162060068446)
(10.0, 57.0, 21.760635165290999)
(10.0, 58.0, 22.633549464991635)
(10.0, 59.0, 23.751111352348254)
(10.0, 60.0, 26.571661074656632)
(10.0, 61.0, 22.686747747047058)
(10.0, 62.0, 25.610015710420477)
(10.0, 63.0, 23.150622684604187)
(10.0, 64.0, 21.557590729422667)
(10.0, 65.0, 23.520789369302005)
(10.0, 66.0, 25.089381638659127)
(10.0, 67.0, 24.234314285742066)
(10.0, 68.0, 25.874130456931834)
(10.0, 69.0, 24.418521884164246)
(10.0, 70.0, 26.611091083573498)
(10.0, 71.0, 22.820667993886996)
(10.0, 72.0, 22.008852251271865)
(10.0, 73.0, 22.909013867634663)
(10.0, 74.0, 26.280136426899123)
(10.0, 75.0, 24.910157892400061)
(10.0, 76.0, 24.994622465511156)
(10.0, 77.0, 21.963577606397116)
(10.0, 78.0, 23.334139199187735)
(10.0, 79.0, 23.356741172936218)
(10.0, 80.0, 26.313525046140459)
(10.0, 81.0, 20.338383811506503)
(10.0, 82.0, 21.18664463525716)
(10.0, 83.0, 24.274031755833843)
(10.0, 84.0, 26.056834112482214)
(10.0, 85.0, 25.490238747269682)
(10.0, 86.0, 25.84960404151807)
(10.0, 87.0, 23.045947822117544)
(10.0, 88.0, 24.809667825760467)
(10.0, 89.0, 26.395939069152405)
(10.0, 90.0, 25.949182951054862)
(10.0, 91.0, 24.083334107309717)
(10.0, 92.0, 24.445275787000678)
(10.0, 93.0, 22.987556062021632)
(10.0, 94.0, 24.200490422176408)
(10.0, 95.0, 22.830734388042114)
(10.0, 96.0, 23.144028396617436)
(10.0, 97.0, 25.210534413384053)
(10.0, 98.0, 23.775084577857676)
(10.0, 99.0, 24.40433554509481)
(10.0, 100.0, 27.569401821283151)
(10.0, 101.0, 23.423469069498669)
(10.0, 102.0, 23.684358003015809)
(10.0, 103.0, 25.702972243862096)
(10.0, 104.0, 27.718338223651468)
(10.0, 105.0, 25.490553472128376)
(10.0, 106.0, 23.816258214747673)
(10.0, 107.0, 23.250961427712873)
(10.0, 108.0, 26.214214850566826)
(10.0, 109.0, 21.959078286465882)
(10.0, 110.0, 24.086394715437148)
(10.0, 111.0, 27.503782325857507)
(10.0, 112.0, 25.845053666955707)
(10.0, 113.0, 24.437415037733391)
(10.0, 114.0, 26.510875613342094)
(10.0, 115.0, 24.489887558540492)
(10.0, 116.0, 23.729224205650368)
(10.0, 117.0, 22.958574962027651)
(10.0, 118.0, 26.809820542219271)
(10.0, 119.0, 24.745627846447007)
(10.0, 120.0, 26.774968431987631)
(10.0, 121.0, 25.672574933265956)
(10.0, 122.0, 23.304465755672165)
(10.0, 123.0, 26.461180636507571)
(10.0, 124.0, 24.760565111408241)
(10.0, 125.0, 26.682172013454302)
(10.0, 126.0, 24.393002756361867)
(10.0, 127.0, 25.878113258824918)
(10.0, 128.0, 24.418783299387126)
(10.0, 129.0, 28.640470611129992)
(10.0, 130.0, 25.480492904224072)
(10.0, 131.0, 26.08596602145958)
(10.0, 132.0, 20.197963134436918)
(10.0, 133.0, 23.064239551151068)
(10.0, 134.0, 26.237924637364337)
(10.0, 135.0, 23.421642169753042)
(10.0, 136.0, 25.068141131805625)
(10.0, 137.0, 24.448641406423747)
(10.0, 138.0, 22.433053286048711)
(10.0, 139.0, 27.857694322692026)
(10.0, 140.0, 26.879178386824098)
(10.0, 141.0, 25.565809444124994)
(10.0, 142.0, 24.837056249705807)
(10.0, 143.0, 26.479634774711933)
(10.0, 144.0, 24.527946586684912)
(10.0, 145.0, 24.492477659402169)
(10.0, 146.0, 26.304810307639173)
(10.0, 147.0, 22.608573991509509)
(10.0, 148.0, 23.545335661379973)
(10.0, 149.0, 25.421341721604602)
(10.0, 150.0, 28.060366137503305)
(10.0, 151.0, 28.065258980672148)
(10.0, 152.0, 26.100617893710364)
(10.0, 153.0, 25.78391738812768)
(10.0, 154.0, 24.646522468937789)
(10.0, 155.0, 26.262473317270739)
(10.0, 156.0, 27.465433532275764)
(10.0, 157.0, 26.748785339315639)
(10.0, 158.0, 26.331359948044145)
(10.0, 159.0, 25.587675454542609)
(10.0, 160.0, 22.074914225353311)
(10.0, 161.0, 25.596924124731405)
(10.0, 162.0, 24.082611329647289)
(10.0, 163.0, 23.714632220059883)
(10.0, 164.0, 25.187851166914939)
(10.0, 165.0, 25.386602370310634)
(10.0, 166.0, 25.913070768120889)
(10.0, 167.0, 24.772907732786411)
(10.0, 168.0, 24.539455599421267)
(10.0, 169.0, 25.489586934609719)
(10.0, 170.0, 23.542645804172466)
(10.0, 171.0, 26.327296756787646)
(10.0, 172.0, 26.406616150075148)
(10.0, 173.0, 24.386516683143711)
(10.0, 174.0, 23.124774356606583)
(10.0, 175.0, 26.055168784961531)
(10.0, 176.0, 25.04596342547466)
(10.0, 177.0, 27.205795684012617)
(10.0, 178.0, 24.232763374272981)
(10.0, 179.0, 25.217831554487692)
(10.0, 180.0, 25.541442328102061)
(10.0, 181.0, 26.391201235327923)
(10.0, 182.0, 25.566274904633907)
(10.0, 183.0, 23.666564221515664)
(10.0, 184.0, 23.969089495179993)
(10.0, 185.0, 23.420350217479172)
(10.0, 186.0, 24.871681314145668)
(10.0, 187.0, 26.180654086230149)
(10.0, 188.0, 24.411000079044513)
(10.0, 189.0, 26.146533968767315)
(10.0, 190.0, 25.584248138486437)
(10.0, 191.0, 23.215450491263507)
(10.0, 192.0, 24.736920856301211)
(10.0, 193.0, 25.417315077600794)
(10.0, 194.0, 27.012749213421753)
(10.0, 195.0, 26.339708574024115)
(10.0, 196.0, 25.199949705739058)
(10.0, 197.0, 26.696187816357519)
(10.0, 198.0, 22.488896918321725)
(10.0, 199.0, 25.248070898676762)
(11.0, 0.0, 22.662734627970622)
(11.0, 1.0, 26.427931517515297)
(11.0, 2.0, 26.00241369122817)
(11.0, 3.0, 26.98063083359531)
(11.0, 4.0, 24.077516670212351)
(11.0, 5.0, 26.190437262702829)
(11.0, 6.0, 27.664109861240867)
(11.0, 7.0, 26.909238843685667)
(11.0, 8.0, 23.178643997608194)
(11.0, 9.0, 27.287967393900363)
(11.0, 10.0, 23.549954083943753)
(11.0, 11.0, 27.002918044869944)
(11.0, 12.0, 25.445767216171671)
(11.0, 13.0, 25.327672402869908)
(11.0, 14.0, 24.589315213373965)
(11.0, 15.0, 24.636345899555646)
(11.0, 16.0, 23.947289883957758)
(11.0, 17.0, 26.659054713795786)
(11.0, 18.0, 27.061407667043362)
(11.0, 19.0, 28.917470382971754)
(11.0, 20.0, 26.593389710540524)
(11.0, 21.0, 25.538349622993923)
(11.0, 22.0, 27.22400068118105)
(11.0, 23.0, 27.889098756044259)
(11.0, 24.0, 20.305313370693352)
(11.0, 25.0, 21.735388670699241)
(11.0, 26.0, 23.778500235934324)
(11.0, 27.0, 28.819133049157927)
(11.0, 28.0, 26.21567002705477)
(11.0, 29.0, 24.93089986999756)
(11.0, 30.0, 25.232875550415425)
(11.0, 31.0, 24.281294564473317)
(11.0, 32.0, 25.726004285298085)
(11.0, 33.0, 25.407264423716192)
(11.0, 34.0, 25.945437898457282)
(11.0, 35.0, 26.368741744554082)
(11.0, 36.0, 23.575904194914447)
(11.0, 37.0, 26.269570387306381)
(11.0, 38.0, 26.493179637545467)
(11.0, 39.0, 21.635128311899589)
(11.0, 40.0, 24.959363145201536)
(11.0, 41.0, 24.94765311075119)
(11.0, 42.0, 24.21000637973296)
(11.0, 43.0, 26.146923209937263)
(11.0, 44.0, 29.767116552838949)
(11.0, 45.0, 26.41179451219443)
(11.0, 46.0, 25.057066637508829)
(11.0, 47.0, 23.508089366590532)
(11.0, 48.0, 24.876908527252851)
(11.0, 49.0, 27.376241608065353)
(11.0, 50.0, 28.386165508098898)
(11.0, 51.0, 25.352226924909598)
(11.0, 52.0, 27.315707867652378)
(11.0, 53.0, 24.892636839172543)
(11.0, 54.0, 25.110542740699401)
(11.0, 55.0, 24.730101877613844)
(11.0, 56.0, 27.403926916215816)
(11.0, 57.0, 25.677668212390721)
(11.0, 58.0, 24.588877032509945)
(11.0, 59.0, 26.243208004551676)
(11.0, 60.0, 25.94732904950299)
(11.0, 61.0, 23.164139429855211)
(11.0, 62.0, 27.310022275430747)
(11.0, 63.0, 24.850923824841509)
(11.0, 64.0, 24.371937190359329)
(11.0, 65.0, 25.416040566214182)
(11.0, 66.0, 24.923036016918797)
(11.0, 67.0, 24.088078878709815)
(11.0, 68.0, 26.410684728554926)
(11.0, 69.0, 23.902925193752189)
(11.0, 70.0, 29.409845296601421)
(11.0, 71.0, 25.340969655009911)
(11.0, 72.0, 24.214648343578038)
(11.0, 73.0, 23.532284964231064)
(11.0, 74.0, 25.482773997995793)
(11.0, 75.0, 26.787121797735519)
(11.0, 76.0, 24.58254383815385)
(11.0, 77.0, 22.61450702343555)
(11.0, 78.0, 23.984662662010255)
(11.0, 79.0, 24.074021643302288)
(11.0, 80.0, 27.927309241288)
(11.0, 81.0, 22.232321510686067)
(11.0, 82.0, 20.788292507562318)
(11.0, 83.0, 25.363277460294231)
(11.0, 84.0, 27.265727662423096)
(11.0, 85.0, 26.367942606096602)
(11.0, 86.0, 26.922983598838655)
(11.0, 87.0, 25.395256049314412)
(11.0, 88.0, 25.323303479519886)
(11.0, 89.0, 27.643683782470049)
(11.0, 90.0, 25.309214931684423)
(11.0, 91.0, 24.022947812502387)
(11.0, 92.0, 24.372558691785745)
(11.0, 93.0, 26.6040155040081)
(11.0, 94.0, 26.368475787028601)
(11.0, 95.0, 24.535087076234841)
(11.0, 96.0, 24.282587428991462)
(11.0, 97.0, 27.146656525714537)
(11.0, 98.0, 24.691905716540951)
(11.0, 99.0, 26.876173297984302)
(11.0, 100.0, 26.323688883893041)
(11.0, 101.0, 24.539113090595414)
(11.0, 102.0, 25.566579624005215)
(11.0, 103.0, 26.986976196480722)
(11.0, 104.0, 27.188460501035241)
(11.0, 105.0, 26.411328200321211)
(11.0, 106.0, 25.59336996265359)
(11.0, 107.0, 23.799639205600815)
(11.0, 108.0, 23.948326340749446)
(11.0, 109.0, 24.7275846922897)
(11.0, 110.0, 25.029061085220107)
(11.0, 111.0, 26.125984742618606)
(11.0, 112.0, 27.301807041254143)
(11.0, 113.0, 25.896500370337765)
(11.0, 114.0, 26.829311494311071)
(11.0, 115.0, 25.057170747172503)
(11.0, 116.0, 24.434711625399117)
(11.0, 117.0, 23.25969424050788)
(11.0, 118.0, 27.701033941380619)
(11.0, 119.0, 25.605987125199746)
(11.0, 120.0, 27.380312526880484)
(11.0, 121.0, 27.34253819255466)
(11.0, 122.0, 24.605589063288747)
(11.0, 123.0, 28.554270564622058)
(11.0, 124.0, 24.734806445255664)
(11.0, 125.0, 27.830252933118096)
(11.0, 126.0, 26.163164003220729)
(11.0, 127.0, 25.769000071072366)
(11.0, 128.0, 24.629181575284942)
(11.0, 129.0, 27.072879352162385)
(11.0, 130.0, 25.519321423615914)
(11.0, 131.0, 27.50708482997522)
(11.0, 132.0, 21.372650678902829)
(11.0, 133.0, 23.607849146300094)
(11.0, 134.0, 25.573650076731717)
(11.0, 135.0, 25.323870175179856)
(11.0, 136.0, 25.62933703452714)
(11.0, 137.0, 27.162489093613637)
(11.0, 138.0, 23.829425939174833)
(11.0, 139.0, 28.330569841111299)
(11.0, 140.0, 26.855438225515009)
(11.0, 141.0, 26.21606132572661)
(11.0, 142.0, 26.11740528880302)
(11.0, 143.0, 26.221583418535175)
(11.0, 144.0, 25.445319262615904)
(11.0, 145.0, 26.84015479324631)
(11.0, 146.0, 27.828165615909548)
(11.0, 147.0, 23.190105164136195)
(11.0, 148.0, 25.536982177116215)
(11.0, 149.0, 25.802542188064351)
(11.0, 150.0, 27.932114865522685)
(11.0, 151.0, 28.174755588840632)
(11.0, 152.0, 25.827915882160998)
(11.0, 153.0, 27.2615586029323)
(11.0, 154.0, 26.472783890248071)
(11.0, 155.0, 25.26567076523931)
(11.0, 156.0, 26.612475052540901)
(11.0, 157.0, 28.279621320422269)
(11.0, 158.0, 27.623464332519422)
(11.0, 159.0, 26.138408079233056)
(11.0, 160.0, 25.03870993127234)
(11.0, 161.0, 26.430172198421658)
(11.0, 162.0, 26.506200016079589)
(11.0, 163.0, 22.956307573353776)
(11.0, 164.0, 25.992912417307846)
(11.0, 165.0, 26.694836441548382)
(11.0, 166.0, 26.862500070943792)
(11.0, 167.0, 24.632338006976148)
(11.0, 168.0, 26.460632465001687)
(11.0, 169.0, 25.517085561524542)
(11.0, 170.0, 25.946664943178881)
(11.0, 171.0, 27.070268485987878)
(11.0, 172.0, 28.457008842217341)
(11.0, 173.0, 24.897796925815552)
(11.0, 174.0, 24.021293863047411)
(11.0, 175.0, 26.215248525372136)
(11.0, 176.0, 25.154921146471736)
(11.0, 177.0, 25.788121734314874)
(11.0, 178.0, 24.430811115498308)
(11.0, 179.0, 27.788328929200159)
(11.0, 180.0, 26.947079897711252)
(11.0, 181.0, 25.968592419983533)
(11.0, 182.0, 24.908227197654632)
(11.0, 183.0, 25.116405980526633)
(11.0, 184.0, 24.450195173493217)
(11.0, 185.0, 26.576191501725962)
(11.0, 186.0, 24.691168940449387)
(11.0, 187.0, 29.380249681951604)
(11.0, 188.0, 25.596844606515297)
(11.0, 189.0, 27.578713819545722)
(11.0, 190.0, 28.38341143350522)
(11.0, 191.0, 25.577863458788524)
(11.0, 192.0, 25.428327146113578)
(11.0, 193.0, 25.761103989633686)
(11.0, 194.0, 27.81827322936255)
(11.0, 195.0, 27.696487617337016)
(11.0, 196.0, 26.322553915481642)
(11.0, 197.0, 26.812035579038689)
(11.0, 198.0, 24.138559259529796)
(11.0, 199.0, 25.947441521506946)
(12.0, 0.0, 20.327021846504358)
(12.0, 1.0, 24.520475214271535)
(12.0, 2.0, 24.698199498141612)
(12.0, 3.0, 25.37803477547633)
(12.0, 4.0, 22.569016716725205)
(12.0, 5.0, 25.462311928675966)
(12.0, 6.0, 26.089512678439895)
(12.0, 7.0, 25.446567337740454)
(12.0, 8.0, 21.821859748995003)
(12.0, 9.0, 25.677597658542215)
(12.0, 10.0, 23.392552242984017)
(12.0, 11.0, 25.67402597376983)
(12.0, 12.0, 26.527973168825365)
(12.0, 13.0, 24.913376832237851)
(12.0, 14.0, 25.816688778909075)
(12.0, 15.0, 24.082315533387028)
(12.0, 16.0, 21.606461058736496)
(12.0, 17.0, 24.582630020924448)
(12.0, 18.0, 24.057749841647162)
(12.0, 19.0, 28.837544411017397)
(12.0, 20.0, 25.473981139032531)
(12.0, 21.0, 22.595290978006485)
(12.0, 22.0, 25.835457274362415)
(12.0, 23.0, 27.130486375712312)
(12.0, 24.0, 17.919458074545176)
(12.0, 25.0, 21.140426670446704)
(12.0, 26.0, 22.547032194013745)
(12.0, 27.0, 28.106359114503331)
(12.0, 28.0, 25.839094530178659)
(12.0, 29.0, 25.255185714714393)
(12.0, 30.0, 24.850724194922861)
(12.0, 31.0, 22.105490520387658)
(12.0, 32.0, 23.798038851664213)
(12.0, 33.0, 25.285652264828514)
(12.0, 34.0, 26.04011927134508)
(12.0, 35.0, 26.611238872661982)
(12.0, 36.0, 21.471985062873756)
(12.0, 37.0, 26.284814673309647)
(12.0, 38.0, 26.433427905378345)
(12.0, 39.0, 22.726098963553511)
(12.0, 40.0, 23.217930244962552)
(12.0, 41.0, 25.023101376800476)
(12.0, 42.0, 26.119045187717649)
(12.0, 43.0, 24.944249394095571)
(12.0, 44.0, 25.832835464248731)
(12.0, 45.0, 26.310650315934012)
(12.0, 46.0, 25.538157213075252)
(12.0, 47.0, 24.076188926267783)
(12.0, 48.0, 23.663752032921202)
(12.0, 49.0, 25.299959248287752)
(12.0, 50.0, 26.347088925868537)
(12.0, 51.0, 25.38967484614108)
(12.0, 52.0, 24.981090258906356)
(12.0, 53.0, 23.665445018349985)
(12.0, 54.0, 24.436693403030603)
(12.0, 55.0, 23.914324285920987)
(12.0, 56.0, 25.91561269378165)
(12.0, 57.0, 23.395602832120993)
(12.0, 58.0, 23.277914319249721)
(12.0, 59.0, 23.888675973518779)
(12.0, 60.0, 23.701122305441295)
(12.0, 61.0, 21.997088184159217)
(12.0, 62.0, 26.480343700016338)
(12.0, 63.0, 22.65796222220623)
(12.0, 64.0, 22.534250499068794)
(12.0, 65.0, 23.083675396194501)
(12.0, 66.0, 26.366479404481591)
(12.0, 67.0, 23.69858617968271)
(12.0, 68.0, 26.086469279583497)
(12.0, 69.0, 25.248766268978187)
(12.0, 70.0, 26.581330967466602)
(12.0, 71.0, 23.485186641265258)
(12.0, 72.0, 21.576947594995573)
(12.0, 73.0, 22.643708411173392)
(12.0, 74.0, 24.331519844884738)
(12.0, 75.0, 26.642782832999394)
(12.0, 76.0, 25.045753254485781)
(12.0, 77.0, 22.657589245008939)
(12.0, 78.0, 23.92616916145564)
(12.0, 79.0, 22.301212842192065)
(12.0, 80.0, 25.932967141375762)
(12.0, 81.0, 21.028090299628566)
(12.0, 82.0, 21.19095310532304)
(12.0, 83.0, 23.926802839558707)
(12.0, 84.0, 25.433292617827014)
(12.0, 85.0, 26.280802647754832)
(12.0, 86.0, 26.945210051460496)
(12.0, 87.0, 23.00476360949941)
(12.0, 88.0, 25.921892586662363)
(12.0, 89.0, 26.077681024157481)
(12.0, 90.0, 23.75823425711722)
(12.0, 91.0, 25.619508446193425)
(12.0, 92.0, 22.724225165484018)
(12.0, 93.0, 26.314469286391002)
(12.0, 94.0, 26.546155718203103)
(12.0, 95.0, 23.421142737806221)
(12.0, 96.0, 22.366244077200257)
(12.0, 97.0, 26.5522670616947)
(12.0, 98.0, 25.13564977714725)
(12.0, 99.0, 23.59287935028058)
(12.0, 100.0, 26.443212025416408)
(12.0, 101.0, 23.07369962313841)
(12.0, 102.0, 23.714577356348666)
(12.0, 103.0, 26.296538497978776)
(12.0, 104.0, 27.365172259971402)
(12.0, 105.0, 24.841017634144475)
(12.0, 106.0, 23.879879998929621)
(12.0, 107.0, 22.888219953789452)
(12.0, 108.0, 25.47363449528758)
(12.0, 109.0, 25.0714490158404)
(12.0, 110.0, 25.55991651321677)
(12.0, 111.0, 25.713250348989384)
(12.0, 112.0, 26.967098214453465)
(12.0, 113.0, 25.547089987672162)
(12.0, 114.0, 26.332182453336454)
(12.0, 115.0, 22.010485813828808)
(12.0, 116.0, 23.184569508054921)
(12.0, 117.0, 21.592680361938587)
(12.0, 118.0, 25.42349186482787)
(12.0, 119.0, 24.850671239899501)
(12.0, 120.0, 25.796004557203396)
(12.0, 121.0, 24.186548707739334)
(12.0, 122.0, 24.775549042976497)
(12.0, 123.0, 28.037014244393358)
(12.0, 124.0, 24.605103067541126)
(12.0, 125.0, 26.460255136488861)
(12.0, 126.0, 22.693027166634824)
(12.0, 127.0, 25.26467776653903)
(12.0, 128.0, 22.790922515788992)
(12.0, 129.0, 26.62188172354854)
(12.0, 130.0, 26.124101990656555)
(12.0, 131.0, 24.203617576474311)
(12.0, 132.0, 20.873865123441103)
(12.0, 133.0, 23.646723899934514)
(12.0, 134.0, 25.727843826848719)
(12.0, 135.0, 24.185055736096615)
(12.0, 136.0, 25.557988462911315)
(12.0, 137.0, 23.33439191281871)
(12.0, 138.0, 20.755775289472179)
(12.0, 139.0, 25.842688934969281)
(12.0, 140.0, 26.376342037253629)
(12.0, 141.0, 25.143810984080407)
(12.0, 142.0, 24.364541815823369)
(12.0, 143.0, 26.920957337187932)
(12.0, 144.0, 23.880640706604616)
(12.0, 145.0, 24.757439118095441)
(12.0, 146.0, 27.191087741683194)
(12.0, 147.0, 22.897444505553057)
(12.0, 148.0, 24.169786214699528)
(12.0, 149.0, 24.149516145001353)
(12.0, 150.0, 27.682549270906144)
(12.0, 151.0, 28.680407348998401)
(12.0, 152.0, 24.558604514766461)
(12.0, 153.0, 26.859623218634873)
(12.0, 154.0, 25.40939457505889)
(12.0, 155.0, 25.64690648778943)
(12.0, 156.0, 25.248216715343581)
(12.0, 157.0, 27.740632108576886)
(12.0, 158.0, 26.726939726646123)
(12.0, 159.0, 25.729736292625244)
(12.0, 160.0, 22.865956392789393)
(12.0, 161.0, 24.779930424239577)
(12.0, 162.0, 25.613334886962086)
(12.0, 163.0, 23.0717305049271)
(12.0, 164.0, 24.369917534124745)
(12.0, 165.0, 24.344701534058995)
(12.0, 166.0, 26.867979051665397)
(12.0, 167.0, 24.816294849832712)
(12.0, 168.0, 24.61522670968191)
(12.0, 169.0, 24.117327715960645)
(12.0, 170.0, 23.333078477052744)
(12.0, 171.0, 26.33038202281768)
(12.0, 172.0, 26.690616922741285)
(12.0, 173.0, 25.181023778735188)
(12.0, 174.0, 21.666684036673818)
(12.0, 175.0, 24.311768462623871)
(12.0, 176.0, 24.237247422022214)
(12.0, 177.0, 25.907918746450438)
(12.0, 178.0, 24.618236110001114)
(12.0, 179.0, 27.633265152477986)
(12.0, 180.0, 24.389146892057148)
(12.0, 181.0, 25.954857612279678)
(12.0, 182.0, 25.894638115943089)
(12.0, 183.0, 24.852886084563192)
(12.0, 184.0, 23.613787563622662)
(12.0, 185.0, 23.600312505797952)
(12.0, 186.0, 24.206006221238848)
(12.0, 187.0, 26.61820119897849)
(12.0, 188.0, 23.702410727709495)
(12.0, 189.0, 28.200559091853727)
(12.0, 190.0, 25.225350097155314)
(12.0, 191.0, 22.239691044073961)
(12.0, 192.0, 25.464429906484405)
(12.0, 193.0, 24.673897210361201)
(12.0, 194.0, 25.174629072213129)
(12.0, 195.0, 25.91067830984252)
(12.0, 196.0, 25.807514255777246)
(12.0, 197.0, 25.78497231473613)
(12.0, 198.0, 23.79376081434026)
(12.0, 199.0, 26.841334704797763)
(13.0, 0.0, 20.776032394744206)
(13.0, 1.0, 25.008948498112247)
(13.0, 2.0, 21.694110258939958)
(13.0, 3.0, 24.8824873666738)
(13.0, 4.0, 21.810047523863542)
(13.0, 5.0, 24.50540748836093)
(13.0, 6.0, 24.678733210021562)
(13.0, 7.0, 25.979781995838778)
(13.0, 8.0, 21.865399773961624)
(13.0, 9.0, 23.945682734231138)
(13.0, 10.0, 22.076157483748737)
(13.0, 11.0, 24.639571823248602)
(13.0, 12.0, 23.864530085302629)
(13.0, 13.0, 24.337865753991728)
(13.0, 14.0, 24.81721329078394)
(13.0, 15.0, 23.927026999948097)
(13.0, 16.0, 21.571908368935681)
(13.0, 17.0, 23.681037351582845)
(13.0, 18.0, 25.104038648381085)
(13.0, 19.0, 26.716618643413529)
(13.0, 20.0, 23.420603078653347)
(13.0, 21.0, 23.268800243329057)
(13.0, 22.0, 24.893489163487885)
(13.0, 23.0, 25.99941395472089)
(13.0, 24.0, 17.264493467012556)
(13.0, 25.0, 20.021802200331912)
(13.0, 26.0, 22.819563107114931)
(13.0, 27.0, 27.063837862667619)
(13.0, 28.0, 24.781007073428036)
(13.0, 29.0, 23.803189467613382)
(13.0, 30.0, 24.384294814045152)
(13.0, 31.0, 23.554245584625569)
(13.0, 32.0, 24.797507648606867)
(13.0, 33.0, 23.939530383463641)
(13.0, 34.0, 24.294298811331863)
(13.0, 35.0, 25.181346731903744)
(13.0, 36.0, 20.415668141358069)
(13.0, 37.0, 26.095467207076311)
(13.0, 38.0, 24.30106244856902)
(13.0, 39.0, 20.894617380427071)
(13.0, 40.0, 22.57833878082625)
(13.0, 41.0, 24.665021645713828)
(13.0, 42.0, 21.376561655258666)
(13.0, 43.0, 24.717685434907555)
(13.0, 44.0, 27.266102595002106)
(13.0, 45.0, 23.923582224862635)
(13.0, 46.0, 23.535009403882814)
(13.0, 47.0, 23.827287698184257)
(13.0, 48.0, 22.878617294611804)
(13.0, 49.0, 27.649943985591566)
(13.0, 50.0, 26.839149172117551)
(13.0, 51.0, 26.04914180410724)
(13.0, 52.0, 25.326993672712465)
(13.0, 53.0, 23.08702727159352)
(13.0, 54.0, 21.731734559507149)
(13.0, 55.0, 23.870357790859906)
(13.0, 56.0, 26.170843523856352)
(13.0, 57.0, 22.88319484704726)
(13.0, 58.0, 21.716458635007733)
(13.0, 59.0, 22.571734847064771)
(13.0, 60.0, 25.193868789704972)
(13.0, 61.0, 21.603394477227372)
(13.0, 62.0, 24.717750564982126)
(13.0, 63.0, 21.509284507971337)
(13.0, 64.0, 20.377100338285992)
(13.0, 65.0, 23.096886382564982)
(13.0, 66.0, 24.151344922610878)
(13.0, 67.0, 22.425066532822772)
(13.0, 68.0, 24.193902929572328)
(13.0, 69.0, 24.475891827257382)
(13.0, 70.0, 24.716827152576137)
(13.0, 71.0, 23.748833431819577)
(13.0, 72.0, 23.416686640031013)
(13.0, 73.0, 22.681274355302765)
(13.0, 74.0, 21.180274717362632)
(13.0, 75.0, 25.060397680603348)
(13.0, 76.0, 24.080589334156652)
(13.0, 77.0, 22.597118837445535)
(13.0, 78.0, 23.758595991188859)
(13.0, 79.0, 20.751747094127154)
(13.0, 80.0, 25.547979053643324)
(13.0, 81.0, 20.908973102128208)
(13.0, 82.0, 20.218786762638882)
(13.0, 83.0, 22.907366152206944)
(13.0, 84.0, 23.707232307142394)
(13.0, 85.0, 25.369254714340997)
(13.0, 86.0, 25.015704363331729)
(13.0, 87.0, 23.008970192031814)
(13.0, 88.0, 25.748558233566911)
(13.0, 89.0, 25.146478872260641)
(13.0, 90.0, 23.502829231801737)
(13.0, 91.0, 23.575417468754708)
(13.0, 92.0, 23.774408372065619)
(13.0, 93.0, 26.578491524012751)
(13.0, 94.0, 25.444399029892708)
(13.0, 95.0, 22.180149921122574)
(13.0, 96.0, 20.246172880410963)
(13.0, 97.0, 23.567146452787259)
(13.0, 98.0, 22.978203213564189)
(13.0, 99.0, 23.995072750209477)
(13.0, 100.0, 25.342222389932186)
(13.0, 101.0, 21.922333822971126)
(13.0, 102.0, 24.808456697875251)
(13.0, 103.0, 24.977611989639207)
(13.0, 104.0, 25.856092116884803)
(13.0, 105.0, 24.200152352786795)
(13.0, 106.0, 23.033116671863514)
(13.0, 107.0, 23.166921039431838)
(13.0, 108.0, 24.196974992364005)
(13.0, 109.0, 22.268009986452068)
(13.0, 110.0, 22.876261306771308)
(13.0, 111.0, 25.136620412785042)
(13.0, 112.0, 26.043454796484838)
(13.0, 113.0, 24.102384363383511)
(13.0, 114.0, 24.477793552716609)
(13.0, 115.0, 24.204790306213894)
(13.0, 116.0, 21.996337903210051)
(13.0, 117.0, 19.792119427374448)
(13.0, 118.0, 26.906937151998832)
(13.0, 119.0, 23.661137740981239)
(13.0, 120.0, 22.963048776384728)
(13.0, 121.0, 25.223254428316306)
(13.0, 122.0, 24.507177948670929)
(13.0, 123.0, 25.763649514815846)
(13.0, 124.0, 24.900032044342183)
(13.0, 125.0, 25.795102114213641)
(13.0, 126.0, 24.332061494098639)
(13.0, 127.0, 24.469436269028886)
(13.0, 128.0, 22.605855548042182)
(13.0, 129.0, 25.474092921489849)
(13.0, 130.0, 24.931197068085634)
(13.0, 131.0, 24.524978184841331)
(13.0, 132.0, 20.153872709258842)
(13.0, 133.0, 22.564594621222877)
(13.0, 134.0, 23.95844848769935)
(13.0, 135.0, 22.844346005681857)
(13.0, 136.0, 24.237217065515438)
(13.0, 137.0, 23.536501592851664)
(13.0, 138.0, 22.064514864655798)
(13.0, 139.0, 26.495085587716527)
(13.0, 140.0, 27.058543039150397)
(13.0, 141.0, 24.605748449793442)
(13.0, 142.0, 23.643289317425747)
(13.0, 143.0, 27.054837722859904)
(13.0, 144.0, 22.039228562956037)
(13.0, 145.0, 23.967837317485099)
(13.0, 146.0, 26.682110447365968)
(13.0, 147.0, 21.231495858733918)
(13.0, 148.0, 23.102157377809732)
(13.0, 149.0, 23.720941140198981)
(13.0, 150.0, 26.74497954981921)
(13.0, 151.0, 27.688258042966609)
(13.0, 152.0, 24.166645732164934)
(13.0, 153.0, 26.910225181040616)
(13.0, 154.0, 25.506526883324483)
(13.0, 155.0, 23.720568876079675)
(13.0, 156.0, 22.951000293106642)
(13.0, 157.0, 26.81536310201863)
(13.0, 158.0, 25.68298871885397)
(13.0, 159.0, 25.559531397221068)
(13.0, 160.0, 22.484161948268557)
(13.0, 161.0, 24.26540295050502)
(13.0, 162.0, 24.259458582744774)
(13.0, 163.0, 23.188757048769389)
(13.0, 164.0, 24.078164998670552)
(13.0, 165.0, 24.47467547417444)
(13.0, 166.0, 25.264676500933291)
(13.0, 167.0, 23.407261280156877)
(13.0, 168.0, 24.271705817674118)
(13.0, 169.0, 24.04084418756441)
(13.0, 170.0, 23.753362072491498)
(13.0, 171.0, 25.478724852385014)
(13.0, 172.0, 27.485515634407232)
(13.0, 173.0, 25.089353098608029)
(13.0, 174.0, 19.827381993778502)
(13.0, 175.0, 25.771898683421249)
(13.0, 176.0, 22.663845274101927)
(13.0, 177.0, 25.101225186278224)
(13.0, 178.0, 22.522711059197874)
(13.0, 179.0, 25.511692555659177)
(13.0, 180.0, 23.706143524186697)
(13.0, 181.0, 24.311906253428266)
(13.0, 182.0, 23.329033276239205)
(13.0, 183.0, 23.180647704884926)
(13.0, 184.0, 23.237379803314063)
(13.0, 185.0, 22.411801160572779)
(13.0, 186.0, 23.764111720800123)
(13.0, 187.0, 24.840277197766447)
(13.0, 188.0, 24.594461435863838)
(13.0, 189.0, 25.859095314744216)
(13.0, 190.0, 24.239204529141169)
(13.0, 191.0, 23.44381957906322)
(13.0, 192.0, 22.838925413148427)
(13.0, 193.0, 23.704684393618333)
(13.0, 194.0, 25.479826224550678)
(13.0, 195.0, 24.200385770955926)
(13.0, 196.0, 24.985047113970857)
(13.0, 197.0, 25.672070238800654)
(13.0, 198.0, 25.433855060581188)
(13.0, 199.0, 23.906824121543483)
(14.0, 0.0, 22.59717250455115)
(14.0, 1.0, 28.155359794152446)
(14.0, 2.0, 24.564622475074525)
(14.0, 3.0, 27.651513006019297)
(14.0, 4.0, 23.727610547708313)
(14.0, 5.0, 27.751021582727716)
(14.0, 6.0, 29.09098333854962)
(14.0, 7.0, 27.511440460437424)
(14.0, 8.0, 22.924502566381218)
(14.0, 9.0, 26.145027388774935)
(14.0, 10.0, 25.992248782475421)
(14.0, 11.0, 29.555043802221618)
(14.0, 12.0, 25.230357147348151)
(14.0, 13.0, 27.204072104942849)
(14.0, 14.0, 27.863032756392752)
(14.0, 15.0, 25.476443477502919)
(14.0, 16.0, 25.459914822250237)
(14.0, 17.0, 28.455286590339917)
(14.0, 18.0, 28.766186887188361)
(14.0, 19.0, 30.337051133581298)
(14.0, 20.0, 28.238114211608035)
(14.0, 21.0, 27.557910063580387)
(14.0, 22.0, 28.172756318886861)
(14.0, 23.0, 27.792680398511777)
(14.0, 24.0, 22.143981411555504)
(14.0, 25.0, 21.694593921964799)
(14.0, 26.0, 24.322002868752051)
(14.0, 27.0, 30.202370911979713)
(14.0, 28.0, 25.416322663894292)
(14.0, 29.0, 25.851283143235797)
(14.0, 30.0, 26.150744957973114)
(14.0, 31.0, 24.14574026531821)
(14.0, 32.0, 26.304342169498426)
(14.0, 33.0, 26.862595023106014)
(14.0, 34.0, 29.268446272630982)
(14.0, 35.0, 27.989242668764131)
(14.0, 36.0, 26.302449129503501)
(14.0, 37.0, 27.938581722976924)
(14.0, 38.0, 27.39793086768012)
(14.0, 39.0, 23.41825342320228)
(14.0, 40.0, 26.053399278658855)
(14.0, 41.0, 24.671257045344497)
(14.0, 42.0, 25.953148126839118)
(14.0, 43.0, 30.102804402854918)
(14.0, 44.0, 30.038753024270985)
(14.0, 45.0, 26.996383317511782)
(14.0, 46.0, 27.194768326117767)
(14.0, 47.0, 25.561271394364404)
(14.0, 48.0, 24.598215926367061)
(14.0, 49.0, 29.327922856540809)
(14.0, 50.0, 28.240913143019768)
(14.0, 51.0, 29.32112602646302)
(14.0, 52.0, 27.405014218167423)
(14.0, 53.0, 25.063061154111782)
(14.0, 54.0, 26.151153181166443)
(14.0, 55.0, 24.069749589021072)
(14.0, 56.0, 28.628221466056715)
(14.0, 57.0, 25.871618302885853)
(14.0, 58.0, 25.155262553406395)
(14.0, 59.0, 26.955235885077016)
(14.0, 60.0, 27.634938183009201)
(14.0, 61.0, 24.657747717176907)
(14.0, 62.0, 26.301911368903653)
(14.0, 63.0, 24.881924108472074)
(14.0, 64.0, 23.643611900008949)
(14.0, 65.0, 26.948779808900582)
(14.0, 66.0, 28.361013005761333)
(14.0, 67.0, 26.598047203526271)
(14.0, 68.0, 28.554826627141459)
(14.0, 69.0, 26.225183141427205)
(14.0, 70.0, 28.739433879750756)
(14.0, 71.0, 27.192792876247843)
(14.0, 72.0, 25.262978262814517)
(14.0, 73.0, 24.960862822325986)
(14.0, 74.0, 26.66490636991653)
(14.0, 75.0, 26.361971365328802)
(14.0, 76.0, 27.108964178396892)
(14.0, 77.0, 24.66135242210364)
(14.0, 78.0, 26.976393449487968)
(14.0, 79.0, 26.841981573172024)
(14.0, 80.0, 28.166736260815505)
(14.0, 81.0, 23.682108501973762)
(14.0, 82.0, 21.55604718795081)
(14.0, 83.0, 25.314845182971236)
(14.0, 84.0, 28.350508011449442)
(14.0, 85.0, 29.018270994981805)
(14.0, 86.0, 28.536213480100976)
(14.0, 87.0, 26.089605471919224)
(14.0, 88.0, 25.763147110663223)
(14.0, 89.0, 27.818061362494603)
(14.0, 90.0, 26.68589287536383)
(14.0, 91.0, 25.325884803009984)
(14.0, 92.0, 26.467201556849201)
(14.0, 93.0, 27.562478691637626)
(14.0, 94.0, 27.605842697550116)
(14.0, 95.0, 25.994010120669245)
(14.0, 96.0, 24.366385631439559)
(14.0, 97.0, 27.668231329440559)
(14.0, 98.0, 25.305144892630594)
(14.0, 99.0, 27.019065120653558)
(14.0, 100.0, 27.433319327573269)
(14.0, 101.0, 26.557110077597589)
(14.0, 102.0, 27.220575889946641)
(14.0, 103.0, 28.02591382173971)
(14.0, 104.0, 30.738809339001438)
(14.0, 105.0, 26.857297119576742)
(14.0, 106.0, 25.526482245561823)
(14.0, 107.0, 24.817429427538432)
(14.0, 108.0, 27.13603265554385)
(14.0, 109.0, 26.963526959407726)
(14.0, 110.0, 26.270237259784736)
(14.0, 111.0, 28.926295276152075)
(14.0, 112.0, 30.450384737628884)
(14.0, 113.0, 25.367910495858126)
(14.0, 114.0, 27.946827450739839)
(14.0, 115.0, 28.645318299611098)
(14.0, 116.0, 24.784207806239415)
(14.0, 117.0, 23.061539705351134)
(14.0, 118.0, 27.712544348221904)
(14.0, 119.0, 27.369981032170728)
(14.0, 120.0, 27.068416240077237)
(14.0, 121.0, 28.695399187458371)
(14.0, 122.0, 26.151285986676701)
(14.0, 123.0, 30.759122517169658)
(14.0, 124.0, 27.552646532034462)
(14.0, 125.0, 29.714988257851864)
(14.0, 126.0, 26.934081564163442)
(14.0, 127.0, 27.387047892955106)
(14.0, 128.0, 25.04295910196603)
(14.0, 129.0, 29.669990964122835)
(14.0, 130.0, 27.196618145278258)
(14.0, 131.0, 27.463891796449776)
(14.0, 132.0, 22.219142934583779)
(14.0, 133.0, 25.765881796995853)
(14.0, 134.0, 27.051606685321694)
(14.0, 135.0, 24.955706829622788)
(14.0, 136.0, 27.255051823275497)
(14.0, 137.0, 26.817754859120523)
(14.0, 138.0, 23.638440015733167)
(14.0, 139.0, 29.71486862110061)
(14.0, 140.0, 29.997326058012622)
(14.0, 141.0, 26.904601744344781)
(14.0, 142.0, 28.125088624013312)
(14.0, 143.0, 27.33477933078434)
(14.0, 144.0, 25.44787204665381)
(14.0, 145.0, 27.049819385277004)
(14.0, 146.0, 28.59344314362124)
(14.0, 147.0, 24.729272277520902)
(14.0, 148.0, 25.607249198152541)
(14.0, 149.0, 27.901089958966377)
(14.0, 150.0, 30.299807810025641)
(14.0, 151.0, 30.361297382157328)
(14.0, 152.0, 26.868019742381101)
(14.0, 153.0, 27.481165376087155)
(14.0, 154.0, 27.919405716085492)
(14.0, 155.0, 27.323278726050372)
(14.0, 156.0, 27.419172193176987)
(14.0, 157.0, 30.287969997377857)
(14.0, 158.0, 29.274284526046717)
(14.0, 159.0, 29.604589869517085)
(14.0, 160.0, 25.83470353252325)
(14.0, 161.0, 26.806194577005087)
(14.0, 162.0, 25.258928298898425)
(14.0, 163.0, 24.688455787311664)
(14.0, 164.0, 28.136788113412901)
(14.0, 165.0, 26.84524475486284)
(14.0, 166.0, 27.841047418463415)
(14.0, 167.0, 25.705777122612265)
(14.0, 168.0, 27.381831829236411)
(14.0, 169.0, 27.245517577839873)
(14.0, 170.0, 24.866378109079189)
(14.0, 171.0, 28.931095868258929)
(14.0, 172.0, 27.614387926055166)
(14.0, 173.0, 27.985486831202397)
(14.0, 174.0, 25.248322432030019)
(14.0, 175.0, 29.968246240988162)
(14.0, 176.0, 26.968028221074299)
(14.0, 177.0, 28.806024430115052)
(14.0, 178.0, 25.260685006572068)
(14.0, 179.0, 28.998448583143553)
(14.0, 180.0, 27.438656846075201)
(14.0, 181.0, 27.868668791092478)
(14.0, 182.0, 27.016207150249137)
(14.0, 183.0, 25.16627881880855)
(14.0, 184.0, 24.922469833563056)
(14.0, 185.0, 27.424481658843728)
(14.0, 186.0, 26.662852690687366)
(14.0, 187.0, 29.262219317291134)
(14.0, 188.0, 26.564707248616685)
(14.0, 189.0, 29.614699940512491)
(14.0, 190.0, 28.135295551544946)
(14.0, 191.0, 25.642700413748667)
(14.0, 192.0, 25.678543528238244)
(14.0, 193.0, 27.559254287178078)
(14.0, 194.0, 28.715983446136818)
(14.0, 195.0, 27.021625425116927)
(14.0, 196.0, 27.468940719435093)
(14.0, 197.0, 26.689297206209812)
(14.0, 198.0, 25.720054438990786)
(14.0, 199.0, 26.51431658980227)
(15.0, 0.0, 20.32762438414926)
(15.0, 1.0, 23.013504786336945)
(15.0, 2.0, 22.211185132330961)
(15.0, 3.0, 24.80392122386305)
(15.0, 4.0, 22.647693032334473)
(15.0, 5.0, 24.766647416044368)
(15.0, 6.0, 24.759948806662116)
(15.0, 7.0, 25.461224821124887)
(15.0, 8.0, 19.722806541270494)
(15.0, 9.0, 23.068629995335531)
(15.0, 10.0, 23.137239238716052)
(15.0, 11.0, 24.775934988135074)
(15.0, 12.0, 24.843033720290155)
(15.0, 13.0, 23.324379198055627)
(15.0, 14.0, 24.771511586674848)
(15.0, 15.0, 22.422500827520327)
(15.0, 16.0, 22.222760114861451)
(15.0, 17.0, 24.92621760308193)
(15.0, 18.0, 23.103453044575403)
(15.0, 19.0, 29.118064105619254)
