(186.0, 158.0, 24.904411124892526)
(186.0, 159.0, 23.275718875028623)
(186.0, 160.0, 22.554836695142871)
(186.0, 161.0, 24.730333429019428)
(186.0, 162.0, 23.447143862384753)
(186.0, 163.0, 21.350856370148946)
(186.0, 164.0, 24.420020895535739)
(186.0, 165.0, 23.461550307077971)
(186.0, 166.0, 23.239364120566446)
(186.0, 167.0, 22.828294095846793)
(186.0, 168.0, 22.333774176199881)
(186.0, 169.0, 25.36669325223237)
(186.0, 170.0, 22.312984172295678)
(186.0, 171.0, 24.135015801508509)
(186.0, 172.0, 25.614321632601346)
(186.0, 173.0, 23.443820444958028)
(186.0, 174.0, 20.800822037308503)
(186.0, 175.0, 24.919103579749326)
(186.0, 176.0, 22.514879427869026)
(186.0, 177.0, 25.249254413374796)
(186.0, 178.0, 22.209552111984124)
(186.0, 179.0, 24.124445290295412)
(186.0, 180.0, 24.407000694111346)
(186.0, 181.0, 23.126030466992731)
(186.0, 182.0, 22.983147012420744)
(186.0, 183.0, 21.97792959394355)
(186.0, 184.0, 21.745412401906261)
(186.0, 185.0, 21.761524580572388)
(186.0, 186.0, 23.048430354886495)
(186.0, 187.0, 24.117781777590878)
(186.0, 188.0, 22.86450127094027)
(186.0, 189.0, 25.307730151792409)
(186.0, 190.0, 23.563263971273091)
(186.0, 191.0, 22.835675040582395)
(186.0, 192.0, 22.951921444676426)
(186.0, 193.0, 23.650924915297402)
(186.0, 194.0, 24.56288980204712)
(186.0, 195.0, 22.63021033515647)
(186.0, 196.0, 22.817829877570325)
(186.0, 197.0, 24.626350807577477)
(186.0, 198.0, 22.904465797519073)
(186.0, 199.0, 21.329354115609679)
(187.0, 0.0, 23.701976673547104)
(187.0, 1.0, 26.009591747672395)
(187.0, 2.0, 23.583939145951543)
(187.0, 3.0, 25.010431603161841)
(187.0, 4.0, 24.508423183064565)
(187.0, 5.0, 25.965997775353024)
(187.0, 6.0, 27.277588094522734)
(187.0, 7.0, 27.130236061937364)
(187.0, 8.0, 22.770404924097143)
(187.0, 9.0, 25.244220441525201)
(187.0, 10.0, 25.629194010484671)
(187.0, 11.0, 27.808337180876659)
(187.0, 12.0, 26.049548807467808)
(187.0, 13.0, 26.129461235689174)
(187.0, 14.0, 25.404843254104463)
(187.0, 15.0, 24.667811950121838)
(187.0, 16.0, 24.533630819540686)
(187.0, 17.0, 26.617442862089277)
(187.0, 18.0, 27.360205724662144)
(187.0, 19.0, 30.212804201730037)
(187.0, 20.0, 25.401816072108645)
(187.0, 21.0, 26.209274755564724)
(187.0, 22.0, 26.871410937957059)
(187.0, 23.0, 27.537257061627216)
(187.0, 24.0, 20.624374046531852)
(187.0, 25.0, 22.248024631903917)
(187.0, 26.0, 24.790609449591891)
(187.0, 27.0, 28.763404310877867)
(187.0, 28.0, 26.74358936028187)
(187.0, 29.0, 25.816653352456726)
(187.0, 30.0, 25.071493457034418)
(187.0, 31.0, 24.584334820120169)
(187.0, 32.0, 25.780778597604126)
(187.0, 33.0, 26.600947777329068)
(187.0, 34.0, 25.809333696156578)
(187.0, 35.0, 26.286711667825578)
(187.0, 36.0, 24.52523048252953)
(187.0, 37.0, 27.016725116771024)
(187.0, 38.0, 27.055071634320139)
(187.0, 39.0, 24.209363855228091)
(187.0, 40.0, 24.729947471000841)
(187.0, 41.0, 25.91253058072439)
(187.0, 42.0, 24.107451546731276)
(187.0, 43.0, 26.713332098687552)
(187.0, 44.0, 28.736501489626551)
(187.0, 45.0, 28.129338653815349)
(187.0, 46.0, 26.748437463821119)
(187.0, 47.0, 25.650743237184141)
(187.0, 48.0, 24.737928512172395)
(187.0, 49.0, 28.457244225365532)
(187.0, 50.0, 28.150752781678925)
(187.0, 51.0, 26.598404433286657)
(187.0, 52.0, 27.346229619823863)
(187.0, 53.0, 25.752987787305276)
(187.0, 54.0, 23.499956012913628)
(187.0, 55.0, 24.782637112878469)
(187.0, 56.0, 28.591214594265185)
(187.0, 57.0, 26.181552655641514)
(187.0, 58.0, 23.945367405977269)
(187.0, 59.0, 24.700461565786362)
(187.0, 60.0, 27.785878583895105)
(187.0, 61.0, 23.790003433770778)
(187.0, 62.0, 26.682975066581541)
(187.0, 63.0, 24.610671312326939)
(187.0, 64.0, 24.874804941059139)
(187.0, 65.0, 26.05240807765291)
(187.0, 66.0, 26.156535497933383)
(187.0, 67.0, 24.562864549822532)
(187.0, 68.0, 27.637886769296216)
(187.0, 69.0, 25.58859144464008)
(187.0, 70.0, 28.608599213238438)
(187.0, 71.0, 24.846815502068686)
(187.0, 72.0, 24.231092789717415)
(187.0, 73.0, 23.825081073258872)
(187.0, 74.0, 26.025658619037944)
(187.0, 75.0, 26.846308272308907)
(187.0, 76.0, 25.438212889862186)
(187.0, 77.0, 23.855848054862395)
(187.0, 78.0, 25.676947394826513)
(187.0, 79.0, 25.539083815975811)
(187.0, 80.0, 28.279987072105467)
(187.0, 81.0, 21.065130593947597)
(187.0, 82.0, 20.355476647888434)
(187.0, 83.0, 24.030624340559907)
(187.0, 84.0, 27.892753916300844)
(187.0, 85.0, 26.885034910941251)
(187.0, 86.0, 27.33667348638653)
(187.0, 87.0, 23.840837978981249)
(187.0, 88.0, 26.441678535396793)
(187.0, 89.0, 26.288108998842908)
(187.0, 90.0, 24.303108940667837)
(187.0, 91.0, 25.59612766054364)
(187.0, 92.0, 24.611107419660112)
(187.0, 93.0, 25.481675781052331)
(187.0, 94.0, 27.260305182985284)
(187.0, 95.0, 24.844800750341317)
(187.0, 96.0, 23.821956621792996)
(187.0, 97.0, 25.36494504623828)
(187.0, 98.0, 24.212391281771918)
(187.0, 99.0, 27.368329578253597)
(187.0, 100.0, 27.465495192200503)
(187.0, 101.0, 23.658809369116732)
(187.0, 102.0, 27.159450792346675)
(187.0, 103.0, 25.888215983470982)
(187.0, 104.0, 28.028280373391596)
(187.0, 105.0, 25.428526750174868)
(187.0, 106.0, 25.4911634381968)
(187.0, 107.0, 23.542030991331707)
(187.0, 108.0, 25.683799081644985)
(187.0, 109.0, 24.6977769310387)
(187.0, 110.0, 25.037973491195068)
(187.0, 111.0, 26.546095384825964)
(187.0, 112.0, 29.81869535508952)
(187.0, 113.0, 26.238739225732427)
(187.0, 114.0, 26.732342457597923)
(187.0, 115.0, 26.342766679300652)
(187.0, 116.0, 23.201897227544695)
(187.0, 117.0, 24.36879979979642)
(187.0, 118.0, 26.773242778726988)
(187.0, 119.0, 26.117910938051221)
(187.0, 120.0, 25.402774559984728)
(187.0, 121.0, 27.335728579847149)
(187.0, 122.0, 25.983796816224483)
(187.0, 123.0, 28.169395580265569)
(187.0, 124.0, 25.283382013476547)
(187.0, 125.0, 27.257334296262933)
(187.0, 126.0, 25.222159865474413)
(187.0, 127.0, 26.639708521382076)
(187.0, 128.0, 25.111501598249543)
(187.0, 129.0, 27.495978462418254)
(187.0, 130.0, 26.13497988525333)
(187.0, 131.0, 26.325332038278667)
(187.0, 132.0, 21.034006055436699)
(187.0, 133.0, 22.897297164283636)
(187.0, 134.0, 27.294881393257299)
(187.0, 135.0, 26.268412408853518)
(187.0, 136.0, 26.442949837766932)
(187.0, 137.0, 25.560706727445254)
(187.0, 138.0, 24.434783056171252)
(187.0, 139.0, 28.352631654650537)
(187.0, 140.0, 28.424198244174342)
(187.0, 141.0, 25.41449372527093)
(187.0, 142.0, 26.063169253154499)
(187.0, 143.0, 27.861620188840323)
(187.0, 144.0, 24.553578241009372)
(187.0, 145.0, 27.405503668833362)
(187.0, 146.0, 28.735543161747781)
(187.0, 147.0, 24.001834601641917)
(187.0, 148.0, 25.978418416382517)
(187.0, 149.0, 27.860568774439937)
(187.0, 150.0, 29.860651805824631)
(187.0, 151.0, 29.552075787775088)
(187.0, 152.0, 25.374587312631906)
(187.0, 153.0, 27.901672317501465)
(187.0, 154.0, 27.015989001959817)
(187.0, 155.0, 26.672092988932004)
(187.0, 156.0, 27.618793299498655)
(187.0, 157.0, 27.741960872004043)
(187.0, 158.0, 28.783029674956801)
(187.0, 159.0, 25.991216847223221)
(187.0, 160.0, 24.217651541296384)
(187.0, 161.0, 25.218488470924139)
(187.0, 162.0, 27.096524239687081)
(187.0, 163.0, 23.502835228459194)
(187.0, 164.0, 25.291971919703958)
(187.0, 165.0, 26.184225404051258)
(187.0, 166.0, 27.546027194091643)
(187.0, 167.0, 24.773874384946058)
(187.0, 168.0, 26.078010343815656)
(187.0, 169.0, 25.487072931080331)
(187.0, 170.0, 23.645121566249745)
(187.0, 171.0, 27.506286442782915)
(187.0, 172.0, 29.503255370541257)
(187.0, 173.0, 25.2664204391283)
(187.0, 174.0, 22.971907712728044)
(187.0, 175.0, 28.285630220085668)
(187.0, 176.0, 25.043415407632747)
(187.0, 177.0, 26.75806680150566)
(187.0, 178.0, 23.756032177964144)
(187.0, 179.0, 27.158552992978766)
(187.0, 180.0, 26.659689058332511)
(187.0, 181.0, 25.679628047364794)
(187.0, 182.0, 26.026679410899412)
(187.0, 183.0, 25.203095045231194)
(187.0, 184.0, 23.768163991800591)
(187.0, 185.0, 25.632423244887232)
(187.0, 186.0, 24.186721131967765)
(187.0, 187.0, 29.663197777544852)
(187.0, 188.0, 25.656347731393055)
(187.0, 189.0, 27.744714218354268)
(187.0, 190.0, 28.671383124208496)
(187.0, 191.0, 24.972653923358845)
(187.0, 192.0, 25.376310908447234)
(187.0, 193.0, 26.731970283877271)
(187.0, 194.0, 26.212191359226416)
(187.0, 195.0, 26.807967728444844)
(187.0, 196.0, 27.099713431357543)
(187.0, 197.0, 26.033739542611674)
(187.0, 198.0, 23.943396425614786)
(187.0, 199.0, 26.32648535897027)
(188.0, 0.0, 22.789260155958615)
(188.0, 1.0, 27.907201246437424)
(188.0, 2.0, 24.655148017463464)
(188.0, 3.0, 27.993971219566326)
(188.0, 4.0, 25.234733650965225)
(188.0, 5.0, 27.424464506953548)
(188.0, 6.0, 27.446556565114349)
(188.0, 7.0, 27.933373832795333)
(188.0, 8.0, 24.157716840425508)
(188.0, 9.0, 28.134589173806084)
(188.0, 10.0, 26.249068658911078)
(188.0, 11.0, 28.107353987829367)
(188.0, 12.0, 25.736857664993888)
(188.0, 13.0, 27.330678389011549)
(188.0, 14.0, 27.739980390363286)
(188.0, 15.0, 24.835608492294806)
(188.0, 16.0, 26.334818740754734)
(188.0, 17.0, 28.776796219843902)
(188.0, 18.0, 26.821091159744302)
(188.0, 19.0, 29.294795320037931)
(188.0, 20.0, 26.731557130917956)
(188.0, 21.0, 25.960655078709614)
(188.0, 22.0, 27.98346984780105)
(188.0, 23.0, 29.087364621343703)
(188.0, 24.0, 22.976881398369564)
(188.0, 25.0, 23.369955665091375)
(188.0, 26.0, 25.55299071999854)
(188.0, 27.0, 30.068947154399371)
(188.0, 28.0, 28.046825290206641)
(188.0, 29.0, 26.899288370134922)
(188.0, 30.0, 25.737413843507888)
(188.0, 31.0, 24.129566879532142)
(188.0, 32.0, 27.1003968360295)
(188.0, 33.0, 27.241173745329746)
(188.0, 34.0, 29.32229129117788)
(188.0, 35.0, 27.78621403341447)
(188.0, 36.0, 26.48259884591203)
(188.0, 37.0, 28.684645899412942)
(188.0, 38.0, 26.311355837821893)
(188.0, 39.0, 26.116868663425624)
(188.0, 40.0, 25.860361764884424)
(188.0, 41.0, 25.63572940163786)
(188.0, 42.0, 25.791171204357838)
(188.0, 43.0, 28.536583280299002)
(188.0, 44.0, 31.73858620953769)
(188.0, 45.0, 27.439194996111727)
(188.0, 46.0, 27.34217317863644)
(188.0, 47.0, 26.465667197957544)
(188.0, 48.0, 25.417396517256591)
(188.0, 49.0, 30.284505160591575)
(188.0, 50.0, 29.684009445378496)
(188.0, 51.0, 30.333016271327924)
(188.0, 52.0, 25.651386986915259)
(188.0, 53.0, 27.046446658235503)
(188.0, 54.0, 25.003657096790437)
(188.0, 55.0, 24.045898858408854)
(188.0, 56.0, 28.694403883411276)
(188.0, 57.0, 27.120776631144032)
(188.0, 58.0, 25.345585571431201)
(188.0, 59.0, 25.782418525795741)
(188.0, 60.0, 27.478866287468893)
(188.0, 61.0, 23.896961504572104)
(188.0, 62.0, 28.680409205564921)
(188.0, 63.0, 25.974120202873408)
(188.0, 64.0, 24.593498821326225)
(188.0, 65.0, 27.016109204635459)
(188.0, 66.0, 28.430382219883239)
(188.0, 67.0, 27.299912687213464)
(188.0, 68.0, 28.670898493017312)
(188.0, 69.0, 26.976496438083309)
(188.0, 70.0, 29.871053684009766)
(188.0, 71.0, 25.893724108859125)
(188.0, 72.0, 25.686481236141258)
(188.0, 73.0, 25.46091751605173)
(188.0, 74.0, 26.34334941312207)
(188.0, 75.0, 28.810709266992248)
(188.0, 76.0, 26.710208310776153)
(188.0, 77.0, 25.714613623237135)
(188.0, 78.0, 27.516327972138804)
(188.0, 79.0, 24.184149901380042)
(188.0, 80.0, 29.261355288413419)
(188.0, 81.0, 22.825341553436694)
(188.0, 82.0, 22.667710069246453)
(188.0, 83.0, 24.660221846970316)
(188.0, 84.0, 27.616282486709935)
(188.0, 85.0, 29.016908161137206)
(188.0, 86.0, 28.333541586023848)
(188.0, 87.0, 26.257192145870324)
(188.0, 88.0, 27.078152325391958)
(188.0, 89.0, 26.69387168764078)
(188.0, 90.0, 26.445378677333672)
(188.0, 91.0, 26.61117971795559)
(188.0, 92.0, 25.910341959445368)
(188.0, 93.0, 29.130001255523812)
(188.0, 94.0, 28.123248417190645)
(188.0, 95.0, 27.52562475597318)
(188.0, 96.0, 24.507029874948202)
(188.0, 97.0, 27.048211930494372)
(188.0, 98.0, 25.78567581033677)
(188.0, 99.0, 27.703664468321509)
(188.0, 100.0, 28.531373895553649)
(188.0, 101.0, 25.96262544059925)
(188.0, 102.0, 26.877431265149809)
(188.0, 103.0, 27.622719331406834)
(188.0, 104.0, 30.79805584409625)
(188.0, 105.0, 25.299639882769533)
(188.0, 106.0, 26.099124738305086)
(188.0, 107.0, 24.791590294926682)
(188.0, 108.0, 26.411223783501576)
(188.0, 109.0, 26.779863753978773)
(188.0, 110.0, 28.08008670627876)
(188.0, 111.0, 29.169057464868509)
(188.0, 112.0, 30.31227774137157)
(188.0, 113.0, 27.535386369490304)
(188.0, 114.0, 26.704783023422195)
(188.0, 115.0, 28.488129616548342)
(188.0, 116.0, 24.471651249894599)
(188.0, 117.0, 23.129721349195478)
(188.0, 118.0, 27.38144359251649)
(188.0, 119.0, 27.726004444102017)
(188.0, 120.0, 27.110977013912461)
(188.0, 121.0, 29.146272417870634)
(188.0, 122.0, 27.219648219676639)
(188.0, 123.0, 30.991629519609379)
(188.0, 124.0, 26.917033317284499)
(188.0, 125.0, 29.40513754720838)
(188.0, 126.0, 27.03554751562303)
(188.0, 127.0, 26.501594492040329)
(188.0, 128.0, 25.793150100500309)
(188.0, 129.0, 28.304819187312834)
(188.0, 130.0, 28.178916928955633)
(188.0, 131.0, 27.142323660370892)
(188.0, 132.0, 24.063756045463158)
(188.0, 133.0, 25.238664403766503)
(188.0, 134.0, 27.524541104153471)
(188.0, 135.0, 25.318433923529618)
(188.0, 136.0, 27.478409231982948)
(188.0, 137.0, 27.783077226834774)
(188.0, 138.0, 24.728005800380377)
(188.0, 139.0, 28.628638777331151)
(188.0, 140.0, 30.933412469408136)
(188.0, 141.0, 26.623078949631715)
(188.0, 142.0, 27.363720493550836)
(188.0, 143.0, 27.816860682913816)
(188.0, 144.0, 26.662528394608803)
(188.0, 145.0, 28.42546464913196)
(188.0, 146.0, 29.11380463889747)
(188.0, 147.0, 24.696707633134242)
(188.0, 148.0, 26.89606963210548)
(188.0, 149.0, 27.156870362421415)
(188.0, 150.0, 28.702644804769122)
(188.0, 151.0, 30.46219824918445)
(188.0, 152.0, 27.990923573737859)
(188.0, 153.0, 28.698642467851357)
(188.0, 154.0, 29.113196273422766)
(188.0, 155.0, 27.45224461261359)
(188.0, 156.0, 27.794474762105615)
(188.0, 157.0, 30.813454609551691)
(188.0, 158.0, 28.582156359702793)
(188.0, 159.0, 28.412527372898019)
(188.0, 160.0, 25.733762316620215)
(188.0, 161.0, 26.145784811899226)
(188.0, 162.0, 27.527642857946795)
(188.0, 163.0, 24.65117169019852)
(188.0, 164.0, 26.87564650625049)
(188.0, 165.0, 28.133925127256884)
(188.0, 166.0, 29.42425781919183)
(188.0, 167.0, 25.882561641167133)
(188.0, 168.0, 26.411141152690362)
(188.0, 169.0, 26.782571450674155)
(188.0, 170.0, 25.770434580396699)
(188.0, 171.0, 28.415291611543175)
(188.0, 172.0, 30.001637021658251)
(188.0, 173.0, 28.009426396773733)
(188.0, 174.0, 23.041155412203238)
(188.0, 175.0, 28.619524620780826)
(188.0, 176.0, 26.722239669255377)
(188.0, 177.0, 28.826618444285835)
(188.0, 178.0, 25.91151468546639)
(188.0, 179.0, 27.350867856513933)
(188.0, 180.0, 27.417169644202239)
(188.0, 181.0, 27.03838303159117)
(188.0, 182.0, 26.992195164892028)
(188.0, 183.0, 24.66226933723124)
(188.0, 184.0, 25.799560955705953)
(188.0, 185.0, 26.539865260611332)
(188.0, 186.0, 24.48906058841937)
(188.0, 187.0, 29.01180980771931)
(188.0, 188.0, 26.14853702779412)
(188.0, 189.0, 29.732130924627349)
(188.0, 190.0, 29.780887991302066)
(188.0, 191.0, 25.929802080575307)
(188.0, 192.0, 25.076674227588192)
(188.0, 193.0, 26.947113371821821)
(188.0, 194.0, 27.663938917682682)
(188.0, 195.0, 28.168690941995649)
(188.0, 196.0, 27.837851352036758)
(188.0, 197.0, 27.695851101788598)
(188.0, 198.0, 26.414943451975113)
(188.0, 199.0, 26.456692116523254)
(189.0, 0.0, 22.236499389708626)
(189.0, 1.0, 26.878838335632835)
(189.0, 2.0, 24.739042343473621)
(189.0, 3.0, 28.512958913832563)
(189.0, 4.0, 24.534223028302542)
(189.0, 5.0, 25.449458612695746)
(189.0, 6.0, 27.301429175062001)
(189.0, 7.0, 28.749815207269336)
(189.0, 8.0, 22.954213476940737)
(189.0, 9.0, 27.85436593794968)
(189.0, 10.0, 23.521065431288214)
(189.0, 11.0, 27.158679657127795)
(189.0, 12.0, 27.334246866947616)
(189.0, 13.0, 26.728940478990509)
(189.0, 14.0, 27.782829868547374)
(189.0, 15.0, 25.57965428134349)
(189.0, 16.0, 24.70409208985129)
(189.0, 17.0, 26.992897407495057)
(189.0, 18.0, 26.815509329702767)
(189.0, 19.0, 31.296481686521275)
(189.0, 20.0, 27.07144330112223)
(189.0, 21.0, 25.879217952813192)
(189.0, 22.0, 27.201026594288447)
(189.0, 23.0, 28.394270702702286)
(189.0, 24.0, 20.604708354577884)
(189.0, 25.0, 22.318793516184535)
(189.0, 26.0, 25.722772038765598)
(189.0, 27.0, 31.569841034647347)
(189.0, 28.0, 25.446023052814969)
(189.0, 29.0, 28.143712586955058)
(189.0, 30.0, 26.887720778192701)
(189.0, 31.0, 24.10557395865181)
(189.0, 32.0, 27.389649398071636)
(189.0, 33.0, 26.408974547430624)
(189.0, 34.0, 27.652828620280669)
(189.0, 35.0, 28.623425867925747)
(189.0, 36.0, 24.892789187796534)
(189.0, 37.0, 28.763941383926888)
(189.0, 38.0, 28.665422600256981)
(189.0, 39.0, 23.916433426238605)
(189.0, 40.0, 24.506408436532499)
(189.0, 41.0, 27.0222356357189)
(189.0, 42.0, 26.798056156082378)
(189.0, 43.0, 28.010399245904718)
(189.0, 44.0, 28.200881627167767)
(189.0, 45.0, 27.886419187674598)
(189.0, 46.0, 26.118950675237297)
(189.0, 47.0, 24.234968480922788)
(189.0, 48.0, 24.795774962389359)
(189.0, 49.0, 27.84179312173411)
(189.0, 50.0, 27.819919689261766)
(189.0, 51.0, 29.102801618636676)
(189.0, 52.0, 26.308257117746003)
(189.0, 53.0, 24.038482445358081)
(189.0, 54.0, 26.561111023176924)
(189.0, 55.0, 24.483317164919463)
(189.0, 56.0, 27.581457156009826)
(189.0, 57.0, 26.950510225561374)
(189.0, 58.0, 26.325144692342732)
(189.0, 59.0, 25.483711764654547)
(189.0, 60.0, 27.481715720468955)
(189.0, 61.0, 24.118475984817529)
(189.0, 62.0, 28.354686819468839)
(189.0, 63.0, 26.096701452090077)
(189.0, 64.0, 24.638804153320383)
(189.0, 65.0, 25.907405359872698)
(189.0, 66.0, 25.891291238528229)
(189.0, 67.0, 24.573062644885169)
(189.0, 68.0, 27.726886188612866)
(189.0, 69.0, 26.279144137446487)
(189.0, 70.0, 29.153807990917144)
(189.0, 71.0, 25.767051215691893)
(189.0, 72.0, 23.31400064729684)
(189.0, 73.0, 22.875521414125238)
(189.0, 74.0, 25.151522835228121)
(189.0, 75.0, 26.596996508847713)
(189.0, 76.0, 25.082838872252186)
(189.0, 77.0, 22.929795435188471)
(189.0, 78.0, 25.525180333474765)
(189.0, 79.0, 25.605521331777283)
(189.0, 80.0, 27.182531909608656)
(189.0, 81.0, 22.128304340178754)
(189.0, 82.0, 22.86930052056616)
(189.0, 83.0, 27.043987643382849)
(189.0, 84.0, 27.079260693476641)
(189.0, 85.0, 27.403115573961561)
(189.0, 86.0, 27.617458058351325)
(189.0, 87.0, 25.707116207177343)
(189.0, 88.0, 26.351411783554106)
(189.0, 89.0, 27.207277552262632)
(189.0, 90.0, 26.872379180902414)
(189.0, 91.0, 26.702053867081123)
(189.0, 92.0, 26.440239873212697)
(189.0, 93.0, 26.808631077237287)
(189.0, 94.0, 26.774296540630406)
(189.0, 95.0, 26.342254023748403)
(189.0, 96.0, 23.777193863844058)
(189.0, 97.0, 27.197823619114381)
(189.0, 98.0, 25.406326459864648)
(189.0, 99.0, 27.213513267174154)
(189.0, 100.0, 28.473992844573392)
(189.0, 101.0, 22.972661881089845)
(189.0, 102.0, 25.134072042033324)
(189.0, 103.0, 27.533063515929776)
(189.0, 104.0, 28.531274934489268)
(189.0, 105.0, 26.651965020427468)
(189.0, 106.0, 25.502464590776881)
(189.0, 107.0, 25.419112182724096)
(189.0, 108.0, 26.927384426812971)
(189.0, 109.0, 25.960241326143898)
(189.0, 110.0, 26.476196567106189)
(189.0, 111.0, 27.526341391696619)
(189.0, 112.0, 28.142115680518085)
(189.0, 113.0, 27.211508703571837)
(189.0, 114.0, 27.515988833787794)
(189.0, 115.0, 25.776991652632343)
(189.0, 116.0, 24.014200876035932)
(189.0, 117.0, 22.57753805770411)
(189.0, 118.0, 29.703619651856538)
(189.0, 119.0, 27.471017126614932)
(189.0, 120.0, 27.36956452239788)
(189.0, 121.0, 27.229624568524745)
(189.0, 122.0, 26.05671964987129)
(189.0, 123.0, 28.853435750494292)
(189.0, 124.0, 28.138033217494346)
(189.0, 125.0, 28.867492832041709)
(189.0, 126.0, 26.20482210593245)
(189.0, 127.0, 26.099574936215191)
(189.0, 128.0, 25.102539334533823)
(189.0, 129.0, 29.002283630146707)
(189.0, 130.0, 27.467866422510262)
(189.0, 131.0, 26.205322195154778)
(189.0, 132.0, 22.971269692619924)
(189.0, 133.0, 22.486229247050275)
(189.0, 134.0, 26.293532010481673)
(189.0, 135.0, 25.814297638315381)
(189.0, 136.0, 27.673749816732073)
(189.0, 137.0, 25.79111188585599)
(189.0, 138.0, 23.493512886273749)
(189.0, 139.0, 29.226400144531851)
(189.0, 140.0, 29.736295429862221)
(189.0, 141.0, 26.032557505449738)
(189.0, 142.0, 27.274584064245804)
(189.0, 143.0, 27.510223012683834)
(189.0, 144.0, 26.072851352113766)
(189.0, 145.0, 27.078273134262574)
(189.0, 146.0, 29.578651276719903)
(189.0, 147.0, 24.712978360894816)
(189.0, 148.0, 25.280011807971896)
(189.0, 149.0, 28.266971104797836)
(189.0, 150.0, 29.720549083515102)
(189.0, 151.0, 30.78098045208721)
(189.0, 152.0, 26.79782428999393)
(189.0, 153.0, 28.136778044729201)
(189.0, 154.0, 27.842811033400263)
(189.0, 155.0, 28.364470538925705)
(189.0, 156.0, 28.805201623376391)
(189.0, 157.0, 29.315472337635242)
(189.0, 158.0, 29.45486487367014)
(189.0, 159.0, 26.76092844391766)
(189.0, 160.0, 26.034259637646493)
(189.0, 161.0, 26.799281871427628)
(189.0, 162.0, 27.994338732566526)
(189.0, 163.0, 24.847695308404383)
(189.0, 164.0, 26.024254393035488)
(189.0, 165.0, 25.640972064435779)
(189.0, 166.0, 28.225945608816797)
(189.0, 167.0, 26.651092946441544)
(189.0, 168.0, 27.515612989876217)
(189.0, 169.0, 26.989236485650629)
(189.0, 170.0, 23.357563295330962)
(189.0, 171.0, 29.346496990250603)
(189.0, 172.0, 29.115895656517843)
(189.0, 173.0, 27.207445438575512)
(189.0, 174.0, 25.481926688599835)
(189.0, 175.0, 28.181556398318371)
(189.0, 176.0, 29.281555873939293)
(189.0, 177.0, 28.413449674605069)
(189.0, 178.0, 24.61849543770898)
(189.0, 179.0, 28.071879457915205)
(189.0, 180.0, 27.036455138678821)
(189.0, 181.0, 27.36390504122188)
(189.0, 182.0, 27.670683303592948)
(189.0, 183.0, 25.7707582544422)
(189.0, 184.0, 25.984873254410907)
(189.0, 185.0, 25.940776873281393)
(189.0, 186.0, 26.654649210376398)
(189.0, 187.0, 29.102816193015443)
(189.0, 188.0, 28.001222349057468)
(189.0, 189.0, 27.759148775924121)
(189.0, 190.0, 27.419997514237185)
(189.0, 191.0, 27.873442457884678)
(189.0, 192.0, 26.340693942734632)
(189.0, 193.0, 26.482062111329249)
(189.0, 194.0, 28.976903310145246)
(189.0, 195.0, 29.785669900259549)
(189.0, 196.0, 27.28524730430637)
(189.0, 197.0, 27.409469546057903)
(189.0, 198.0, 26.150596577904096)
(189.0, 199.0, 27.371626610691337)
(190.0, 0.0, 21.92983869204841)
(190.0, 1.0, 25.193070985444912)
(190.0, 2.0, 24.178255514909896)
(190.0, 3.0, 27.729960393677867)
(190.0, 4.0, 22.585428705061855)
(190.0, 5.0, 26.015902845519623)
(190.0, 6.0, 27.416580911689131)
(190.0, 7.0, 26.754029130703699)
(190.0, 8.0, 20.702764815245526)
(190.0, 9.0, 24.544172111817467)
(190.0, 10.0, 23.569025893195089)
(190.0, 11.0, 28.091810903708875)
(190.0, 12.0, 25.426074835571406)
(190.0, 13.0, 26.96098343269221)
(190.0, 14.0, 25.423522264143333)
(190.0, 15.0, 23.962813602711286)
(190.0, 16.0, 23.820426197356618)
(190.0, 17.0, 25.799424003454462)
(190.0, 18.0, 25.426886790006172)
(190.0, 19.0, 29.232826427317772)
(190.0, 20.0, 25.716460429012464)
(190.0, 21.0, 24.227368296671848)
(190.0, 22.0, 26.190564428646834)
(190.0, 23.0, 27.611186002646281)
(190.0, 24.0, 21.731218086498952)
(190.0, 25.0, 21.93923416398745)
(190.0, 26.0, 23.759317324864213)
(190.0, 27.0, 27.797413455245362)
(190.0, 28.0, 24.611913464175178)
(190.0, 29.0, 24.519796190820706)
(190.0, 30.0, 25.610769325665942)
(190.0, 31.0, 23.002629857332334)
(190.0, 32.0, 25.580529885782028)
(190.0, 33.0, 24.972686690734825)
(190.0, 34.0, 27.440379106004858)
(190.0, 35.0, 25.068839180918708)
(190.0, 36.0, 23.43258612168966)
(190.0, 37.0, 26.272235087298796)
(190.0, 38.0, 27.89910903307209)
(190.0, 39.0, 22.597807616822642)
(190.0, 40.0, 22.952995165076732)
(190.0, 41.0, 25.062626841404672)
(190.0, 42.0, 24.528021889605711)
(190.0, 43.0, 27.49969685714041)
(190.0, 44.0, 29.255533735150877)
(190.0, 45.0, 26.351099770301801)
(190.0, 46.0, 25.378504400209295)
(190.0, 47.0, 24.427523265543655)
(190.0, 48.0, 24.023610260792154)
(190.0, 49.0, 27.083962360176077)
(190.0, 50.0, 28.786319427349909)
(190.0, 51.0, 27.34250326012765)
(190.0, 52.0, 26.566991276917701)
(190.0, 53.0, 23.528320173675866)
(190.0, 54.0, 24.230822839434612)
(190.0, 55.0, 24.574091425465205)
(190.0, 56.0, 27.837328158831383)
(190.0, 57.0, 24.135021694374892)
(190.0, 58.0, 25.621287687679711)
(190.0, 59.0, 25.083009261142784)
(190.0, 60.0, 25.717321397794322)
(190.0, 61.0, 24.270129636534111)
(190.0, 62.0, 27.937320925512193)
(190.0, 63.0, 25.789438763625959)
(190.0, 64.0, 22.909207858415787)
(190.0, 65.0, 25.159170988605421)
(190.0, 66.0, 24.652072475637965)
(190.0, 67.0, 25.058327860738661)
(190.0, 68.0, 26.074682396301213)
(190.0, 69.0, 25.504467417615711)
(190.0, 70.0, 28.476553945637662)
(190.0, 71.0, 24.943507833181318)
(190.0, 72.0, 21.607915964388777)
(190.0, 73.0, 23.304433026342927)
(190.0, 74.0, 25.863508470355335)
(190.0, 75.0, 26.177166011098048)
(190.0, 76.0, 25.005967374836835)
(190.0, 77.0, 23.504078730499014)
(190.0, 78.0, 25.095331019060104)
(190.0, 79.0, 23.46832063610535)
(190.0, 80.0, 26.607281266138621)
(190.0, 81.0, 20.437989313402809)
(190.0, 82.0, 21.720764689846469)
(190.0, 83.0, 23.105436228051129)
(190.0, 84.0, 26.407796861818152)
(190.0, 85.0, 26.645143294926267)
(190.0, 86.0, 25.575824968300655)
(190.0, 87.0, 26.990141158646438)
(190.0, 88.0, 25.416765576185885)
(190.0, 89.0, 25.587629411733165)
(190.0, 90.0, 26.33159093592079)
(190.0, 91.0, 22.415972851911651)
(190.0, 92.0, 26.650163073900707)
(190.0, 93.0, 25.047011150757207)
(190.0, 94.0, 24.094040061507382)
(190.0, 95.0, 24.154425269359614)
(190.0, 96.0, 24.739855607472208)
(190.0, 97.0, 24.872877161195703)
(190.0, 98.0, 23.126502223615883)
(190.0, 99.0, 24.739941733701837)
(190.0, 100.0, 26.055917558890041)
(190.0, 101.0, 22.963201354602294)
(190.0, 102.0, 24.773852040459236)
(190.0, 103.0, 26.582444975886784)
(190.0, 104.0, 26.739027159905394)
(190.0, 105.0, 24.886517476859503)
(190.0, 106.0, 23.222578468642837)
(190.0, 107.0, 24.901871158128991)
(190.0, 108.0, 26.136568971511807)
(190.0, 109.0, 23.611938013997865)
(190.0, 110.0, 23.526597259553121)
(190.0, 111.0, 26.545152252089007)
(190.0, 112.0, 28.173307545619025)
(190.0, 113.0, 24.422797124987927)
(190.0, 114.0, 26.607822041482617)
(190.0, 115.0, 26.086125218672549)
(190.0, 116.0, 23.374753060630557)
(190.0, 117.0, 23.048051188263205)
(190.0, 118.0, 28.671797096342736)
(190.0, 119.0, 25.792804867151474)
(190.0, 120.0, 25.483395283481247)
(190.0, 121.0, 26.238936674105272)
(190.0, 122.0, 23.504498765121248)
(190.0, 123.0, 26.922951551060795)
(190.0, 124.0, 24.955222959273677)
(190.0, 125.0, 27.172616310931705)
(190.0, 126.0, 25.87128675980949)
(190.0, 127.0, 27.486250453972779)
(190.0, 128.0, 24.128087641267097)
(190.0, 129.0, 26.747441106644807)
(190.0, 130.0, 24.938752100939077)
(190.0, 131.0, 26.967496506768985)
(190.0, 132.0, 20.951312141231551)
(190.0, 133.0, 21.602815334961146)
(190.0, 134.0, 25.429239083134753)
(190.0, 135.0, 26.46257186446914)
(190.0, 136.0, 25.484757656594454)
(190.0, 137.0, 25.114802183902203)
(190.0, 138.0, 22.872284302267857)
(190.0, 139.0, 28.715455245908668)
(190.0, 140.0, 28.911292718053772)
(190.0, 141.0, 23.717702898589064)
(190.0, 142.0, 25.319033043585591)
(190.0, 143.0, 27.253287953305403)
(190.0, 144.0, 23.168023378132112)
(190.0, 145.0, 25.108578615241321)
(190.0, 146.0, 28.048586830662344)
(190.0, 147.0, 23.151419518011437)
(190.0, 148.0, 23.973231439201953)
(190.0, 149.0, 26.345414819727743)
(190.0, 150.0, 28.426563351273259)
(190.0, 151.0, 27.762915254621834)
(190.0, 152.0, 26.821065076426738)
(190.0, 153.0, 27.95955888246846)
(190.0, 154.0, 28.115566027320302)
(190.0, 155.0, 27.820227960341622)
(190.0, 156.0, 25.48029181152226)
(190.0, 157.0, 28.251766047983743)
(190.0, 158.0, 26.779258746844803)
(190.0, 159.0, 25.792616061676078)
(190.0, 160.0, 24.179302849652316)
(190.0, 161.0, 25.613497007990144)
(190.0, 162.0, 27.595942894471861)
(190.0, 163.0, 24.814196070528698)
(190.0, 164.0, 25.407211859937206)
(190.0, 165.0, 25.921588551172093)
(190.0, 166.0, 27.233062877771715)
(190.0, 167.0, 24.806278590010834)
(190.0, 168.0, 26.552616964494234)
(190.0, 169.0, 26.292700979489609)
(190.0, 170.0, 23.98084076925273)
(190.0, 171.0, 26.755352579594881)
(190.0, 172.0, 28.827072014220697)
(190.0, 173.0, 25.342346641885506)
(190.0, 174.0, 22.639873184264538)
(190.0, 175.0, 26.396734107524345)
(190.0, 176.0, 26.157947959412336)
(190.0, 177.0, 27.300747590393648)
(190.0, 178.0, 22.942498243489347)
(190.0, 179.0, 26.156047330035079)
(190.0, 180.0, 25.847499575858187)
(190.0, 181.0, 25.034220054494092)
(190.0, 182.0, 27.112917801401611)
(190.0, 183.0, 24.742425086102966)
(190.0, 184.0, 24.466563587454907)
(190.0, 185.0, 24.161973982387156)
(190.0, 186.0, 25.89073944270784)
(190.0, 187.0, 26.596575073093611)
(190.0, 188.0, 24.556687477995034)
(190.0, 189.0, 28.850024158690271)
(190.0, 190.0, 25.545849438338987)
(190.0, 191.0, 25.23208615548452)
(190.0, 192.0, 25.676943327534186)
(190.0, 193.0, 25.931219458423076)
(190.0, 194.0, 26.800479002827963)
(190.0, 195.0, 26.469903346766188)
(190.0, 196.0, 26.237760436070239)
(190.0, 197.0, 28.647956294963276)
(190.0, 198.0, 26.676689247353714)
(190.0, 199.0, 24.62692269078936)
(191.0, 0.0, 26.111136719825829)
(191.0, 1.0, 27.119658873540374)
(191.0, 2.0, 26.591554636783922)
(191.0, 3.0, 28.565225014879449)
(191.0, 4.0, 25.738818148523993)
(191.0, 5.0, 28.701565667028436)
(191.0, 6.0, 31.539698005327644)
(191.0, 7.0, 29.957819507023732)
(191.0, 8.0, 24.422811578394921)
(191.0, 9.0, 30.27848531527372)
(191.0, 10.0, 26.552600334622142)
(191.0, 11.0, 29.974309479522368)
(191.0, 12.0, 29.245720044304722)
(191.0, 13.0, 27.511984751464482)
(191.0, 14.0, 29.087157639827375)
(191.0, 15.0, 27.160775826809807)
(191.0, 16.0, 26.220168118127141)
(191.0, 17.0, 29.086120736273436)
(191.0, 18.0, 28.697604962860822)
(191.0, 19.0, 32.657380422767766)
(191.0, 20.0, 30.767192992063144)
(191.0, 21.0, 27.065118663478103)
(191.0, 22.0, 31.424496394133897)
(191.0, 23.0, 31.336295874900692)
(191.0, 24.0, 20.985984368944756)
(191.0, 25.0, 23.322136013367182)
(191.0, 26.0, 26.412396163347246)
(191.0, 27.0, 32.285017718345742)
(191.0, 28.0, 28.187427455632175)
(191.0, 29.0, 29.197056002683869)
(191.0, 30.0, 27.574674589422415)
(191.0, 31.0, 26.313742121607138)
(191.0, 32.0, 30.150984490371325)
(191.0, 33.0, 28.68932010599832)
(191.0, 34.0, 29.316596294717751)
(191.0, 35.0, 30.008490112465889)
(191.0, 36.0, 24.492507393089433)
(191.0, 37.0, 29.730065735637687)
(191.0, 38.0, 29.746930969636686)
(191.0, 39.0, 26.010575583046879)
(191.0, 40.0, 27.068905244521535)
(191.0, 41.0, 27.960197892854975)
(191.0, 42.0, 28.057899612868063)
(191.0, 43.0, 29.37529045397071)
(191.0, 44.0, 31.831141261761445)
(191.0, 45.0, 29.200849706536104)
(191.0, 46.0, 29.99941089173344)
(191.0, 47.0, 27.983083311794033)
(191.0, 48.0, 27.131185240202864)
(191.0, 49.0, 30.853267548512445)
(191.0, 50.0, 30.840219935733213)
(191.0, 51.0, 30.708180479188826)
(191.0, 52.0, 30.747255930547325)
(191.0, 53.0, 26.01044655852289)
(191.0, 54.0, 27.190411351961103)
(191.0, 55.0, 26.512952854776696)
(191.0, 56.0, 30.065620625156697)
(191.0, 57.0, 27.714729100093621)
(191.0, 58.0, 27.574458589379066)
(191.0, 59.0, 28.34025289840136)
(191.0, 60.0, 29.764170896571734)
(191.0, 61.0, 25.884930525104505)
(191.0, 62.0, 28.364969475534547)
(191.0, 63.0, 28.697954168296917)
(191.0, 64.0, 26.986687768296168)
(191.0, 65.0, 27.528536404169405)
(191.0, 66.0, 28.507862072836787)
(191.0, 67.0, 27.031837028423045)
(191.0, 68.0, 30.058886324508176)
(191.0, 69.0, 29.484620409894127)
(191.0, 70.0, 30.432323170376272)
(191.0, 71.0, 27.621363648254246)
(191.0, 72.0, 25.160547339716938)
(191.0, 73.0, 25.407059014595973)
(191.0, 74.0, 28.550875579847677)
(191.0, 75.0, 30.170662308017345)
(191.0, 76.0, 26.926144549947686)
(191.0, 77.0, 25.140536303644549)
(191.0, 78.0, 26.919243787563282)
(191.0, 79.0, 28.279958280184282)
(191.0, 80.0, 30.345470105332538)
(191.0, 81.0, 23.789822437467709)
(191.0, 82.0, 24.723457277779225)
(191.0, 83.0, 26.710653059007182)
(191.0, 84.0, 30.772950336939623)
(191.0, 85.0, 31.249740982772106)
(191.0, 86.0, 29.757200555729511)
(191.0, 87.0, 26.212432832439688)
(191.0, 88.0, 29.975610719265855)
(191.0, 89.0, 29.407629873835116)
(191.0, 90.0, 29.580702480577848)
(191.0, 91.0, 30.121563673937807)
(191.0, 92.0, 26.793253073293016)
(191.0, 93.0, 27.602771280411286)
(191.0, 94.0, 29.081086979057591)
(191.0, 95.0, 26.136735574300722)
(191.0, 96.0, 27.612298357120011)
(191.0, 97.0, 28.342259150784194)
(191.0, 98.0, 26.165514548056983)
(191.0, 99.0, 29.619676324442487)
(191.0, 100.0, 29.596036852290389)
(191.0, 101.0, 26.130051732017058)
(191.0, 102.0, 28.723141315174942)
(191.0, 103.0, 29.858793691473466)
(191.0, 104.0, 31.092301864522572)
(191.0, 105.0, 29.124339177822922)
(191.0, 106.0, 28.128912604146446)
(191.0, 107.0, 27.871801148591477)
(191.0, 108.0, 28.138635751170678)
(191.0, 109.0, 26.040697090080439)
(191.0, 110.0, 29.026091648845409)
(191.0, 111.0, 30.085689368163344)
(191.0, 112.0, 30.229237815147854)
(191.0, 113.0, 28.691726169478354)
(191.0, 114.0, 29.355619644233276)
(191.0, 115.0, 27.682241348356062)
(191.0, 116.0, 25.433668652814141)
(191.0, 117.0, 26.67853960728074)
(191.0, 118.0, 30.037693932186318)
(191.0, 119.0, 29.147175605908817)
(191.0, 120.0, 30.037220162731355)
(191.0, 121.0, 28.545562474334638)
(191.0, 122.0, 28.387246464338691)
(191.0, 123.0, 31.97735375957739)
(191.0, 124.0, 28.451638924717468)
(191.0, 125.0, 30.550396891459698)
(191.0, 126.0, 27.669880265996312)
(191.0, 127.0, 27.809309806954992)
(191.0, 128.0, 27.436666792328417)
(191.0, 129.0, 30.218302242725077)
(191.0, 130.0, 28.791299506791276)
(191.0, 131.0, 29.979188057255623)
(191.0, 132.0, 23.743380016849812)
(191.0, 133.0, 24.053804223476657)
(191.0, 134.0, 27.891003905164439)
(191.0, 135.0, 28.87542904577213)
(191.0, 136.0, 29.031354329174043)
(191.0, 137.0, 28.863420551519361)
(191.0, 138.0, 26.002186838993168)
(191.0, 139.0, 31.143604678985572)
(191.0, 140.0, 31.919342468455639)
(191.0, 141.0, 28.545861755003134)
(191.0, 142.0, 26.946240220532623)
(191.0, 143.0, 29.054994585303493)
(191.0, 144.0, 26.802821961785927)
(191.0, 145.0, 27.871488445826731)
(191.0, 146.0, 30.708332659760817)
(191.0, 147.0, 24.417711739225144)
(191.0, 148.0, 27.567277306576919)
(191.0, 149.0, 29.573131725184883)
(191.0, 150.0, 32.490831257199758)
(191.0, 151.0, 31.6124764617423)
(191.0, 152.0, 28.523160683132275)
(191.0, 153.0, 29.985227277984851)
(191.0, 154.0, 29.882087700629796)
(191.0, 155.0, 31.093547992414443)
(191.0, 156.0, 27.999664954455024)
(191.0, 157.0, 31.456928750404611)
(191.0, 158.0, 31.66498066974777)
(191.0, 159.0, 28.886493260957295)
(191.0, 160.0, 27.079659256221785)
(191.0, 161.0, 29.498782597144938)
(191.0, 162.0, 30.337797960412118)
(191.0, 163.0, 24.448240350484216)
(191.0, 164.0, 29.11704622825885)
(191.0, 165.0, 30.448551915316305)
(191.0, 166.0, 29.269379221156957)
(191.0, 167.0, 28.998307498915285)
(191.0, 168.0, 28.42056029998944)
(191.0, 169.0, 28.429209003001084)
(191.0, 170.0, 25.464276533904457)
(191.0, 171.0, 30.732374380534154)
(191.0, 172.0, 31.686067958235419)
(191.0, 173.0, 28.287342027572727)
(191.0, 174.0, 26.362577054821617)
(191.0, 175.0, 27.999878901011549)
(191.0, 176.0, 28.105275442277062)
(191.0, 177.0, 30.058635810313838)
(191.0, 178.0, 28.578766538036163)
(191.0, 179.0, 31.334837664919096)
(191.0, 180.0, 27.826108665569159)
(191.0, 181.0, 30.148381705153003)
(191.0, 182.0, 28.72895362368703)
(191.0, 183.0, 28.209166426178854)
(191.0, 184.0, 27.687385085984019)
(191.0, 185.0, 28.60409780940417)
(191.0, 186.0, 28.270863531527603)
(191.0, 187.0, 32.025125423278027)
(191.0, 188.0, 26.336459649215218)
(191.0, 189.0, 32.131281327205478)
(191.0, 190.0, 31.495422020494374)
(191.0, 191.0, 27.829709274829863)
(191.0, 192.0, 28.244767596088408)
(191.0, 193.0, 28.28581895629447)
(191.0, 194.0, 29.897013259549958)
(191.0, 195.0, 28.607526671696387)
(191.0, 196.0, 28.787691691415692)
(191.0, 197.0, 30.109144568068995)
(191.0, 198.0, 27.364512401426467)
(191.0, 199.0, 28.721109432279796)
(192.0, 0.0, 23.878652707677674)
(192.0, 1.0, 26.00405614882521)
(192.0, 2.0, 25.089465023642884)
(192.0, 3.0, 28.867234973093129)
(192.0, 4.0, 25.74369219388452)
(192.0, 5.0, 26.513137984620336)
(192.0, 6.0, 29.26726102177609)
(192.0, 7.0, 29.353520319266618)
(192.0, 8.0, 23.888416631853325)
(192.0, 9.0, 28.327942487187716)
(192.0, 10.0, 26.639305981948397)
(192.0, 11.0, 27.281639966198277)
(192.0, 12.0, 27.199145208282868)
(192.0, 13.0, 27.179347295896022)
(192.0, 14.0, 26.634120983823689)
(192.0, 15.0, 25.272656768486925)
(192.0, 16.0, 24.695548318346766)
(192.0, 17.0, 27.063767933913098)
(192.0, 18.0, 26.987778112811295)
(192.0, 19.0, 31.695268319920743)
(192.0, 20.0, 27.424485199515352)
(192.0, 21.0, 26.600978051086603)
(192.0, 22.0, 26.672346007430768)
(192.0, 23.0, 27.599516948730376)
(192.0, 24.0, 21.254978528413353)
(192.0, 25.0, 22.624263008184936)
(192.0, 26.0, 25.72653662483436)
(192.0, 27.0, 29.703148545584064)
(192.0, 28.0, 25.85009887250655)
(192.0, 29.0, 26.706751721508972)
(192.0, 30.0, 24.413631529263398)
(192.0, 31.0, 25.884608643774456)
(192.0, 32.0, 27.562805968191523)
(192.0, 33.0, 27.017085219569761)
(192.0, 34.0, 27.536165665099375)
(192.0, 35.0, 27.268875658744705)
(192.0, 36.0, 25.0922614887319)
(192.0, 37.0, 29.178203945494332)
(192.0, 38.0, 27.41937545407372)
(192.0, 39.0, 25.411317845449322)
(192.0, 40.0, 24.548035693503785)
(192.0, 41.0, 27.038800770688255)
(192.0, 42.0, 25.008477019606964)
(192.0, 43.0, 28.640587501451904)
(192.0, 44.0, 29.9242124652271)
(192.0, 45.0, 28.60280397910774)
(192.0, 46.0, 26.624199040830732)
(192.0, 47.0, 25.968081428845579)
(192.0, 48.0, 25.491927565948632)
(192.0, 49.0, 30.063520236319228)
(192.0, 50.0, 30.331942700102335)
(192.0, 51.0, 28.91473164568119)
(192.0, 52.0, 26.514942514785119)
(192.0, 53.0, 26.401485845434451)
(192.0, 54.0, 25.62331759250355)
(192.0, 55.0, 26.002621991609601)
(192.0, 56.0, 28.54459282132234)
(192.0, 57.0, 25.178125892136357)
(192.0, 58.0, 25.731561018642275)
(192.0, 59.0, 25.563099177808805)
(192.0, 60.0, 26.220848567125771)
(192.0, 61.0, 24.98898752546668)
(192.0, 62.0, 29.005163913861189)
(192.0, 63.0, 25.136618018425253)
(192.0, 64.0, 25.033861491966473)
(192.0, 65.0, 25.499986580817517)
(192.0, 66.0, 25.243876593683627)
(192.0, 67.0, 27.260991751678809)
(192.0, 68.0, 28.729332242413371)
(192.0, 69.0, 27.441883753260214)
(192.0, 70.0, 28.805699354751468)
(192.0, 71.0, 25.20253470674481)
(192.0, 72.0, 24.070192829582847)
(192.0, 73.0, 23.218913124139572)
(192.0, 74.0, 25.763746683656667)
(192.0, 75.0, 27.82731732469)
(192.0, 76.0, 26.699595206706981)
(192.0, 77.0, 24.971995183405824)
(192.0, 78.0, 27.36250692129137)
(192.0, 79.0, 26.11396894162635)
(192.0, 80.0, 28.789819539130541)
(192.0, 81.0, 23.040430791604198)
(192.0, 82.0, 23.128794098983658)
(192.0, 83.0, 25.413208131360125)
(192.0, 84.0, 28.672646673077459)
(192.0, 85.0, 27.776274783334866)
(192.0, 86.0, 28.236716489391785)
(192.0, 87.0, 26.554885322055043)
(192.0, 88.0, 26.603792853816746)
(192.0, 89.0, 26.304357512914056)
(192.0, 90.0, 27.382396650021473)
(192.0, 91.0, 25.515283547814647)
(192.0, 92.0, 25.754001211600272)
(192.0, 93.0, 27.981961214353813)
(192.0, 94.0, 24.958184808907021)
(192.0, 95.0, 25.444180943456868)
(192.0, 96.0, 24.255528258280677)
(192.0, 97.0, 25.689991336105244)
(192.0, 98.0, 23.56732180990771)
(192.0, 99.0, 25.73529600273168)
(192.0, 100.0, 28.591038464452041)
(192.0, 101.0, 25.989046933616116)
(192.0, 102.0, 26.409914358283956)
(192.0, 103.0, 29.130057597982812)
(192.0, 104.0, 29.292032407741665)
(192.0, 105.0, 27.27110181723237)
(192.0, 106.0, 24.460858645500334)
(192.0, 107.0, 24.328571881279178)
(192.0, 108.0, 26.15903669291087)
(192.0, 109.0, 24.854597492596262)
(192.0, 110.0, 26.267985062456713)
(192.0, 111.0, 26.919047093549018)
(192.0, 112.0, 29.075979976108318)
(192.0, 113.0, 28.183102921351921)
(192.0, 114.0, 27.301002866915617)
(192.0, 115.0, 27.77819365857)
(192.0, 116.0, 25.275610885402124)
(192.0, 117.0, 23.410240252369757)
(192.0, 118.0, 28.148726064358826)
(192.0, 119.0, 27.082659224305271)
(192.0, 120.0, 27.457054988560365)
(192.0, 121.0, 28.829044375604465)
(192.0, 122.0, 25.216946856044888)
(192.0, 123.0, 29.768621998104976)
(192.0, 124.0, 28.384285452812968)
(192.0, 125.0, 28.135848107726201)
(192.0, 126.0, 26.015035128932873)
(192.0, 127.0, 28.766304018370899)
(192.0, 128.0, 25.977606886812744)
(192.0, 129.0, 28.774291603220611)
(192.0, 130.0, 27.096138983616015)
(192.0, 131.0, 27.095427022252991)
(192.0, 132.0, 22.521117727405862)
(192.0, 133.0, 25.248149271939184)
(192.0, 134.0, 28.407935677233283)
(192.0, 135.0, 27.585954460986645)
(192.0, 136.0, 26.796942593674757)
(192.0, 137.0, 25.987466446598496)
(192.0, 138.0, 24.538546675936246)
(192.0, 139.0, 29.61829203528043)
(192.0, 140.0, 28.995336068610001)
(192.0, 141.0, 25.987414969496847)
(192.0, 142.0, 27.147645716961083)
(192.0, 143.0, 26.705379934935216)
(192.0, 144.0, 25.546524388037483)
(192.0, 145.0, 25.933827909917966)
(192.0, 146.0, 28.678317325581748)
(192.0, 147.0, 24.977148643253468)
(192.0, 148.0, 26.006202483179425)
(192.0, 149.0, 29.058120432701184)
(192.0, 150.0, 30.793273038737823)
(192.0, 151.0, 30.206568152302754)
(192.0, 152.0, 27.202376081682253)
(192.0, 153.0, 29.308410023047447)
(192.0, 154.0, 26.79345374230008)
(192.0, 155.0, 29.232977141582751)
(192.0, 156.0, 28.976400971799965)
(192.0, 157.0, 28.732035420582864)
(192.0, 158.0, 27.324615821492912)
(192.0, 159.0, 28.279896683861427)
(192.0, 160.0, 25.648157966594944)
(192.0, 161.0, 27.205466756622798)
(192.0, 162.0, 27.493038642617407)
(192.0, 163.0, 24.782940685028876)
(192.0, 164.0, 27.642218892468186)
(192.0, 165.0, 27.130912725534643)
(192.0, 166.0, 27.695144238519983)
(192.0, 167.0, 26.620937128419236)
(192.0, 168.0, 26.289575745063846)
(192.0, 169.0, 28.575153797444742)
(192.0, 170.0, 25.765653782996921)
(192.0, 171.0, 27.978144218134243)
(192.0, 172.0, 27.993765229797503)
(192.0, 173.0, 26.905011585850485)
(192.0, 174.0, 24.489820082129697)
(192.0, 175.0, 28.036812325566686)
(192.0, 176.0, 26.095671871676785)
(192.0, 177.0, 28.063726545964414)
(192.0, 178.0, 25.925439014293122)
(192.0, 179.0, 29.024735747842872)
(192.0, 180.0, 27.397239023634778)
(192.0, 181.0, 27.450409821602506)
(192.0, 182.0, 26.132454421879753)
(192.0, 183.0, 25.466126269667328)
(192.0, 184.0, 25.398009985350328)
(192.0, 185.0, 25.823829662575609)
(192.0, 186.0, 26.468580684583664)
(192.0, 187.0, 27.893586613385725)
(192.0, 188.0, 27.108710659963599)
(192.0, 189.0, 29.924079631153383)
(192.0, 190.0, 28.601861319911464)
(192.0, 191.0, 26.555004871519756)
(192.0, 192.0, 27.685037596544074)
(192.0, 193.0, 28.383273356263736)
(192.0, 194.0, 28.953398092639326)
(192.0, 195.0, 26.219664122902252)
(192.0, 196.0, 28.375201420115413)
(192.0, 197.0, 28.387171796143758)
(192.0, 198.0, 25.090694962633574)
(192.0, 199.0, 27.021568673720587)
(193.0, 0.0, 22.457899613599459)
(193.0, 1.0, 25.770978750207689)
(193.0, 2.0, 25.416221083393889)
(193.0, 3.0, 27.16794697753555)
(193.0, 4.0, 24.683682384847494)
(193.0, 5.0, 27.053577405218363)
(193.0, 6.0, 28.131888439857384)
(193.0, 7.0, 25.300147230634796)
(193.0, 8.0, 23.242968242892019)
(193.0, 9.0, 27.068542160071082)
(193.0, 10.0, 24.507345024435043)
(193.0, 11.0, 28.075809704299665)
(193.0, 12.0, 26.060880261834775)
(193.0, 13.0, 27.069936239416094)
(193.0, 14.0, 25.224025661378246)
(193.0, 15.0, 25.441630375565076)
(193.0, 16.0, 24.002484482112987)
(193.0, 17.0, 26.060495279109766)
(193.0, 18.0, 25.290546601168295)
(193.0, 19.0, 30.432744527311215)
(193.0, 20.0, 28.226850255072225)
(193.0, 21.0, 25.986580016056461)
(193.0, 22.0, 27.954580052613597)
(193.0, 23.0, 26.856991901295935)
(193.0, 24.0, 20.36706312392889)
(193.0, 25.0, 21.298846361064474)
(193.0, 26.0, 24.849057441633398)
(193.0, 27.0, 31.359506058363795)
(193.0, 28.0, 27.206901885281376)
(193.0, 29.0, 27.109282437920871)
(193.0, 30.0, 25.245022680259517)
(193.0, 31.0, 25.31055722127369)
(193.0, 32.0, 27.998533694797711)
(193.0, 33.0, 24.598697595500198)
(193.0, 34.0, 25.864643719604185)
(193.0, 35.0, 28.741488984451514)
(193.0, 36.0, 25.033717605004057)
(193.0, 37.0, 26.921461097904)
(193.0, 38.0, 26.450431629241933)
(193.0, 39.0, 23.646238773161226)
(193.0, 40.0, 24.020095600988871)
(193.0, 41.0, 25.254658621900631)
(193.0, 42.0, 26.422428221126637)
(193.0, 43.0, 27.161182241466605)
(193.0, 44.0, 29.811626705290259)
(193.0, 45.0, 26.090127343555409)
(193.0, 46.0, 27.947162809635298)
(193.0, 47.0, 25.089821527043014)
(193.0, 48.0, 24.394376965675693)
(193.0, 49.0, 29.768317356665769)
(193.0, 50.0, 29.209090464645108)
(193.0, 51.0, 28.308007755086894)
(193.0, 52.0, 26.176251469638359)
(193.0, 53.0, 24.78587443392605)
(193.0, 54.0, 26.170637133898204)
(193.0, 55.0, 25.553060982864682)
(193.0, 56.0, 27.326542429155332)
(193.0, 57.0, 26.583768363177334)
(193.0, 58.0, 26.106288434260801)
(193.0, 59.0, 26.739089542432826)
(193.0, 60.0, 27.877413500365055)
(193.0, 61.0, 24.079390902618584)
(193.0, 62.0, 27.151693694516709)
(193.0, 63.0, 24.458910539665212)
(193.0, 64.0, 24.725455563743225)
(193.0, 65.0, 24.952058135761625)
(193.0, 66.0, 26.063987258931206)
(193.0, 67.0, 26.150485952288658)
(193.0, 68.0, 28.755835751161452)
(193.0, 69.0, 26.659970898016407)
(193.0, 70.0, 26.69348503534232)
(193.0, 71.0, 24.559320459936437)
(193.0, 72.0, 21.931539865672796)
(193.0, 73.0, 22.910593052328338)
(193.0, 74.0, 27.833817143290233)
(193.0, 75.0, 27.94259597939006)
(193.0, 76.0, 26.964017190315012)
(193.0, 77.0, 23.332021482048432)
(193.0, 78.0, 25.397816055870116)
(193.0, 79.0, 26.693505966738989)
(193.0, 80.0, 28.586810006423857)
(193.0, 81.0, 23.317198427061289)
(193.0, 82.0, 24.724972058953259)
(193.0, 83.0, 23.883978342352929)
(193.0, 84.0, 28.641229448300475)
(193.0, 85.0, 28.237355124070771)
(193.0, 86.0, 29.062658029743865)
(193.0, 87.0, 24.817123516294632)
(193.0, 88.0, 24.880734870420611)
(193.0, 89.0, 26.252194113873326)
(193.0, 90.0, 27.416730802911353)
(193.0, 91.0, 25.128554804696471)
(193.0, 92.0, 24.45577018237363)
(193.0, 93.0, 26.366157614306449)
(193.0, 94.0, 26.76536227203734)
(193.0, 95.0, 25.531751897549821)
(193.0, 96.0, 24.26305781946915)
(193.0, 97.0, 26.430748085342131)
(193.0, 98.0, 24.060786848539795)
(193.0, 99.0, 27.383988239707946)
(193.0, 100.0, 28.739211178403082)
(193.0, 101.0, 23.465153999357295)
(193.0, 102.0, 26.362788917273324)
(193.0, 103.0, 28.122341129282717)
(193.0, 104.0, 28.547447269889489)
(193.0, 105.0, 25.067785588650022)
(193.0, 106.0, 24.331104793868811)
(193.0, 107.0, 23.967508842790643)
(193.0, 108.0, 26.620020670047182)
(193.0, 109.0, 24.526028231332948)
(193.0, 110.0, 26.067495858022934)
(193.0, 111.0, 27.742995518915237)
(193.0, 112.0, 29.268550826027255)
(193.0, 113.0, 26.499608023541789)
(193.0, 114.0, 26.422689887203873)
(193.0, 115.0, 26.145669740047996)
(193.0, 116.0, 24.555948411211503)
(193.0, 117.0, 23.272959610709396)
(193.0, 118.0, 27.565458116399299)
(193.0, 119.0, 27.157663547426562)
(193.0, 120.0, 27.326600343975308)
(193.0, 121.0, 29.043455489556926)
(193.0, 122.0, 25.282212137798542)
(193.0, 123.0, 27.742753517209785)
(193.0, 124.0, 26.504163751966434)
(193.0, 125.0, 28.517872977618872)
(193.0, 126.0, 25.830960700457325)
(193.0, 127.0, 27.943019995455032)
(193.0, 128.0, 24.42921137049365)
(193.0, 129.0, 26.70117457907611)
(193.0, 130.0, 26.291482514980945)
(193.0, 131.0, 28.085086549956742)
(193.0, 132.0, 23.545490396004311)
(193.0, 133.0, 24.821132121102139)
(193.0, 134.0, 27.94052059465475)
(193.0, 135.0, 27.726792129415749)
(193.0, 136.0, 26.134222828443587)
(193.0, 137.0, 27.623033037761047)
(193.0, 138.0, 24.439279919362328)
(193.0, 139.0, 29.423409995983768)
(193.0, 140.0, 29.701095416580042)
(193.0, 141.0, 27.218647227887992)
(193.0, 142.0, 26.783600809989821)
(193.0, 143.0, 27.792964452120767)
(193.0, 144.0, 25.463191839943921)
(193.0, 145.0, 26.746189547171063)
(193.0, 146.0, 30.482156573697186)
(193.0, 147.0, 23.21448600872732)
(193.0, 148.0, 25.270780225392059)
(193.0, 149.0, 27.707846692387154)
(193.0, 150.0, 30.629745481546674)
(193.0, 151.0, 28.6760098223914)
(193.0, 152.0, 26.534041529843826)
(193.0, 153.0, 26.906927069272815)
(193.0, 154.0, 26.74789609711862)
(193.0, 155.0, 27.791559182232636)
(193.0, 156.0, 28.42358443013169)
(193.0, 157.0, 30.252727413108612)
(193.0, 158.0, 28.759161866837438)
(193.0, 159.0, 27.656340797844194)
(193.0, 160.0, 25.779851113736903)
(193.0, 161.0, 25.105102088671288)
(193.0, 162.0, 27.229328154094176)
(193.0, 163.0, 22.807635039550195)
(193.0, 164.0, 26.86978632595374)
(193.0, 165.0, 26.771821879211789)
(193.0, 166.0, 28.287072954392556)
(193.0, 167.0, 26.148801694699191)
(193.0, 168.0, 26.236211757587487)
(193.0, 169.0, 27.487130311431525)
(193.0, 170.0, 22.658754127958197)
(193.0, 171.0, 28.221705293624538)
(193.0, 172.0, 29.079862342370255)
(193.0, 173.0, 27.217291043238852)
(193.0, 174.0, 24.149113820740766)
(193.0, 175.0, 26.85606094749836)
(193.0, 176.0, 24.428886547419342)
(193.0, 177.0, 27.748322378477809)
(193.0, 178.0, 23.744365295692557)
(193.0, 179.0, 28.755945837081967)
(193.0, 180.0, 26.482966388315702)
(193.0, 181.0, 25.995332194920678)
(193.0, 182.0, 26.045481876077218)
(193.0, 183.0, 26.095663489397207)
(193.0, 184.0, 26.027720243089433)
(193.0, 185.0, 25.916197244231533)
(193.0, 186.0, 26.009643018735517)
(193.0, 187.0, 28.307336232733299)
(193.0, 188.0, 25.418560807475473)
(193.0, 189.0, 28.894604437621528)
(193.0, 190.0, 27.697012360004923)
(193.0, 191.0, 27.1482874979447)
(193.0, 192.0, 25.486448805994474)
(193.0, 193.0, 27.508465197121915)
(193.0, 194.0, 27.901864558501863)
(193.0, 195.0, 25.335941033501733)
(193.0, 196.0, 26.400139681639438)
(193.0, 197.0, 26.733733611308917)
(193.0, 198.0, 25.973205679657188)
(193.0, 199.0, 25.538374022857376)
(194.0, 0.0, 19.740417808447702)
(194.0, 1.0, 22.532573859530089)
(194.0, 2.0, 21.944140758291493)
(194.0, 3.0, 24.087403865401651)
(194.0, 4.0, 21.949577207942344)
(194.0, 5.0, 22.546733167667611)
(194.0, 6.0, 26.073223367246296)
(194.0, 7.0, 24.954179123654828)
(194.0, 8.0, 19.509058403825044)
(194.0, 9.0, 24.60867611887581)
(194.0, 10.0, 23.351284101911013)
(194.0, 11.0, 24.864671723054983)
(194.0, 12.0, 25.261291433613049)
(194.0, 13.0, 24.078914681344497)
(194.0, 14.0, 24.619772360294476)
(194.0, 15.0, 22.216766355362065)
(194.0, 16.0, 22.651717443826698)
(194.0, 17.0, 24.976310769508892)
(194.0, 18.0, 23.293106659471789)
(194.0, 19.0, 27.197687322853668)
(194.0, 20.0, 22.260387627910081)
(194.0, 21.0, 23.473155649883495)
(194.0, 22.0, 26.036912136529462)
(194.0, 23.0, 24.105690579297178)
(194.0, 24.0, 18.771142957119682)
(194.0, 25.0, 19.993370893239423)
(194.0, 26.0, 21.954324767409513)
(194.0, 27.0, 27.098322041065813)
(194.0, 28.0, 23.471448009927911)
(194.0, 29.0, 23.432773626354805)
(194.0, 30.0, 23.813662109948446)
(194.0, 31.0, 22.035370083662052)
(194.0, 32.0, 24.733118613295616)
(194.0, 33.0, 23.786115882491281)
(194.0, 34.0, 23.472817957778688)
(194.0, 35.0, 25.074048132806439)
(194.0, 36.0, 20.735157758680227)
(194.0, 37.0, 25.211692946752116)
(194.0, 38.0, 23.189084358781543)
(194.0, 39.0, 22.18301230516381)
(194.0, 40.0, 21.491503061365577)
(194.0, 41.0, 22.99192419376584)
(194.0, 42.0, 21.492568237713545)
(194.0, 43.0, 25.144691932969067)
(194.0, 44.0, 28.178467755442931)
(194.0, 45.0, 26.062181915289173)
(194.0, 46.0, 24.463463858796437)
(194.0, 47.0, 22.617676097389818)
(194.0, 48.0, 22.297297626285896)
(194.0, 49.0, 26.057104981791607)
(194.0, 50.0, 26.663489343097453)
(194.0, 51.0, 26.282135778594842)
(194.0, 52.0, 25.540201888198574)
(194.0, 53.0, 23.664477131114808)
(194.0, 54.0, 20.919970265094637)
(194.0, 55.0, 22.782497058268124)
(194.0, 56.0, 25.53131863654329)
(194.0, 57.0, 22.861538304421828)
(194.0, 58.0, 23.161870205496761)
(194.0, 59.0, 24.369020387535041)
(194.0, 60.0, 26.072438422651864)
(194.0, 61.0, 21.40976443983924)
(194.0, 62.0, 24.976025304426638)
(194.0, 63.0, 24.117951313636077)
(194.0, 64.0, 20.953750949043041)
(194.0, 65.0, 23.161071267947687)
(194.0, 66.0, 23.076172056853359)
(194.0, 67.0, 23.339429087812178)
(194.0, 68.0, 25.896049754187679)
(194.0, 69.0, 24.773357345043877)
(194.0, 70.0, 24.886661883763686)
(194.0, 71.0, 23.047167882513552)
(194.0, 72.0, 22.026842113015082)
(194.0, 73.0, 22.605785425322889)
(194.0, 74.0, 23.079453792411417)
(194.0, 75.0, 25.905375370621009)
(194.0, 76.0, 24.794162188321835)
(194.0, 77.0, 21.067813820808908)
(194.0, 78.0, 24.543697425071734)
(194.0, 79.0, 24.171692345490634)
(194.0, 80.0, 25.207994168934697)
(194.0, 81.0, 21.965438271166281)
(194.0, 82.0, 20.587006299378338)
(194.0, 83.0, 21.858722986604569)
(194.0, 84.0, 25.974183619642755)
(194.0, 85.0, 25.502736433318152)
(194.0, 86.0, 24.22025149619985)
(194.0, 87.0, 22.140511882773264)
(194.0, 88.0, 23.40116573870959)
(194.0, 89.0, 24.201421107379737)
(194.0, 90.0, 23.809937628530733)
(194.0, 91.0, 23.340563159864239)
(194.0, 92.0, 22.973628617075203)
(194.0, 93.0, 23.778334713194699)
(194.0, 94.0, 23.366655466526591)
(194.0, 95.0, 22.93346647174965)
(194.0, 96.0, 23.202236755721614)
(194.0, 97.0, 22.722760863506149)
(194.0, 98.0, 21.256512400529317)
(194.0, 99.0, 23.275608946656455)
(194.0, 100.0, 25.686330139690565)
(194.0, 101.0, 21.100030161967979)
(194.0, 102.0, 23.575162182642124)
(194.0, 103.0, 24.074298769796069)
(194.0, 104.0, 26.206404850045558)
(194.0, 105.0, 24.217088696994775)
(194.0, 106.0, 23.066120463495988)
(194.0, 107.0, 22.338333627902369)
(194.0, 108.0, 22.031339991860904)
(194.0, 109.0, 22.022441182326897)
(194.0, 110.0, 23.766930240675237)
(194.0, 111.0, 24.927291443277873)
(194.0, 112.0, 27.127290279258084)
(194.0, 113.0, 25.458663956666435)
(194.0, 114.0, 23.910139255455562)
(194.0, 115.0, 25.134071901800731)
(194.0, 116.0, 21.435963056903816)
(194.0, 117.0, 20.76334692813791)
(194.0, 118.0, 25.653080956704759)
(194.0, 119.0, 25.046102426228678)
(194.0, 120.0, 24.698045745730326)
(194.0, 121.0, 24.793392754757551)
(194.0, 122.0, 24.274855138519726)
(194.0, 123.0, 26.364497231733562)
(194.0, 124.0, 24.103824213312418)
(194.0, 125.0, 25.166145928666189)
(194.0, 126.0, 22.466546565335598)
(194.0, 127.0, 25.073987774979745)
(194.0, 128.0, 22.771570781722996)
(194.0, 129.0, 25.151604805345759)
(194.0, 130.0, 23.12911005891403)
(194.0, 131.0, 24.280700765365047)
(194.0, 132.0, 20.4031377998759)
(194.0, 133.0, 20.618164152474868)
(194.0, 134.0, 24.491131668896713)
(194.0, 135.0, 24.193502676991635)
(194.0, 136.0, 23.486307070647364)
(194.0, 137.0, 21.795256892769746)
(194.0, 138.0, 19.953574653461867)
(194.0, 139.0, 26.058892715560958)
(194.0, 140.0, 26.475542705276624)
(194.0, 141.0, 24.021381841367596)
(194.0, 142.0, 21.661817191232963)
(194.0, 143.0, 24.475380489079104)
(194.0, 144.0, 23.117084784509284)
(194.0, 145.0, 25.003264979010197)
(194.0, 146.0, 26.816022865890545)
(194.0, 147.0, 21.631444644798179)
(194.0, 148.0, 24.186176729853578)
(194.0, 149.0, 26.074141421764864)
(194.0, 150.0, 27.696913917440583)
(194.0, 151.0, 26.184255234083082)
(194.0, 152.0, 23.56054430291659)
(194.0, 153.0, 25.810939293068014)
(194.0, 154.0, 24.115588921315737)
(194.0, 155.0, 26.643578678074618)
(194.0, 156.0, 25.042807478451593)
(194.0, 157.0, 25.904828971682587)
(194.0, 158.0, 24.836923999318522)
(194.0, 159.0, 23.890300442012865)
(194.0, 160.0, 23.344907793912686)
(194.0, 161.0, 24.498227816922157)
(194.0, 162.0, 25.074671749542986)
(194.0, 163.0, 21.399447808972262)
(194.0, 164.0, 23.201444765784824)
(194.0, 165.0, 23.616208569909396)
(194.0, 166.0, 24.248965560713334)
(194.0, 167.0, 23.974424581512512)
(194.0, 168.0, 23.301049193592952)
(194.0, 169.0, 24.550918641563616)
(194.0, 170.0, 22.068697252542364)
(194.0, 171.0, 23.366749932919337)
(194.0, 172.0, 27.094023830682897)
(194.0, 173.0, 23.794021471896507)
(194.0, 174.0, 20.942552572010882)
(194.0, 175.0, 25.262850911123543)
(194.0, 176.0, 21.675895858082082)
(194.0, 177.0, 26.614282471234969)
(194.0, 178.0, 21.63914105068951)
(194.0, 179.0, 26.177202358162859)
(194.0, 180.0, 23.591471175615425)
(194.0, 181.0, 25.992647544086697)
(194.0, 182.0, 23.926575764759313)
(194.0, 183.0, 21.877330357765462)
(194.0, 184.0, 21.938562342946788)
(194.0, 185.0, 23.432638439428601)
(194.0, 186.0, 24.033602015416133)
(194.0, 187.0, 24.990862038379824)
(194.0, 188.0, 24.109389296374331)
(194.0, 189.0, 24.932129004748109)
(194.0, 190.0, 25.012778254516974)
(194.0, 191.0, 23.449057915175)
(194.0, 192.0, 24.850317914375996)
(194.0, 193.0, 24.432685295606142)
(194.0, 194.0, 25.305178626678583)
(194.0, 195.0, 25.405957607500834)
(194.0, 196.0, 23.985742107657067)
(194.0, 197.0, 25.842534137437553)
(194.0, 198.0, 22.808871354507414)
(194.0, 199.0, 22.837578583417709)
(195.0, 0.0, 21.8524432259224)
(195.0, 1.0, 23.649902117566963)
(195.0, 2.0, 22.419171063551097)
(195.0, 3.0, 26.314085476097251)
(195.0, 4.0, 22.014051057321964)
(195.0, 5.0, 25.402428917499954)
(195.0, 6.0, 25.747624747848079)
(195.0, 7.0, 25.853705237348041)
(195.0, 8.0, 21.913177110805638)
(195.0, 9.0, 25.795085868902902)
(195.0, 10.0, 23.148465716641603)
(195.0, 11.0, 25.763377842661448)
(195.0, 12.0, 25.768625693967948)
(195.0, 13.0, 23.531014474448302)
(195.0, 14.0, 25.392016907807132)
(195.0, 15.0, 22.566854912555126)
(195.0, 16.0, 24.074470945771871)
(195.0, 17.0, 25.84131537075276)
(195.0, 18.0, 23.34090486183101)
(195.0, 19.0, 29.274892286186997)
(195.0, 20.0, 25.65010699153742)
(195.0, 21.0, 23.883489769435858)
(195.0, 22.0, 27.127300471045199)
(195.0, 23.0, 26.563335054018523)
(195.0, 24.0, 20.724284678890857)
(195.0, 25.0, 21.285322404878755)
(195.0, 26.0, 23.468245165233057)
(195.0, 27.0, 27.929418733309266)
(195.0, 28.0, 24.411311543270958)
(195.0, 29.0, 25.721872718216545)
(195.0, 30.0, 24.269626547093068)
(195.0, 31.0, 21.80409542988761)
(195.0, 32.0, 25.054156849134518)
(195.0, 33.0, 25.507033781037258)
(195.0, 34.0, 25.812125400705362)
(195.0, 35.0, 26.896074884081166)
(195.0, 36.0, 21.922772968014591)
(195.0, 37.0, 27.711805436153391)
(195.0, 38.0, 26.513346643752886)
(195.0, 39.0, 20.295099549243641)
(195.0, 40.0, 23.624970641795056)
(195.0, 41.0, 24.121164848544151)
(195.0, 42.0, 24.711305531683891)
(195.0, 43.0, 25.636253774317236)
(195.0, 44.0, 27.619311929483068)
(195.0, 45.0, 26.081122985225512)
(195.0, 46.0, 25.051553459273968)
(195.0, 47.0, 22.866447273396343)
(195.0, 48.0, 22.339712913969684)
(195.0, 49.0, 25.677415896597051)
(195.0, 50.0, 26.339640338507458)
(195.0, 51.0, 26.65393336659394)
(195.0, 52.0, 25.29687639968197)
(195.0, 53.0, 24.121863637532282)
(195.0, 54.0, 23.041508869677223)
(195.0, 55.0, 22.516044100476602)
(195.0, 56.0, 26.321370430493822)
(195.0, 57.0, 25.133309336904986)
(195.0, 58.0, 23.883551297483713)
(195.0, 59.0, 24.108659764558546)
(195.0, 60.0, 25.609375922134976)
(195.0, 61.0, 22.825214477249194)
(195.0, 62.0, 25.811516754730391)
(195.0, 63.0, 22.373052440573677)
(195.0, 64.0, 22.986827308999196)
(195.0, 65.0, 22.997056839080489)
(195.0, 66.0, 25.422294101545823)
(195.0, 67.0, 22.507633147496048)
(195.0, 68.0, 25.650537746706306)
(195.0, 69.0, 24.002374005530569)
(195.0, 70.0, 25.031910560759155)
(195.0, 71.0, 24.437369385464358)
(195.0, 72.0, 22.634590977532326)
(195.0, 73.0, 23.826452651496666)
(195.0, 74.0, 24.310885782182392)
(195.0, 75.0, 26.682234883920689)
(195.0, 76.0, 23.068552200961541)
(195.0, 77.0, 23.07078258779606)
(195.0, 78.0, 23.556815247280877)
(195.0, 79.0, 22.701311380235019)
(195.0, 80.0, 27.618117917824769)
(195.0, 81.0, 21.435459797259622)
(195.0, 82.0, 20.731932071554837)
(195.0, 83.0, 25.363953823694036)
(195.0, 84.0, 26.066089456590316)
(195.0, 85.0, 25.616799094881884)
(195.0, 86.0, 27.203025615986959)
(195.0, 87.0, 23.550147837568808)
(195.0, 88.0, 24.363947897656608)
(195.0, 89.0, 27.136481217839737)
(195.0, 90.0, 23.245997078414476)
(195.0, 91.0, 26.810353356368783)
(195.0, 92.0, 23.545594503624955)
(195.0, 93.0, 25.592596519471012)
(195.0, 94.0, 26.186206406419441)
(195.0, 95.0, 23.604655470370314)
(195.0, 96.0, 23.362754853935424)
(195.0, 97.0, 25.041309502195379)
(195.0, 98.0, 24.607266359250016)
(195.0, 99.0, 25.30066074857513)
(195.0, 100.0, 25.298814736596281)
(195.0, 101.0, 24.210815869148302)
(195.0, 102.0, 24.194170563561901)
(195.0, 103.0, 26.687186029980527)
(195.0, 104.0, 28.092181443256194)
(195.0, 105.0, 26.307460833369252)
(195.0, 106.0, 23.858108905373619)
(195.0, 107.0, 21.572019042367721)
(195.0, 108.0, 24.614960122459472)
(195.0, 109.0, 24.920535814863673)
(195.0, 110.0, 26.028352372012336)
(195.0, 111.0, 25.811668892454488)
(195.0, 112.0, 27.006564493410661)
(195.0, 113.0, 24.90411754202005)
(195.0, 114.0, 24.567257885437463)
(195.0, 115.0, 24.297253773252979)
(195.0, 116.0, 20.686310012538797)
(195.0, 117.0, 21.843754870010947)
(195.0, 118.0, 26.127131941931619)
(195.0, 119.0, 24.56635658540544)
(195.0, 120.0, 26.930309992598112)
(195.0, 121.0, 25.079525633329464)
(195.0, 122.0, 25.465384651856304)
(195.0, 123.0, 27.98602616902453)
(195.0, 124.0, 25.382705273560802)
(195.0, 125.0, 26.885585264272585)
(195.0, 126.0, 24.9508933581387)
(195.0, 127.0, 25.326035961733915)
(195.0, 128.0, 23.989023585845143)
(195.0, 129.0, 26.125710659478088)
(195.0, 130.0, 26.152649517163617)
(195.0, 131.0, 24.233548539849224)
(195.0, 132.0, 20.657800367045816)
(195.0, 133.0, 21.31003337677538)
(195.0, 134.0, 25.446398016527411)
(195.0, 135.0, 23.547651178665237)
(195.0, 136.0, 26.719259884054228)
(195.0, 137.0, 25.236539761968107)
(195.0, 138.0, 22.285375651663614)
(195.0, 139.0, 27.25861430034103)
(195.0, 140.0, 27.878588112115214)
(195.0, 141.0, 24.297523790837435)
(195.0, 142.0, 24.984138690464356)
(195.0, 143.0, 26.562281350223984)
(195.0, 144.0, 24.79575641674467)
(195.0, 145.0, 26.39530377269061)
(195.0, 146.0, 27.093806779102728)
(195.0, 147.0, 22.562351324501236)
(195.0, 148.0, 23.131568821438041)
(195.0, 149.0, 25.034097881464884)
(195.0, 150.0, 27.667449186323356)
(195.0, 151.0, 28.583222671118506)
(195.0, 152.0, 25.333034153928274)
(195.0, 153.0, 26.93069723045032)
(195.0, 154.0, 27.232898280077556)
(195.0, 155.0, 26.628060925426759)
(195.0, 156.0, 25.50742086461819)
(195.0, 157.0, 27.257983145823907)
(195.0, 158.0, 26.250963810309528)
(195.0, 159.0, 25.765493800491839)
(195.0, 160.0, 23.814591404707137)
(195.0, 161.0, 24.194841146566127)
(195.0, 162.0, 25.000913047394974)
(195.0, 163.0, 23.738311202714307)
(195.0, 164.0, 23.404859490879637)
(195.0, 165.0, 24.544924555557841)
(195.0, 166.0, 27.078802196335833)
(195.0, 167.0, 24.105835767469458)
(195.0, 168.0, 25.374366531122675)
(195.0, 169.0, 23.788592559229549)
(195.0, 170.0, 24.089420019210657)
(195.0, 171.0, 26.445210437850644)
(195.0, 172.0, 27.577186191214889)
(195.0, 173.0, 25.698913218384597)
(195.0, 174.0, 23.358974041347274)
(195.0, 175.0, 26.421182645119753)
(195.0, 176.0, 25.570964573854475)
(195.0, 177.0, 25.914622854822653)
(195.0, 178.0, 23.630410370572076)
(195.0, 179.0, 26.987254971036492)
(195.0, 180.0, 24.709912076597668)
(195.0, 181.0, 25.484636370694638)
(195.0, 182.0, 25.15437678422456)
(195.0, 183.0, 24.552468993226654)
(195.0, 184.0, 26.263767429282517)
(195.0, 185.0, 25.837850915992039)
(195.0, 186.0, 22.506270488818309)
(195.0, 187.0, 26.659239550585387)
(195.0, 188.0, 25.2417757654487)
(195.0, 189.0, 26.385303692229002)
(195.0, 190.0, 25.900920149979964)
(195.0, 191.0, 23.836002780472647)
(195.0, 192.0, 24.448136064766263)
(195.0, 193.0, 25.546230114410992)
(195.0, 194.0, 25.688126513476288)
(195.0, 195.0, 25.247588461155814)
(195.0, 196.0, 25.45889644040539)
(195.0, 197.0, 25.553410410800197)
(195.0, 198.0, 23.905801968945024)
(195.0, 199.0, 23.828192669347949)
(196.0, 0.0, 19.849318008291906)
(196.0, 1.0, 23.751006247906044)
(196.0, 2.0, 22.51689447420755)
(196.0, 3.0, 24.497903381072284)
(196.0, 4.0, 24.13869901627745)
(196.0, 5.0, 23.824453607607818)
(196.0, 6.0, 25.441860995263205)
(196.0, 7.0, 25.878012046165544)
(196.0, 8.0, 21.671130788596503)
(196.0, 9.0, 23.87681863750576)
(196.0, 10.0, 21.986986687539865)
(196.0, 11.0, 27.48374249166034)
(196.0, 12.0, 25.082742537530816)
(196.0, 13.0, 23.084733994085433)
(196.0, 14.0, 25.853978599642335)
(196.0, 15.0, 23.944961660377338)
(196.0, 16.0, 23.901064125938952)
(196.0, 17.0, 23.396224628644188)
(196.0, 18.0, 23.683903847024077)
(196.0, 19.0, 28.1325779184385)
(196.0, 20.0, 25.309642172820453)
(196.0, 21.0, 24.026829578875578)
(196.0, 22.0, 25.729940091682867)
(196.0, 23.0, 26.82748662716612)
(196.0, 24.0, 20.183855442228335)
(196.0, 25.0, 19.905463034049127)
(196.0, 26.0, 23.259385945194616)
(196.0, 27.0, 27.017778010162029)
(196.0, 28.0, 24.0944114297439)
(196.0, 29.0, 24.618460872007734)
(196.0, 30.0, 23.79583994186823)
(196.0, 31.0, 22.690505566171282)
(196.0, 32.0, 23.830331590936904)
(196.0, 33.0, 25.720399103248852)
(196.0, 34.0, 25.083013070952454)
(196.0, 35.0, 24.50391547944864)
(196.0, 36.0, 22.403752037037982)
(196.0, 37.0, 25.60727989329822)
(196.0, 38.0, 24.469981288896182)
(196.0, 39.0, 22.853205564530988)
(196.0, 40.0, 20.513714122316077)
(196.0, 41.0, 23.56537264176103)
(196.0, 42.0, 23.29517635047571)
(196.0, 43.0, 26.130905014457454)
(196.0, 44.0, 27.818652974067071)
(196.0, 45.0, 25.098401909188482)
(196.0, 46.0, 23.55900506480037)
(196.0, 47.0, 24.715475499894158)
(196.0, 48.0, 23.257927007710009)
(196.0, 49.0, 27.7373577655734)
(196.0, 50.0, 27.174323729600161)
(196.0, 51.0, 26.580538911126602)
(196.0, 52.0, 24.516350676957146)
(196.0, 53.0, 22.071918155733535)
(196.0, 54.0, 23.502648092192302)
(196.0, 55.0, 22.532193055670511)
(196.0, 56.0, 26.660658063637875)
(196.0, 57.0, 23.360614923732786)
(196.0, 58.0, 22.680522571996992)
(196.0, 59.0, 22.395059272536599)
(196.0, 60.0, 24.658185531254482)
(196.0, 61.0, 22.213225858128908)
(196.0, 62.0, 26.133830609745807)
(196.0, 63.0, 22.708736646914911)
(196.0, 64.0, 22.131959359898097)
(196.0, 65.0, 24.806070971716238)
(196.0, 66.0, 25.360389509334315)
(196.0, 67.0, 22.016195694314966)
(196.0, 68.0, 25.892822380777197)
(196.0, 69.0, 23.368627961834179)
(196.0, 70.0, 25.541601480529099)
(196.0, 71.0, 22.108681427773057)
(196.0, 72.0, 21.063071587041129)
(196.0, 73.0, 22.37204236646388)
(196.0, 74.0, 25.115960798246807)
(196.0, 75.0, 25.544614822113889)
(196.0, 76.0, 23.419066808024144)
(196.0, 77.0, 22.474137914561869)
(196.0, 78.0, 22.945630666471097)
(196.0, 79.0, 23.831037096789835)
(196.0, 80.0, 26.337333271519892)
(196.0, 81.0, 22.336760420702333)
(196.0, 82.0, 21.692255206402102)
(196.0, 83.0, 22.832658744016594)
(196.0, 84.0, 24.97478736766908)
(196.0, 85.0, 25.913087245801361)
(196.0, 86.0, 24.676331005582476)
(196.0, 87.0, 23.721709418977948)
(196.0, 88.0, 23.952800355067225)
(196.0, 89.0, 24.333221325717414)
(196.0, 90.0, 24.277406601293173)
(196.0, 91.0, 22.402541316565255)
(196.0, 92.0, 23.128113289883419)
(196.0, 93.0, 23.736333762136887)
(196.0, 94.0, 22.865105873927085)
(196.0, 95.0, 21.876368951805667)
(196.0, 96.0, 23.916312798146002)
(196.0, 97.0, 23.57401645885006)
(196.0, 98.0, 21.74247969842575)
(196.0, 99.0, 23.65120736341099)
(196.0, 100.0, 26.228632511415661)
(196.0, 101.0, 21.896680350558974)
(196.0, 102.0, 24.405430556072503)
(196.0, 103.0, 26.8208531494646)
(196.0, 104.0, 25.615581462303005)
(196.0, 105.0, 23.87095425144453)
(196.0, 106.0, 22.552661974167577)
(196.0, 107.0, 21.379484683288084)
(196.0, 108.0, 25.524369825588668)
(196.0, 109.0, 23.500026442309103)
(196.0, 110.0, 23.279389651987273)
(196.0, 111.0, 25.545814481650329)
(196.0, 112.0, 27.007751878810005)
(196.0, 113.0, 24.240221254304696)
(196.0, 114.0, 23.752841180900202)
(196.0, 115.0, 24.10582154124317)
(196.0, 116.0, 22.371054940002971)
(196.0, 117.0, 21.342556522881168)
(196.0, 118.0, 25.346744095636073)
(196.0, 119.0, 25.073785571579414)
(196.0, 120.0, 23.892985812683087)
(196.0, 121.0, 24.007167680323512)
(196.0, 122.0, 22.287586250113918)
(196.0, 123.0, 26.283480274008134)
(196.0, 124.0, 23.723356006568803)
(196.0, 125.0, 25.50505001239819)
(196.0, 126.0, 24.387320059785726)
(196.0, 127.0, 24.467194302536999)
(196.0, 128.0, 24.082561948130813)
(196.0, 129.0, 24.124671870962786)
(196.0, 130.0, 23.882497562530908)
(196.0, 131.0, 23.781368823815594)
(196.0, 132.0, 20.227207462955995)
(196.0, 133.0, 21.849855566020963)
(196.0, 134.0, 24.374277482675495)
(196.0, 135.0, 25.447499051376287)
(196.0, 136.0, 25.604558238389)
(196.0, 137.0, 24.176194127977574)
(196.0, 138.0, 22.66355432915303)
(196.0, 139.0, 26.641210255027069)
(196.0, 140.0, 26.64838108748204)
(196.0, 141.0, 23.197982263708717)
(196.0, 142.0, 24.608103902389445)
(196.0, 143.0, 26.370963790703073)
(196.0, 144.0, 23.461917575810642)
(196.0, 145.0, 24.166441973064593)
(196.0, 146.0, 26.539851405063256)
(196.0, 147.0, 23.0542143370497)
(196.0, 148.0, 22.476565498367322)
(196.0, 149.0, 24.856780754153828)
(196.0, 150.0, 28.731810487690034)
(196.0, 151.0, 26.252845588523329)
(196.0, 152.0, 24.556074555028225)
(196.0, 153.0, 26.169312352552737)
(196.0, 154.0, 26.496016082994615)
(196.0, 155.0, 24.89091902311775)
(196.0, 156.0, 25.009993224130863)
(196.0, 157.0, 27.601752361417415)
(196.0, 158.0, 25.283480415500605)
(196.0, 159.0, 24.404385440821862)
(196.0, 160.0, 24.344483361494454)
(196.0, 161.0, 23.264571415100711)
(196.0, 162.0, 26.302841469771199)
(196.0, 163.0, 22.153931212401069)
(196.0, 164.0, 23.313573221732081)
(196.0, 165.0, 24.097536528446248)
(196.0, 166.0, 26.840465180520866)
(196.0, 167.0, 23.457341431878334)
(196.0, 168.0, 24.543200202439508)
(196.0, 169.0, 24.767739897679341)
(196.0, 170.0, 21.436847062327963)
(196.0, 171.0, 25.606355426259473)
(196.0, 172.0, 27.293368005159323)
(196.0, 173.0, 23.902823781776803)
(196.0, 174.0, 22.989048410799409)
(196.0, 175.0, 22.587908237703409)
(196.0, 176.0, 24.078400262706452)
(196.0, 177.0, 25.451018485663155)
(196.0, 178.0, 23.647502462025777)
(196.0, 179.0, 26.120542894224815)
(196.0, 180.0, 24.767372325040405)
(196.0, 181.0, 24.575885687291493)
(196.0, 182.0, 23.721316452085055)
(196.0, 183.0, 23.973944884775925)
(196.0, 184.0, 23.160276959086556)
(196.0, 185.0, 22.861659046393754)
(196.0, 186.0, 23.553063831174732)
(196.0, 187.0, 26.208656078148866)
(196.0, 188.0, 23.228478145990046)
(196.0, 189.0, 27.908082828469237)
(196.0, 190.0, 24.913566559660687)
(196.0, 191.0, 22.600844460885391)
(196.0, 192.0, 24.536814554884998)
(196.0, 193.0, 24.041627604168838)
(196.0, 194.0, 26.483005327630231)
(196.0, 195.0, 24.116372600601395)
(196.0, 196.0, 24.719214863016287)
(196.0, 197.0, 25.580410133166566)
(196.0, 198.0, 24.285799336550053)
(196.0, 199.0, 24.799044215740501)
(197.0, 0.0, 21.523012906108104)
(197.0, 1.0, 25.538980746348969)
(197.0, 2.0, 23.848887104741273)
(197.0, 3.0, 26.539085888634208)
(197.0, 4.0, 23.195606443085623)
(197.0, 5.0, 25.481520020686649)
(197.0, 6.0, 26.315442027717353)
(197.0, 7.0, 26.751638670747941)
(197.0, 8.0, 21.666963421077838)
(197.0, 9.0, 23.799340642282576)
(197.0, 10.0, 24.821539173786846)
(197.0, 11.0, 27.77157736003981)
(197.0, 12.0, 25.39798301539345)
(197.0, 13.0, 23.941410659927925)
(197.0, 14.0, 25.371082909671365)
(197.0, 15.0, 25.208899881722484)
(197.0, 16.0, 25.208303358832527)
(197.0, 17.0, 26.384706103989025)
(197.0, 18.0, 25.679002936278359)
(197.0, 19.0, 28.144117576793846)
(197.0, 20.0, 25.768006175268031)
(197.0, 21.0, 25.288118620697695)
(197.0, 22.0, 27.102916746358336)
(197.0, 23.0, 28.025835608803828)
(197.0, 24.0, 20.6179260378766)
(197.0, 25.0, 20.52423778936825)
(197.0, 26.0, 23.920602872958835)
(197.0, 27.0, 28.759718725689318)
(197.0, 28.0, 26.278198119631416)
(197.0, 29.0, 26.004109335867724)
(197.0, 30.0, 24.445731349611812)
(197.0, 31.0, 22.705043251530231)
(197.0, 32.0, 25.154252766778622)
(197.0, 33.0, 27.108164093924685)
(197.0, 34.0, 26.577056320025811)
(197.0, 35.0, 25.679886017754026)
(197.0, 36.0, 23.656077976570533)
(197.0, 37.0, 28.645972835558641)
(197.0, 38.0, 26.591571238127727)
(197.0, 39.0, 23.414901740991741)
(197.0, 40.0, 22.131912655639681)
(197.0, 41.0, 24.059016749502184)
(197.0, 42.0, 24.285987304495507)
(197.0, 43.0, 28.072513881342559)
(197.0, 44.0, 29.194965318626544)
(197.0, 45.0, 25.965695579356613)
(197.0, 46.0, 25.837281349328684)
(197.0, 47.0, 22.84529415168808)
(197.0, 48.0, 23.260201418516086)
(197.0, 49.0, 28.326308671232905)
(197.0, 50.0, 28.499662213664436)
(197.0, 51.0, 26.837515470654598)
(197.0, 52.0, 26.134910471173921)
(197.0, 53.0, 24.046639874058741)
(197.0, 54.0, 24.951132334443393)
(197.0, 55.0, 24.467284203053332)
(197.0, 56.0, 26.511764518959328)
(197.0, 57.0, 24.277468968389847)
(197.0, 58.0, 23.704896011805268)
(197.0, 59.0, 24.995514339014271)
(197.0, 60.0, 24.826189168895702)
(197.0, 61.0, 23.824216711533513)
(197.0, 62.0, 27.638700755234495)
(197.0, 63.0, 24.384926316964552)
(197.0, 64.0, 22.848045209794275)
(197.0, 65.0, 25.136965486950363)
(197.0, 66.0, 27.015335652096802)
(197.0, 67.0, 25.591192278983044)
(197.0, 68.0, 27.389288421690708)
(197.0, 69.0, 25.86938777085097)
(197.0, 70.0, 27.049037981865389)
(197.0, 71.0, 25.309701048098933)
(197.0, 72.0, 21.520760850953074)
(197.0, 73.0, 22.835909962627166)
(197.0, 74.0, 25.372127487883461)
(197.0, 75.0, 26.296316882058022)
(197.0, 76.0, 26.372888665048105)
(197.0, 77.0, 25.131108188665117)
(197.0, 78.0, 25.9574714490956)
(197.0, 79.0, 23.670489476080483)
(197.0, 80.0, 25.292748081504605)
(197.0, 81.0, 21.38860782117364)
(197.0, 82.0, 22.137908283332685)
(197.0, 83.0, 23.372700185001378)
(197.0, 84.0, 26.619365070981331)
(197.0, 85.0, 26.422214720452853)
(197.0, 86.0, 25.453943609834884)
(197.0, 87.0, 24.978247378114261)
(197.0, 88.0, 24.322860974486588)
(197.0, 89.0, 24.78444497260331)
(197.0, 90.0, 24.984657826241353)
(197.0, 91.0, 24.624378204229146)
(197.0, 92.0, 24.933868820723891)
(197.0, 93.0, 27.48561077958)
(197.0, 94.0, 25.690593807863365)
(197.0, 95.0, 23.75823073568203)
(197.0, 96.0, 25.618243542681725)
(197.0, 97.0, 23.952625802247201)
(197.0, 98.0, 23.021606101951377)
(197.0, 99.0, 25.133388406966116)
(197.0, 100.0, 25.952815625795182)
(197.0, 101.0, 23.691258026376449)
(197.0, 102.0, 26.592981955521346)
(197.0, 103.0, 26.02618902749467)
(197.0, 104.0, 27.738104307375213)
(197.0, 105.0, 24.337883906909557)
(197.0, 106.0, 23.507162163416154)
(197.0, 107.0, 22.942297796953717)
(197.0, 108.0, 26.09664391468355)
(197.0, 109.0, 24.241142781230774)
(197.0, 110.0, 24.521558196487586)
(197.0, 111.0, 26.250339122464077)
(197.0, 112.0, 29.846854376449983)
(197.0, 113.0, 26.974410518133872)
(197.0, 114.0, 25.441315391774054)
(197.0, 115.0, 26.51335657530861)
(197.0, 116.0, 22.413104766525841)
(197.0, 117.0, 23.673540005191988)
(197.0, 118.0, 26.342242274884534)
(197.0, 119.0, 25.682009649419872)
(197.0, 120.0, 25.496260499818099)
(197.0, 121.0, 27.279219218793731)
(197.0, 122.0, 24.39057825126639)
(197.0, 123.0, 27.849153077175071)
(197.0, 124.0, 24.979433393304884)
(197.0, 125.0, 26.552793638955769)
(197.0, 126.0, 24.739596050682827)
(197.0, 127.0, 26.57825358620304)
(197.0, 128.0, 24.746955902909029)
(197.0, 129.0, 25.735645591405834)
(197.0, 130.0, 25.207131171671683)
(197.0, 131.0, 23.996021600015808)
(197.0, 132.0, 20.702918439536159)
(197.0, 133.0, 23.513665413437643)
(197.0, 134.0, 26.343244849679543)
(197.0, 135.0, 26.138758339116091)
(197.0, 136.0, 27.837445731895688)
(197.0, 137.0, 24.919287321162138)
(197.0, 138.0, 23.504823635931327)
(197.0, 139.0, 28.731165845411102)
(197.0, 140.0, 27.907985032160813)
(197.0, 141.0, 24.427341924589225)
(197.0, 142.0, 27.276152264541366)
(197.0, 143.0, 26.870254609295507)
(197.0, 144.0, 25.266201404340674)
(197.0, 145.0, 27.188061661219201)
(197.0, 146.0, 26.592969044313854)
(197.0, 147.0, 23.272698787675345)
(197.0, 148.0, 23.896150251066167)
(197.0, 149.0, 26.343403463109194)
(197.0, 150.0, 27.790917893218655)
(197.0, 151.0, 28.784651171526168)
(197.0, 152.0, 26.664914799684777)
(197.0, 153.0, 26.688941277160684)
(197.0, 154.0, 27.62736922042847)
(197.0, 155.0, 27.107557202708225)
(197.0, 156.0, 26.409813750238207)
(197.0, 157.0, 28.989995641731692)
(197.0, 158.0, 26.992626141476983)
(197.0, 159.0, 26.338695745250511)
(197.0, 160.0, 25.027402845963273)
(197.0, 161.0, 25.958788223325925)
(197.0, 162.0, 26.176122643199157)
(197.0, 163.0, 22.24239669654191)
(197.0, 164.0, 25.135231662887509)
(197.0, 165.0, 27.289273348209701)
(197.0, 166.0, 27.559605408360543)
(197.0, 167.0, 22.839195113117029)
(197.0, 168.0, 25.317865479563626)
(197.0, 169.0, 25.989067709245166)
(197.0, 170.0, 22.27894639646858)
(197.0, 171.0, 27.720893870907446)
(197.0, 172.0, 27.212657769185384)
(197.0, 173.0, 26.246228610969688)
(197.0, 174.0, 23.099769837875243)
(197.0, 175.0, 27.221225906878871)
(197.0, 176.0, 24.866616407794908)
(197.0, 177.0, 25.198157670294602)
(197.0, 178.0, 24.162359494211771)
(197.0, 179.0, 26.429223745726134)
(197.0, 180.0, 26.604331896795792)
(197.0, 181.0, 26.29250155187092)
(197.0, 182.0, 25.484055462477723)
(197.0, 183.0, 24.86999639535799)
(197.0, 184.0, 23.59237921477051)
(197.0, 185.0, 24.782110343794649)
(197.0, 186.0, 23.878756362845387)
(197.0, 187.0, 26.770602620956073)
(197.0, 188.0, 25.490361579990946)
(197.0, 189.0, 28.316560162394268)
(197.0, 190.0, 25.968221316492624)
(197.0, 191.0, 25.038852605943099)
(197.0, 192.0, 25.41969339392038)
(197.0, 193.0, 25.203856955717065)
(197.0, 194.0, 26.835256339002392)
(197.0, 195.0, 25.869401560080778)
(197.0, 196.0, 26.895335854089662)
(197.0, 197.0, 26.248942021556879)
(197.0, 198.0, 23.831446558562426)
(197.0, 199.0, 24.084478570072395)
(198.0, 0.0, 22.747065622311613)
(198.0, 1.0, 24.373920960700271)
(198.0, 2.0, 24.500484037678902)
(198.0, 3.0, 25.741294165752141)
(198.0, 4.0, 22.725406619597386)
(198.0, 5.0, 26.391899752099604)
(198.0, 6.0, 28.133029024525907)
(198.0, 7.0, 25.317385899280932)
(198.0, 8.0, 21.223429740232)
(198.0, 9.0, 26.618598308903941)
(198.0, 10.0, 25.260190803699189)
(198.0, 11.0, 26.38219362020493)
(198.0, 12.0, 26.768869241380848)
(198.0, 13.0, 24.542606037289637)
(198.0, 14.0, 26.825060319041413)
(198.0, 15.0, 23.372678060630975)
(198.0, 16.0, 23.938378602722572)
(198.0, 17.0, 25.818322862777734)
(198.0, 18.0, 24.861657865446116)
(198.0, 19.0, 28.437287406297241)
(198.0, 20.0, 26.71305637072231)
(198.0, 21.0, 24.839830614555211)
(198.0, 22.0, 26.210605534749781)
(198.0, 23.0, 25.621651533894987)
(198.0, 24.0, 21.714694623555108)
(198.0, 25.0, 20.836546798248552)
(198.0, 26.0, 23.891642093964744)
(198.0, 27.0, 29.294482744046199)
(198.0, 28.0, 26.529144779745309)
(198.0, 29.0, 25.344190487696483)
(198.0, 30.0, 24.87550911392492)
(198.0, 31.0, 23.716514836528692)
(198.0, 32.0, 26.445803179774792)
(198.0, 33.0, 25.580797131764911)
(198.0, 34.0, 25.883947944948687)
(198.0, 35.0, 27.580057573726091)
(198.0, 36.0, 23.232007675935201)
(198.0, 37.0, 27.113177289723463)
(198.0, 38.0, 25.349354867835501)
(198.0, 39.0, 22.629260294714811)
(198.0, 40.0, 24.133836277515073)
(198.0, 41.0, 25.95459095829278)
(198.0, 42.0, 24.408892250813103)
(198.0, 43.0, 26.250032267282673)
(198.0, 44.0, 28.777424727240934)
(198.0, 45.0, 27.414607320503478)
(198.0, 46.0, 25.114585200369117)
(198.0, 47.0, 23.653776335324949)
(198.0, 48.0, 22.203792644223331)
(198.0, 49.0, 28.75323747462458)
(198.0, 50.0, 27.976880410845865)
(198.0, 51.0, 26.816892073685608)
(198.0, 52.0, 26.590801514234304)
(198.0, 53.0, 25.51483604175862)
(198.0, 54.0, 24.57771051436103)
(198.0, 55.0, 21.755799351709683)
(198.0, 56.0, 26.158065664235782)
(198.0, 57.0, 24.722971020992237)
(198.0, 58.0, 23.967514206844228)
(198.0, 59.0, 25.191566898991333)
(198.0, 60.0, 26.130978697551939)
(198.0, 61.0, 23.194777207063325)
(198.0, 62.0, 27.015370683418258)
(198.0, 63.0, 24.436808505554957)
(198.0, 64.0, 23.714220436689249)
(198.0, 65.0, 23.76787012592073)
(198.0, 66.0, 25.384463744839433)
(198.0, 67.0, 24.333689802173172)
(198.0, 68.0, 27.056068542776334)
(198.0, 69.0, 24.686060700911632)
(198.0, 70.0, 25.024879043034115)
(198.0, 71.0, 23.574155071850281)
(198.0, 72.0, 24.273289125042549)
(198.0, 73.0, 22.438846508222628)
(198.0, 74.0, 25.449107979673578)
(198.0, 75.0, 26.150796999289042)
(198.0, 76.0, 25.978598391250067)
(198.0, 77.0, 22.695315651761145)
(198.0, 78.0, 23.799193182809169)
(198.0, 79.0, 25.43697058849056)
(198.0, 80.0, 27.592617504591274)
(198.0, 81.0, 24.583027345080978)
(198.0, 82.0, 21.255728946538717)
(198.0, 83.0, 22.355163829378448)
(198.0, 84.0, 27.392165018014484)
(198.0, 85.0, 26.612354084901813)
(198.0, 86.0, 26.948957320441469)
(198.0, 87.0, 24.120081390112929)
(198.0, 88.0, 24.675499007678219)
(198.0, 89.0, 25.693508666200341)
(198.0, 90.0, 24.681445285110723)
(198.0, 91.0, 24.515943267422458)
(198.0, 92.0, 24.854303746429455)
(198.0, 93.0, 24.426081724535202)
(198.0, 94.0, 23.826390607690161)
(198.0, 95.0, 24.273156031916329)
(198.0, 96.0, 24.23154027975335)
(198.0, 97.0, 25.271769624464632)
(198.0, 98.0, 24.049345607641317)
(198.0, 99.0, 25.498985912617886)
(198.0, 100.0, 27.805358485403293)
(198.0, 101.0, 23.349283501309884)
(198.0, 102.0, 25.397039765207989)
(198.0, 103.0, 25.8227948995807)
(198.0, 104.0, 27.566718500698091)
(198.0, 105.0, 26.711576583086764)
(198.0, 106.0, 24.408676449243199)
(198.0, 107.0, 22.653954861267326)
(198.0, 108.0, 25.410623462847845)
(198.0, 109.0, 24.548513647445127)
(198.0, 110.0, 23.852889303812773)
(198.0, 111.0, 26.002377094751868)
(198.0, 112.0, 27.839314439894626)
(198.0, 113.0, 26.369283364062575)
(198.0, 114.0, 25.1740375904198)
(198.0, 115.0, 26.713033685290359)
(198.0, 116.0, 22.778367898940925)
(198.0, 117.0, 22.34761715787327)
(198.0, 118.0, 26.984848588367196)
(198.0, 119.0, 25.040868266730662)
(198.0, 120.0, 26.361957947472504)
(198.0, 121.0, 25.079781408560173)
(198.0, 122.0, 24.058149739401586)
(198.0, 123.0, 28.468329560914807)
(198.0, 124.0, 27.161743493179891)
(198.0, 125.0, 27.659833610243997)
(198.0, 126.0, 25.076527000285409)
(198.0, 127.0, 27.337194110841466)
(198.0, 128.0, 24.394536030708299)
(198.0, 129.0, 26.084281059548854)
(198.0, 130.0, 25.476917119441122)
(198.0, 131.0, 25.53594305089868)
(198.0, 132.0, 21.944594175915825)
(198.0, 133.0, 23.431489168885097)
(198.0, 134.0, 25.824754946916396)
(198.0, 135.0, 24.45390167104275)
(198.0, 136.0, 25.812514784805266)
(198.0, 137.0, 25.049956242842516)
(198.0, 138.0, 22.836407276778331)
(198.0, 139.0, 28.012016927159301)
(198.0, 140.0, 28.121243580224736)
(198.0, 141.0, 26.545213068273767)
(198.0, 142.0, 25.656338271251034)
(198.0, 143.0, 26.439111711794023)
(198.0, 144.0, 24.666115533538111)
(198.0, 145.0, 25.259857361078154)
(198.0, 146.0, 29.034757401066091)
(198.0, 147.0, 23.438956270327044)
(198.0, 148.0, 24.476913179060446)
(198.0, 149.0, 27.374655648248869)
(198.0, 150.0, 29.817176337902797)
(198.0, 151.0, 29.430614784780008)
(198.0, 152.0, 25.638689487428)
(198.0, 153.0, 26.965069210490501)
(198.0, 154.0, 26.403284378686244)
(198.0, 155.0, 27.504079776670181)
(198.0, 156.0, 26.870670170343878)
(198.0, 157.0, 28.148912625961987)
(198.0, 158.0, 28.31352871344594)
(198.0, 159.0, 26.546374591493553)
(198.0, 160.0, 24.473052777325613)
(198.0, 161.0, 25.147833712492172)
(198.0, 162.0, 25.726252138570715)
(198.0, 163.0, 23.245822466289539)
(198.0, 164.0, 25.540402999452994)
(198.0, 165.0, 24.947792973625944)
(198.0, 166.0, 26.8724988140509)
(198.0, 167.0, 25.855804882038015)
(198.0, 168.0, 26.866743123735432)
(198.0, 169.0, 25.328616659194065)
(198.0, 170.0, 25.266553678373942)
(198.0, 171.0, 27.679555365000908)
(198.0, 172.0, 27.812830924906411)
(198.0, 173.0, 25.15373013194451)
(198.0, 174.0, 24.157498602727387)
(198.0, 175.0, 26.30794054079206)
(198.0, 176.0, 24.850300556366474)
(198.0, 177.0, 27.023210826066201)
(198.0, 178.0, 23.452702845051022)
(198.0, 179.0, 28.360087431681649)
(198.0, 180.0, 25.516752168696566)
(198.0, 181.0, 27.281062783905597)
(198.0, 182.0, 25.096813238919431)
(198.0, 183.0, 24.78675293005859)
(198.0, 184.0, 24.436032246720167)
(198.0, 185.0, 25.530948964751374)
(198.0, 186.0, 25.045556682712526)
(198.0, 187.0, 26.926902580333099)
(198.0, 188.0, 25.722417232392591)
(198.0, 189.0, 27.67823823228456)
(198.0, 190.0, 27.825463886349503)
(198.0, 191.0, 23.860563184497508)
(198.0, 192.0, 26.049307486575973)
(198.0, 193.0, 27.454059102034261)
(198.0, 194.0, 27.250589355714837)
(198.0, 195.0, 24.924464119574232)
(198.0, 196.0, 25.520946593379751)
(198.0, 197.0, 26.656380469002958)
(198.0, 198.0, 24.130220267213403)
(198.0, 199.0, 25.920335171706562)
(199.0, 0.0, 20.384285714407962)
(199.0, 1.0, 23.262542375493254)
(199.0, 2.0, 21.385217029816037)
(199.0, 3.0, 23.774014056238517)
(199.0, 4.0, 21.127866353340277)
(199.0, 5.0, 22.87996880432603)
(199.0, 6.0, 26.273695334595399)
(199.0, 7.0, 23.821561104222596)
(199.0, 8.0, 21.580760270922703)
(199.0, 9.0, 24.135900126272325)
(199.0, 10.0, 22.351181686435162)
(199.0, 11.0, 24.042740163275763)
(199.0, 12.0, 24.104597175030221)
(199.0, 13.0, 23.97495082773445)
(199.0, 14.0, 23.043023614104776)
(199.0, 15.0, 22.831276335136764)
(199.0, 16.0, 20.858044283754474)
(199.0, 17.0, 23.808907893310352)
(199.0, 18.0, 22.59829417347563)
(199.0, 19.0, 27.680166342789544)
(199.0, 20.0, 23.282058838333544)
(199.0, 21.0, 22.785708029919412)
(199.0, 22.0, 24.175968226940402)
(199.0, 23.0, 24.346041525794213)
(199.0, 24.0, 19.03361014610908)
(199.0, 25.0, 21.260656691701755)
(199.0, 26.0, 21.635454164112858)
(199.0, 27.0, 26.421085748521417)
(199.0, 28.0, 23.57386020853103)
(199.0, 29.0, 22.632628485500973)
(199.0, 30.0, 23.77592945726439)
(199.0, 31.0, 22.094595814440165)
(199.0, 32.0, 25.541879478801519)
(199.0, 33.0, 25.31738230804865)
(199.0, 34.0, 25.19349314515382)
(199.0, 35.0, 23.894284515331133)
(199.0, 36.0, 21.911715888618428)
(199.0, 37.0, 24.781346911869871)
(199.0, 38.0, 24.113085421318395)
(199.0, 39.0, 21.032133241717723)
(199.0, 40.0, 20.168505621857349)
(199.0, 41.0, 23.756837291838654)
(199.0, 42.0, 23.055523750272151)
(199.0, 43.0, 24.551500128109335)
(199.0, 44.0, 26.468455002719001)
(199.0, 45.0, 24.615574315201801)
(199.0, 46.0, 22.286012764086934)
(199.0, 47.0, 23.005549911209517)
(199.0, 48.0, 21.350044300014829)
(199.0, 49.0, 25.667232515060867)
(199.0, 50.0, 26.156788648700292)
(199.0, 51.0, 25.426701770650439)
(199.0, 52.0, 24.086365015385226)
(199.0, 53.0, 24.727455005786947)
(199.0, 54.0, 22.249747372457428)
(199.0, 55.0, 22.226625077137157)
(199.0, 56.0, 26.077318443148638)
(199.0, 57.0, 23.30420151803775)
(199.0, 58.0, 20.894057539278517)
(199.0, 59.0, 23.190866382826172)
(199.0, 60.0, 26.493157301286796)
(199.0, 61.0, 22.349872039016557)
(199.0, 62.0, 25.315609133853481)
(199.0, 63.0, 21.543611663939704)
(199.0, 64.0, 21.992677529763441)
(199.0, 65.0, 24.124037419136613)
(199.0, 66.0, 24.695189309716255)
(199.0, 67.0, 23.591956636311991)
(199.0, 68.0, 24.33488502734377)
(199.0, 69.0, 23.473323126880398)
(199.0, 70.0, 24.82734754466987)
(199.0, 71.0, 22.127078788974384)
(199.0, 72.0, 20.784855068245925)
(199.0, 73.0, 23.433186580788693)
(199.0, 74.0, 24.031641299640814)
(199.0, 75.0, 24.392492795780523)
(199.0, 76.0, 24.044722668851332)
(199.0, 77.0, 21.830666394236687)
(199.0, 78.0, 22.64134620057159)
(199.0, 79.0, 23.650830151693427)
(199.0, 80.0, 26.356124502453305)
(199.0, 81.0, 20.459287996824671)
(199.0, 82.0, 21.682121584403671)
(199.0, 83.0, 23.649344337980406)
(199.0, 84.0, 26.566145851910054)
(199.0, 85.0, 24.219714955545843)
(199.0, 86.0, 24.976489748186022)
(199.0, 87.0, 21.773788253169773)
(199.0, 88.0, 21.78002264089174)
(199.0, 89.0, 25.37349959081418)
(199.0, 90.0, 23.247027258554283)
(199.0, 91.0, 23.135749722698947)
(199.0, 92.0, 22.093377479187197)
(199.0, 93.0, 25.599440646277653)
(199.0, 94.0, 25.479398495637327)
(199.0, 95.0, 22.826229734441043)
(199.0, 96.0, 20.174733858983302)
(199.0, 97.0, 22.816732188421412)
(199.0, 98.0, 22.882105672220675)
(199.0, 99.0, 23.069097296710218)
(199.0, 100.0, 23.957533425017338)
(199.0, 101.0, 22.173019693248001)
(199.0, 102.0, 22.706168810065339)
(199.0, 103.0, 24.005218470589679)
(199.0, 104.0, 26.614499236934542)
(199.0, 105.0, 23.489769821131375)
(199.0, 106.0, 22.886012361087172)
(199.0, 107.0, 22.206747886351504)
(199.0, 108.0, 24.222054678573443)
(199.0, 109.0, 22.215853184965482)
(199.0, 110.0, 22.561356946479137)
(199.0, 111.0, 24.054668510604213)
(199.0, 112.0, 24.660129080805348)
(199.0, 113.0, 25.037326186333154)
(199.0, 114.0, 23.075167817367671)
(199.0, 115.0, 23.494491630270719)
(199.0, 116.0, 20.5702319250397)
(199.0, 117.0, 20.311854946612065)
(199.0, 118.0, 24.469065863118743)
(199.0, 119.0, 23.574982419456742)
(199.0, 120.0, 24.288552569790426)
(199.0, 121.0, 24.468320109992256)
(199.0, 122.0, 20.882648583198637)
(199.0, 123.0, 25.644352203543765)
(199.0, 124.0, 23.158859120333457)
(199.0, 125.0, 24.038250213648364)
(199.0, 126.0, 21.895908240983061)
(199.0, 127.0, 24.299747156747159)
(199.0, 128.0, 21.476055781369844)
(199.0, 129.0, 24.034739080741083)
(199.0, 130.0, 26.365217915897119)
(199.0, 131.0, 22.864802582072084)
(199.0, 132.0, 21.100279718421909)
(199.0, 133.0, 21.054660718201507)
(199.0, 134.0, 25.160918345603825)
(199.0, 135.0, 23.404804678115347)
(199.0, 136.0, 23.4816722057097)
(199.0, 137.0, 24.409032058622817)
(199.0, 138.0, 22.202218244953777)
(199.0, 139.0, 25.92148128612051)
(199.0, 140.0, 25.20559184524296)
(199.0, 141.0, 24.513109934769243)
(199.0, 142.0, 22.210349291840686)
(199.0, 143.0, 24.631619341254055)
(199.0, 144.0, 22.995433397971745)
(199.0, 145.0, 24.785191957579034)
(199.0, 146.0, 27.009380768190965)
(199.0, 147.0, 22.101862426722128)
(199.0, 148.0, 21.718403080413594)
(199.0, 149.0, 24.123519881474149)
(199.0, 150.0, 25.053428952459065)
(199.0, 151.0, 26.793474962199387)
(199.0, 152.0, 24.737408326193265)
(199.0, 153.0, 26.251150404133249)
(199.0, 154.0, 24.755305020443597)
(199.0, 155.0, 23.614982635090918)
(199.0, 156.0, 25.698085911237186)
(199.0, 157.0, 26.229201529023776)
(199.0, 158.0, 24.874499608237514)
(199.0, 159.0, 23.328543590452917)
(199.0, 160.0, 22.822831053943457)
(199.0, 161.0, 24.39889174981289)
(199.0, 162.0, 24.617913892675546)
(199.0, 163.0, 21.173436905637413)
(199.0, 164.0, 23.841141245585842)
(199.0, 165.0, 25.43140177307933)
(199.0, 166.0, 26.674725232222322)
(199.0, 167.0, 21.620286967546637)
(199.0, 168.0, 22.902175563017295)
(199.0, 169.0, 22.583940391646795)
(199.0, 170.0, 22.772254870632494)
(199.0, 171.0, 23.470988735474872)
(199.0, 172.0, 25.32891823845527)
(199.0, 173.0, 24.544510113373033)
(199.0, 174.0, 21.507992900142305)
(199.0, 175.0, 23.914368032848511)
(199.0, 176.0, 24.435792746796693)
(199.0, 177.0, 25.46414438418477)
(199.0, 178.0, 22.216434783651327)
(199.0, 179.0, 24.71934116972243)
(199.0, 180.0, 23.112419026100355)
(199.0, 181.0, 24.134207202563495)
(199.0, 182.0, 24.43269023608697)
(199.0, 183.0, 23.005406188308442)
(199.0, 184.0, 22.773907339608865)
(199.0, 185.0, 22.719539933956245)
(199.0, 186.0, 22.295426888457399)
(199.0, 187.0, 25.109090836471903)
(199.0, 188.0, 24.77917514767735)
(199.0, 189.0, 24.208525975933082)
(199.0, 190.0, 26.644221495422578)
(199.0, 191.0, 22.859641804965232)
(199.0, 192.0, 25.149207573937819)
(199.0, 193.0, 24.847011541293881)
(199.0, 194.0, 27.220078468597343)
(199.0, 195.0, 26.036498094212348)
(199.0, 196.0, 23.544007787838986)
(199.0, 197.0, 24.305669669739714)
(199.0, 198.0, 22.325264639371579)
(199.0, 199.0, 23.483167847767284)
