(148.0, 77.0, 21.842606389166363)
(148.0, 78.0, 25.499244762818709)
(148.0, 79.0, 25.585863960974429)
(148.0, 80.0, 27.461131758731153)
(148.0, 81.0, 21.369839274784205)
(148.0, 82.0, 21.104589741292383)
(148.0, 83.0, 24.40022820738568)
(148.0, 84.0, 27.270437821793848)
(148.0, 85.0, 27.836883078502439)
(148.0, 86.0, 25.684282775416776)
(148.0, 87.0, 24.700690962099632)
(148.0, 88.0, 25.075136192579432)
(148.0, 89.0, 25.601596074935667)
(148.0, 90.0, 25.275983554766672)
(148.0, 91.0, 24.76772396093547)
(148.0, 92.0, 25.834046550121549)
(148.0, 93.0, 24.503504763724337)
(148.0, 94.0, 25.81243723093754)
(148.0, 95.0, 24.471897952416644)
(148.0, 96.0, 22.943011932415725)
(148.0, 97.0, 26.016479583347305)
(148.0, 98.0, 24.323709897415188)
(148.0, 99.0, 25.715333711807002)
(148.0, 100.0, 26.826826295250868)
(148.0, 101.0, 23.470991729865059)
(148.0, 102.0, 26.046324655519804)
(148.0, 103.0, 25.509105003817186)
(148.0, 104.0, 27.268734547522552)
(148.0, 105.0, 26.419713773004773)
(148.0, 106.0, 23.927468432704377)
(148.0, 107.0, 22.890641699734815)
(148.0, 108.0, 26.372973879143196)
(148.0, 109.0, 25.169879317495898)
(148.0, 110.0, 24.382790272818557)
(148.0, 111.0, 26.458934883762375)
(148.0, 112.0, 27.807325201014486)
(148.0, 113.0, 23.785282958557914)
(148.0, 114.0, 27.45714951962055)
(148.0, 115.0, 24.844128805540986)
(148.0, 116.0, 24.161436568907853)
(148.0, 117.0, 21.604422454053754)
(148.0, 118.0, 26.796599030628968)
(148.0, 119.0, 26.407590911597911)
(148.0, 120.0, 27.233770783384163)
(148.0, 121.0, 26.637720344482723)
(148.0, 122.0, 23.564571579428574)
(148.0, 123.0, 27.113369793602736)
(148.0, 124.0, 25.565575175139326)
(148.0, 125.0, 27.796833446392704)
(148.0, 126.0, 24.408563842974626)
(148.0, 127.0, 26.222697316024764)
(148.0, 128.0, 24.039017394086315)
(148.0, 129.0, 27.60587402734977)
(148.0, 130.0, 25.33294518047175)
(148.0, 131.0, 27.357125836543588)
(148.0, 132.0, 21.368600930202501)
(148.0, 133.0, 23.278195449332422)
(148.0, 134.0, 25.668627307176635)
(148.0, 135.0, 24.470290938650319)
(148.0, 136.0, 25.556723718730275)
(148.0, 137.0, 24.685759984561567)
(148.0, 138.0, 22.348489699070225)
(148.0, 139.0, 27.70840741495649)
(148.0, 140.0, 28.832097145245477)
(148.0, 141.0, 24.334511939393284)
(148.0, 142.0, 25.558530596248968)
(148.0, 143.0, 25.674258034603611)
(148.0, 144.0, 24.615063667801238)
(148.0, 145.0, 24.603704139077841)
(148.0, 146.0, 27.371408618177362)
(148.0, 147.0, 22.966359223984817)
(148.0, 148.0, 23.771349776210755)
(148.0, 149.0, 26.384569875651227)
(148.0, 150.0, 27.930905170453268)
(148.0, 151.0, 28.573358306707092)
(148.0, 152.0, 24.611854724504422)
(148.0, 153.0, 26.521357131285388)
(148.0, 154.0, 25.700488731809862)
(148.0, 155.0, 26.914520008261203)
(148.0, 156.0, 26.725275317197251)
(148.0, 157.0, 29.563362572942538)
(148.0, 158.0, 26.592876051315098)
(148.0, 159.0, 25.59058960014444)
(148.0, 160.0, 23.863094150763029)
(148.0, 161.0, 25.077696438117094)
(148.0, 162.0, 25.756217169510784)
(148.0, 163.0, 24.291715295773198)
(148.0, 164.0, 25.878098854353709)
(148.0, 165.0, 25.2878643753204)
(148.0, 166.0, 25.927640246438848)
(148.0, 167.0, 23.822110325391147)
(148.0, 168.0, 25.593389703948517)
(148.0, 169.0, 24.75419598470075)
(148.0, 170.0, 24.022326957531138)
(148.0, 171.0, 26.726345036055648)
(148.0, 172.0, 27.709772991642325)
(148.0, 173.0, 25.880166803367711)
(148.0, 174.0, 23.298299568147396)
(148.0, 175.0, 26.814759659693834)
(148.0, 176.0, 24.46710425875931)
(148.0, 177.0, 29.053139049072453)
(148.0, 178.0, 23.708911329948762)
(148.0, 179.0, 26.700844421249421)
(148.0, 180.0, 26.92057063162191)
(148.0, 181.0, 25.443446921679978)
(148.0, 182.0, 25.816794124284257)
(148.0, 183.0, 23.099081078132087)
(148.0, 184.0, 23.403156817075963)
(148.0, 185.0, 24.422869311216388)
(148.0, 186.0, 25.224836839597586)
(148.0, 187.0, 27.501919472440665)
(148.0, 188.0, 24.906941898094399)
(148.0, 189.0, 27.139600326453362)
(148.0, 190.0, 25.693455842533602)
(148.0, 191.0, 24.561910718541199)
(148.0, 192.0, 25.31865893252402)
(148.0, 193.0, 25.806618580259041)
(148.0, 194.0, 26.345991755634145)
(148.0, 195.0, 25.048973662744384)
(148.0, 196.0, 26.834089595391262)
(148.0, 197.0, 26.659445841918075)
(148.0, 198.0, 23.004589228410239)
(148.0, 199.0, 25.405459864097661)
(149.0, 0.0, 19.458841278171548)
(149.0, 1.0, 24.025350796249327)
(149.0, 2.0, 22.267378435222589)
(149.0, 3.0, 25.577983157760201)
(149.0, 4.0, 21.6511681325659)
(149.0, 5.0, 25.231566426346536)
(149.0, 6.0, 26.148998486666887)
(149.0, 7.0, 24.962560694317805)
(149.0, 8.0, 20.610379763778425)
(149.0, 9.0, 24.494922537008712)
(149.0, 10.0, 22.11147420096966)
(149.0, 11.0, 24.613480081154037)
(149.0, 12.0, 24.462146481616855)
(149.0, 13.0, 24.627466822329545)
(149.0, 14.0, 24.709190665886268)
(149.0, 15.0, 22.768339453993164)
(149.0, 16.0, 23.386339771813073)
(149.0, 17.0, 25.928769444506056)
(149.0, 18.0, 22.849641146584354)
(149.0, 19.0, 27.741748806449682)
(149.0, 20.0, 24.185559868988268)
(149.0, 21.0, 22.78186361200029)
(149.0, 22.0, 24.309443793612765)
(149.0, 23.0, 26.301441171856439)
(149.0, 24.0, 20.158036932277472)
(149.0, 25.0, 19.50269520613633)
(149.0, 26.0, 22.514445693215457)
(149.0, 27.0, 26.983670412649722)
(149.0, 28.0, 23.977668545127848)
(149.0, 29.0, 23.893831742886128)
(149.0, 30.0, 24.306945067616986)
(149.0, 31.0, 20.154761895799393)
(149.0, 32.0, 24.558909581419503)
(149.0, 33.0, 24.459806441597863)
(149.0, 34.0, 25.191332195192658)
(149.0, 35.0, 25.185830777766242)
(149.0, 36.0, 20.821724161886408)
(149.0, 37.0, 24.943630335661805)
(149.0, 38.0, 26.369392728726773)
(149.0, 39.0, 21.384606264952861)
(149.0, 40.0, 22.265717180050725)
(149.0, 41.0, 23.84641346192047)
(149.0, 42.0, 23.713021111096481)
(149.0, 43.0, 26.114173608033056)
(149.0, 44.0, 26.825906749998939)
(149.0, 45.0, 25.133007561367862)
(149.0, 46.0, 24.890451611109832)
(149.0, 47.0, 23.275738510286477)
(149.0, 48.0, 22.231260744900741)
(149.0, 49.0, 24.880107972865574)
(149.0, 50.0, 25.023040663078469)
(149.0, 51.0, 25.978573454210327)
(149.0, 52.0, 23.664108990082944)
(149.0, 53.0, 23.355059963316119)
(149.0, 54.0, 22.950682475905207)
(149.0, 55.0, 22.719577098367296)
(149.0, 56.0, 25.330521742780526)
(149.0, 57.0, 23.768487227006268)
(149.0, 58.0, 22.773693247442836)
(149.0, 59.0, 24.365377499751659)
(149.0, 60.0, 25.045718313958453)
(149.0, 61.0, 21.994526866589194)
(149.0, 62.0, 24.974449607322111)
(149.0, 63.0, 21.520602006221537)
(149.0, 64.0, 20.503098400952716)
(149.0, 65.0, 23.21463786239762)
(149.0, 66.0, 23.933181422052918)
(149.0, 67.0, 24.699703434396604)
(149.0, 68.0, 25.796730620965942)
(149.0, 69.0, 25.20851643494909)
(149.0, 70.0, 24.810179635530204)
(149.0, 71.0, 23.981825569386721)
(149.0, 72.0, 21.896421057431933)
(149.0, 73.0, 22.920518629128445)
(149.0, 74.0, 22.377843654979117)
(149.0, 75.0, 25.899485849279312)
(149.0, 76.0, 24.089342762027663)
(149.0, 77.0, 23.442555937780931)
(149.0, 78.0, 24.052014617232224)
(149.0, 79.0, 22.089996484388347)
(149.0, 80.0, 26.887317024600602)
(149.0, 81.0, 21.237296386762505)
(149.0, 82.0, 20.586325971902927)
(149.0, 83.0, 22.95215540314355)
(149.0, 84.0, 26.17934637864489)
(149.0, 85.0, 25.119059461030936)
(149.0, 86.0, 23.629873918647295)
(149.0, 87.0, 23.90732077974593)
(149.0, 88.0, 24.237435545219153)
(149.0, 89.0, 25.909416510393029)
(149.0, 90.0, 23.45743105920641)
(149.0, 91.0, 24.923860367649702)
(149.0, 92.0, 22.612609216283129)
(149.0, 93.0, 24.455415661643805)
(149.0, 94.0, 24.511195775767767)
(149.0, 95.0, 22.775121891499261)
(149.0, 96.0, 21.728462418602451)
(149.0, 97.0, 23.457002942749074)
(149.0, 98.0, 23.283942114420679)
(149.0, 99.0, 22.612816805587638)
(149.0, 100.0, 24.547477347803909)
(149.0, 101.0, 23.836342992321846)
(149.0, 102.0, 23.484477458615014)
(149.0, 103.0, 24.908277951755259)
(149.0, 104.0, 26.957385637113248)
(149.0, 105.0, 24.162409317181613)
(149.0, 106.0, 23.006245438801614)
(149.0, 107.0, 21.953727390820351)
(149.0, 108.0, 25.6226554829694)
(149.0, 109.0, 22.612978805803976)
(149.0, 110.0, 24.495045995747844)
(149.0, 111.0, 25.247532998304386)
(149.0, 112.0, 25.513190310031099)
(149.0, 113.0, 24.206980733867731)
(149.0, 114.0, 25.714304584745523)
(149.0, 115.0, 25.064699274515853)
(149.0, 116.0, 21.171924033700808)
(149.0, 117.0, 21.82739507204753)
(149.0, 118.0, 25.256616139826548)
(149.0, 119.0, 24.305060710574729)
(149.0, 120.0, 26.467704755851027)
(149.0, 121.0, 26.182472138790423)
(149.0, 122.0, 21.649787826291618)
(149.0, 123.0, 26.393964951619928)
(149.0, 124.0, 25.552926631286581)
(149.0, 125.0, 26.088832434484246)
(149.0, 126.0, 24.319235072321781)
(149.0, 127.0, 25.51710298598443)
(149.0, 128.0, 23.579448948365126)
(149.0, 129.0, 25.418472945004559)
(149.0, 130.0, 24.160884547466097)
(149.0, 131.0, 24.488089009637068)
(149.0, 132.0, 20.259316636728322)
(149.0, 133.0, 22.407660059432668)
(149.0, 134.0, 24.742803212773147)
(149.0, 135.0, 24.88491233162863)
(149.0, 136.0, 25.082428738241184)
(149.0, 137.0, 24.374368212482064)
(149.0, 138.0, 21.866538975465453)
(149.0, 139.0, 26.206440793719185)
(149.0, 140.0, 26.72910934872235)
(149.0, 141.0, 24.85860054335178)
(149.0, 142.0, 24.902824467627532)
(149.0, 143.0, 24.314914997257361)
(149.0, 144.0, 23.476307968414837)
(149.0, 145.0, 23.925032754950148)
(149.0, 146.0, 25.649122656612043)
(149.0, 147.0, 21.564490387641492)
(149.0, 148.0, 23.107790064193754)
(149.0, 149.0, 24.425074332120928)
(149.0, 150.0, 26.044533364172686)
(149.0, 151.0, 27.003542489958765)
(149.0, 152.0, 24.238877346901944)
(149.0, 153.0, 24.89983073817011)
(149.0, 154.0, 24.816510055122343)
(149.0, 155.0, 25.234556694127221)
(149.0, 156.0, 24.93678850682296)
(149.0, 157.0, 25.803768297895747)
(149.0, 158.0, 25.878929227171632)
(149.0, 159.0, 25.088985427678736)
(149.0, 160.0, 24.014630094022355)
(149.0, 161.0, 24.984379406997672)
(149.0, 162.0, 24.693491145506627)
(149.0, 163.0, 23.40499048440055)
(149.0, 164.0, 24.30142190239139)
(149.0, 165.0, 25.256499491162295)
(149.0, 166.0, 25.957010319085601)
(149.0, 167.0, 23.376810841929242)
(149.0, 168.0, 23.765892203970523)
(149.0, 169.0, 24.368751397408879)
(149.0, 170.0, 23.0534363697845)
(149.0, 171.0, 25.862939832757846)
(149.0, 172.0, 26.008036214334624)
(149.0, 173.0, 25.264063525901317)
(149.0, 174.0, 21.867516241193247)
(149.0, 175.0, 25.554458393478939)
(149.0, 176.0, 22.979702258972587)
(149.0, 177.0, 25.835779528716756)
(149.0, 178.0, 21.627646707441293)
(149.0, 179.0, 24.940774203070131)
(149.0, 180.0, 24.804010694433455)
(149.0, 181.0, 24.055238826346017)
(149.0, 182.0, 24.763870721933358)
(149.0, 183.0, 23.867825389908891)
(149.0, 184.0, 23.608124819047614)
(149.0, 185.0, 23.899786580678928)
(149.0, 186.0, 22.834157843428478)
(149.0, 187.0, 25.672350448018431)
(149.0, 188.0, 24.749561636347217)
(149.0, 189.0, 26.512721596414529)
(149.0, 190.0, 23.609937956778456)
(149.0, 191.0, 24.575580073012212)
(149.0, 192.0, 24.746007998569247)
(149.0, 193.0, 24.262872944008926)
(149.0, 194.0, 26.936409548990682)
(149.0, 195.0, 23.885064476860919)
(149.0, 196.0, 25.252805034762797)
(149.0, 197.0, 24.27891839362762)
(149.0, 198.0, 22.981691135365907)
(149.0, 199.0, 23.110629271912302)
(150.0, 0.0, 21.937886183982279)
(150.0, 1.0, 22.284364354805149)
(150.0, 2.0, 22.906608325663758)
(150.0, 3.0, 25.293707873026538)
(150.0, 4.0, 21.429114290391709)
(150.0, 5.0, 25.154968096565248)
(150.0, 6.0, 26.371004637276293)
(150.0, 7.0, 25.123218703765922)
(150.0, 8.0, 20.166477399087409)
(150.0, 9.0, 25.264016026131547)
(150.0, 10.0, 24.032956402898193)
(150.0, 11.0, 24.912156932568408)
(150.0, 12.0, 24.520139143853235)
(150.0, 13.0, 24.645123066045041)
(150.0, 14.0, 25.320092249684269)
(150.0, 15.0, 20.459299581355168)
(150.0, 16.0, 22.664823394321058)
(150.0, 17.0, 23.504002955338056)
(150.0, 18.0, 24.132927214637832)
(150.0, 19.0, 28.87579190038722)
(150.0, 20.0, 25.219755753444701)
(150.0, 21.0, 23.745209903673018)
(150.0, 22.0, 25.735609656340174)
(150.0, 23.0, 27.830719268833995)
(150.0, 24.0, 19.949522991459816)
(150.0, 25.0, 21.234907874498148)
(150.0, 26.0, 23.086601653087286)
(150.0, 27.0, 26.862605286455771)
(150.0, 28.0, 23.303142810025275)
(150.0, 29.0, 24.336380986902306)
(150.0, 30.0, 24.43723899776824)
(150.0, 31.0, 23.40210624026264)
(150.0, 32.0, 24.091981350225502)
(150.0, 33.0, 24.690423778100492)
(150.0, 34.0, 25.946391538113112)
(150.0, 35.0, 26.064076468364142)
(150.0, 36.0, 21.58928024877714)
(150.0, 37.0, 26.276690805183421)
(150.0, 38.0, 26.107921795717026)
(150.0, 39.0, 21.198549414504157)
(150.0, 40.0, 23.433472850870782)
(150.0, 41.0, 23.201594604804033)
(150.0, 42.0, 23.837143714009613)
(150.0, 43.0, 25.512130550304153)
(150.0, 44.0, 27.87617121372779)
(150.0, 45.0, 26.840139903908682)
(150.0, 46.0, 25.867160597945592)
(150.0, 47.0, 24.625132952524535)
(150.0, 48.0, 22.351522970892152)
(150.0, 49.0, 25.300513505666139)
(150.0, 50.0, 27.10662134627022)
(150.0, 51.0, 26.642155305439843)
(150.0, 52.0, 24.820328774306333)
(150.0, 53.0, 23.987510459173432)
(150.0, 54.0, 22.512895254549932)
(150.0, 55.0, 24.347441688337184)
(150.0, 56.0, 25.462804216925242)
(150.0, 57.0, 23.299275143665234)
(150.0, 58.0, 23.315668273982869)
(150.0, 59.0, 22.950122840003502)
(150.0, 60.0, 23.836784162027335)
(150.0, 61.0, 21.690961858958442)
(150.0, 62.0, 26.349390475531081)
(150.0, 63.0, 24.963370117329433)
(150.0, 64.0, 22.99206483809046)
(150.0, 65.0, 24.789672039727012)
(150.0, 66.0, 22.960256786917128)
(150.0, 67.0, 23.375622056085852)
(150.0, 68.0, 24.023947271984241)
(150.0, 69.0, 24.684050666798473)
(150.0, 70.0, 26.736651164381051)
(150.0, 71.0, 22.671487438014971)
(150.0, 72.0, 22.861188402620495)
(150.0, 73.0, 22.871868176963179)
(150.0, 74.0, 24.528852782494035)
(150.0, 75.0, 26.134631077164372)
(150.0, 76.0, 23.59583923437118)
(150.0, 77.0, 23.457640807283763)
(150.0, 78.0, 23.856534873605217)
(150.0, 79.0, 21.937802461235723)
(150.0, 80.0, 24.718484573087856)
(150.0, 81.0, 18.967232020847607)
(150.0, 82.0, 21.857992643275967)
(150.0, 83.0, 22.09411618300382)
(150.0, 84.0, 24.99169550447694)
(150.0, 85.0, 25.311559762041576)
(150.0, 86.0, 25.306171950975951)
(150.0, 87.0, 25.305005212909311)
(150.0, 88.0, 25.037531485407104)
(150.0, 89.0, 26.528419858128935)
(150.0, 90.0, 24.882440467881921)
(150.0, 91.0, 23.827110243357602)
(150.0, 92.0, 25.068295507258071)
(150.0, 93.0, 23.805889828800936)
(150.0, 94.0, 24.579634254081448)
(150.0, 95.0, 24.500499027778751)
(150.0, 96.0, 22.556509599461513)
(150.0, 97.0, 24.864099806482621)
(150.0, 98.0, 24.569924311221413)
(150.0, 99.0, 24.803739031461276)
(150.0, 100.0, 25.920596024428182)
(150.0, 101.0, 23.279394737679898)
(150.0, 102.0, 24.73822779123617)
(150.0, 103.0, 25.624046742592583)
(150.0, 104.0, 26.368910814899181)
(150.0, 105.0, 24.780766496543887)
(150.0, 106.0, 24.584546527765212)
(150.0, 107.0, 23.249304517213428)
(150.0, 108.0, 25.250224718235582)
(150.0, 109.0, 22.778424969682401)
(150.0, 110.0, 23.937662976487001)
(150.0, 111.0, 26.581164303972095)
(150.0, 112.0, 25.340268322918693)
(150.0, 113.0, 24.254449345953812)
(150.0, 114.0, 27.273979888320277)
(150.0, 115.0, 23.470253756275358)
(150.0, 116.0, 23.290486645460476)
(150.0, 117.0, 20.954992582520156)
(150.0, 118.0, 27.134981941420286)
(150.0, 119.0, 25.036609278374716)
(150.0, 120.0, 25.910904111481166)
(150.0, 121.0, 25.36565472685745)
(150.0, 122.0, 23.570554393872747)
(150.0, 123.0, 26.88666291177806)
(150.0, 124.0, 25.99680290002166)
(150.0, 125.0, 26.60118101154568)
(150.0, 126.0, 23.259497488464255)
(150.0, 127.0, 26.078762094099424)
(150.0, 128.0, 24.874558058696895)
(150.0, 129.0, 27.143469492238985)
(150.0, 130.0, 25.186897840207557)
(150.0, 131.0, 24.951868913383873)
(150.0, 132.0, 19.8710801557738)
(150.0, 133.0, 23.213801541951646)
(150.0, 134.0, 24.562755189493434)
(150.0, 135.0, 23.001924333746246)
(150.0, 136.0, 26.197614716968062)
(150.0, 137.0, 24.110919375829589)
(150.0, 138.0, 20.767132733712415)
(150.0, 139.0, 28.287356723136305)
(150.0, 140.0, 27.734610100298731)
(150.0, 141.0, 23.15335197140098)
(150.0, 142.0, 23.933267570805327)
(150.0, 143.0, 26.650999454424394)
(150.0, 144.0, 23.548512682182043)
(150.0, 145.0, 24.986299045731108)
(150.0, 146.0, 27.346094926717534)
(150.0, 147.0, 23.362657462900827)
(150.0, 148.0, 23.510269528480837)
(150.0, 149.0, 25.132103976608416)
(150.0, 150.0, 28.769592166604397)
(150.0, 151.0, 29.283306712081998)
(150.0, 152.0, 23.767845126429574)
(150.0, 153.0, 25.355289123102796)
(150.0, 154.0, 26.978284803716136)
(150.0, 155.0, 25.939644637361564)
(150.0, 156.0, 25.84445680144853)
(150.0, 157.0, 26.345863499919481)
(150.0, 158.0, 26.581561783351656)
(150.0, 159.0, 26.944692530298305)
(150.0, 160.0, 22.580541899507864)
(150.0, 161.0, 26.599343570684741)
(150.0, 162.0, 25.19202768883212)
(150.0, 163.0, 23.77999319654208)
(150.0, 164.0, 24.446508492885627)
(150.0, 165.0, 24.647853244244381)
(150.0, 166.0, 25.934876565394692)
(150.0, 167.0, 24.559190145869703)
(150.0, 168.0, 24.868140593529077)
(150.0, 169.0, 24.55047806640718)
(150.0, 170.0, 23.767350115869817)
(150.0, 171.0, 25.616679511610023)
(150.0, 172.0, 26.664418459991229)
(150.0, 173.0, 24.085474440823699)
(150.0, 174.0, 21.424763715612432)
(150.0, 175.0, 26.609626997685897)
(150.0, 176.0, 24.210457467349848)
(150.0, 177.0, 26.688553326982063)
(150.0, 178.0, 23.319172861529669)
(150.0, 179.0, 25.96610847855758)
(150.0, 180.0, 25.222171886673923)
(150.0, 181.0, 25.608711127013077)
(150.0, 182.0, 27.189122450748833)
(150.0, 183.0, 23.60668145635109)
(150.0, 184.0, 23.776725368027488)
(150.0, 185.0, 23.258366819467323)
(150.0, 186.0, 23.020239005086957)
(150.0, 187.0, 26.159484423292291)
(150.0, 188.0, 23.737124446138743)
(150.0, 189.0, 25.109073856114474)
(150.0, 190.0, 24.268180773075454)
(150.0, 191.0, 23.84354870481955)
(150.0, 192.0, 24.739754477734525)
(150.0, 193.0, 25.961290584691742)
(150.0, 194.0, 25.908385590899766)
(150.0, 195.0, 25.101433375729137)
(150.0, 196.0, 26.198332101070079)
(150.0, 197.0, 26.197117108279521)
(150.0, 198.0, 23.838502069888364)
(150.0, 199.0, 25.220002438655527)
(151.0, 0.0, 21.758275889871154)
(151.0, 1.0, 24.783043807033504)
(151.0, 2.0, 23.746426486890407)
(151.0, 3.0, 26.536033268465104)
(151.0, 4.0, 23.101927108676563)
(151.0, 5.0, 24.722057680218903)
(151.0, 6.0, 27.620728748194846)
(151.0, 7.0, 27.324685848506867)
(151.0, 8.0, 21.473971142354866)
(151.0, 9.0, 25.060303948980167)
(151.0, 10.0, 24.594838867434888)
(151.0, 11.0, 28.060678065185154)
(151.0, 12.0, 25.405181008897362)
(151.0, 13.0, 25.967964123909368)
(151.0, 14.0, 25.709364061761733)
(151.0, 15.0, 24.119892974341266)
(151.0, 16.0, 24.096568105116624)
(151.0, 17.0, 25.32512545826426)
(151.0, 18.0, 26.173398721096738)
(151.0, 19.0, 29.932255561219499)
(151.0, 20.0, 26.234917199962588)
(151.0, 21.0, 26.629676944748578)
(151.0, 22.0, 27.908043093278071)
(151.0, 23.0, 27.687455392346585)
(151.0, 24.0, 21.070511543237423)
(151.0, 25.0, 20.88282075253964)
(151.0, 26.0, 24.078472058584691)
(151.0, 27.0, 27.491575269008518)
(151.0, 28.0, 26.114595794427284)
(151.0, 29.0, 26.248648483963283)
(151.0, 30.0, 24.503895640671281)
(151.0, 31.0, 21.040295548523385)
(151.0, 32.0, 25.19273013834405)
(151.0, 33.0, 26.687614898816868)
(151.0, 34.0, 27.225121980313546)
(151.0, 35.0, 25.611050881422056)
(151.0, 36.0, 24.101737842417915)
(151.0, 37.0, 28.762272271824667)
(151.0, 38.0, 27.200253776903317)
(151.0, 39.0, 23.357817234389643)
(151.0, 40.0, 23.980176240972785)
(151.0, 41.0, 24.21890162425413)
(151.0, 42.0, 24.382677063455851)
(151.0, 43.0, 27.272286670014431)
(151.0, 44.0, 29.611634440419053)
(151.0, 45.0, 27.521918238849718)
(151.0, 46.0, 27.475681173162947)
(151.0, 47.0, 26.44607752588518)
(151.0, 48.0, 24.478203190378895)
(151.0, 49.0, 29.073834636506223)
(151.0, 50.0, 26.217653236078839)
(151.0, 51.0, 28.204453241758998)
(151.0, 52.0, 26.338688525393366)
(151.0, 53.0, 25.135664628765216)
(151.0, 54.0, 23.00620977612104)
(151.0, 55.0, 23.810285000840086)
(151.0, 56.0, 26.556827221283957)
(151.0, 57.0, 25.540322428545515)
(151.0, 58.0, 24.958582033522468)
(151.0, 59.0, 23.922966367813743)
(151.0, 60.0, 27.139273585441416)
(151.0, 61.0, 23.174702596129745)
(151.0, 62.0, 27.238854321422913)
(151.0, 63.0, 25.722266461484828)
(151.0, 64.0, 23.648430640168439)
(151.0, 65.0, 24.743342917911129)
(151.0, 66.0, 27.132724141958498)
(151.0, 67.0, 24.662254767517812)
(151.0, 68.0, 27.270070567479976)
(151.0, 69.0, 25.724076168433015)
(151.0, 70.0, 25.928475679377904)
(151.0, 71.0, 23.889779196692491)
(151.0, 72.0, 24.230454107385508)
(151.0, 73.0, 23.960999245104524)
(151.0, 74.0, 24.119826144472974)
(151.0, 75.0, 27.151631159974478)
(151.0, 76.0, 24.734762138196849)
(151.0, 77.0, 24.425000262720594)
(151.0, 78.0, 24.93966233793526)
(151.0, 79.0, 24.767281341356064)
(151.0, 80.0, 28.209978043359158)
(151.0, 81.0, 22.787968837420799)
(151.0, 82.0, 21.063398102467403)
(151.0, 83.0, 24.713223720709305)
(151.0, 84.0, 29.140589346377187)
(151.0, 85.0, 26.311030942634112)
(151.0, 86.0, 26.467128274427147)
(151.0, 87.0, 24.825548938155055)
(151.0, 88.0, 23.673770930770811)
(151.0, 89.0, 26.877562065849695)
(151.0, 90.0, 25.52492344181006)
(151.0, 91.0, 25.889559596712886)
(151.0, 92.0, 24.073910965873278)
(151.0, 93.0, 26.669688898575302)
(151.0, 94.0, 26.083174225339931)
(151.0, 95.0, 23.633447992641514)
(151.0, 96.0, 23.907484766170771)
(151.0, 97.0, 25.101831461005588)
(151.0, 98.0, 23.116028702852034)
(151.0, 99.0, 25.873960599406473)
(151.0, 100.0, 25.956076943057013)
(151.0, 101.0, 25.641924597044277)
(151.0, 102.0, 27.292427433333135)
(151.0, 103.0, 27.197309138129647)
(151.0, 104.0, 28.835916821494919)
(151.0, 105.0, 25.753407465108186)
(151.0, 106.0, 25.381182965485106)
(151.0, 107.0, 23.323241462080844)
(151.0, 108.0, 25.643272328457133)
(151.0, 109.0, 25.006703655138686)
(151.0, 110.0, 24.806621382741447)
(151.0, 111.0, 25.280869684105966)
(151.0, 112.0, 29.198822713784637)
(151.0, 113.0, 26.538560413280791)
(151.0, 114.0, 26.414245125988142)
(151.0, 115.0, 26.197165931290243)
(151.0, 116.0, 22.216329841222308)
(151.0, 117.0, 23.461225462875564)
(151.0, 118.0, 27.089809990492768)
(151.0, 119.0, 24.813122361906903)
(151.0, 120.0, 27.004894606966957)
(151.0, 121.0, 26.602757240163644)
(151.0, 122.0, 24.180805755782899)
(151.0, 123.0, 28.680953463643739)
(151.0, 124.0, 25.830032311621242)
(151.0, 125.0, 27.405739663600201)
(151.0, 126.0, 24.850479451326152)
(151.0, 127.0, 27.31286258576565)
(151.0, 128.0, 25.797599017510599)
(151.0, 129.0, 26.672246090664157)
(151.0, 130.0, 25.113069517908201)
(151.0, 131.0, 24.403476937117219)
(151.0, 132.0, 22.087162410516768)
(151.0, 133.0, 24.050377158357186)
(151.0, 134.0, 25.221607982331456)
(151.0, 135.0, 24.992255595156369)
(151.0, 136.0, 27.280552038757413)
(151.0, 137.0, 25.082862666997116)
(151.0, 138.0, 23.278543317602171)
(151.0, 139.0, 28.818532626070564)
(151.0, 140.0, 29.270849199342571)
(151.0, 141.0, 24.278401820225799)
(151.0, 142.0, 26.715932012847595)
(151.0, 143.0, 25.683057581066091)
(151.0, 144.0, 25.602184218576394)
(151.0, 145.0, 27.971952362093774)
(151.0, 146.0, 27.695463333471018)
(151.0, 147.0, 24.249055446433548)
(151.0, 148.0, 25.571566399489335)
(151.0, 149.0, 26.122336546400742)
(151.0, 150.0, 29.785073386031563)
(151.0, 151.0, 28.98779247766749)
(151.0, 152.0, 25.373559960492287)
(151.0, 153.0, 27.887912215771635)
(151.0, 154.0, 26.015244026951429)
(151.0, 155.0, 26.832673698832846)
(151.0, 156.0, 25.832144206014192)
(151.0, 157.0, 29.650417074437009)
(151.0, 158.0, 28.095670963312166)
(151.0, 159.0, 26.077475770560063)
(151.0, 160.0, 24.313251780671457)
(151.0, 161.0, 25.666731690527126)
(151.0, 162.0, 27.451413767277394)
(151.0, 163.0, 24.241634527390069)
(151.0, 164.0, 23.45199377912985)
(151.0, 165.0, 25.903061599400129)
(151.0, 166.0, 27.144108474295045)
(151.0, 167.0, 24.04504169464586)
(151.0, 168.0, 27.814506610326365)
(151.0, 169.0, 25.247869103791206)
(151.0, 170.0, 23.246547334954499)
(151.0, 171.0, 26.708433048099753)
(151.0, 172.0, 28.913306687668019)
(151.0, 173.0, 27.221137352071583)
(151.0, 174.0, 23.774375836362587)
(151.0, 175.0, 26.987749792472048)
(151.0, 176.0, 26.050149293656727)
(151.0, 177.0, 26.558895011485994)
(151.0, 178.0, 23.335638863555232)
(151.0, 179.0, 27.899395768053861)
(151.0, 180.0, 26.327396567631244)
(151.0, 181.0, 27.448521189955599)
(151.0, 182.0, 26.129986054443044)
(151.0, 183.0, 25.65605912757826)
(151.0, 184.0, 24.593535603657152)
(151.0, 185.0, 26.625869382795948)
(151.0, 186.0, 23.095832782890415)
(151.0, 187.0, 28.840630418470063)
(151.0, 188.0, 26.392183450555365)
(151.0, 189.0, 29.013159373470099)
(151.0, 190.0, 27.611985890562309)
(151.0, 191.0, 25.176365769159823)
(151.0, 192.0, 26.031135624406954)
(151.0, 193.0, 26.940502421089818)
(151.0, 194.0, 28.209196508939769)
(151.0, 195.0, 26.677876901215814)
(151.0, 196.0, 26.517820176773125)
(151.0, 197.0, 26.298297240280966)
(151.0, 198.0, 25.018076899050591)
(151.0, 199.0, 24.165240465242352)
(152.0, 0.0, 17.665016837673129)
(152.0, 1.0, 22.441386437167139)
(152.0, 2.0, 20.460727676463819)
(152.0, 3.0, 22.377470163965697)
(152.0, 4.0, 19.936694371409239)
(152.0, 5.0, 23.224557984322054)
(152.0, 6.0, 23.369151811270449)
(152.0, 7.0, 22.189945806427126)
(152.0, 8.0, 21.172835749447657)
(152.0, 9.0, 21.51887745113612)
(152.0, 10.0, 21.361370624347042)
(152.0, 11.0, 22.598078925787799)
(152.0, 12.0, 22.585066944744202)
(152.0, 13.0, 21.707817290994203)
(152.0, 14.0, 21.050439841359232)
(152.0, 15.0, 20.541478320697035)
(152.0, 16.0, 20.815061686831257)
(152.0, 17.0, 23.002748305121063)
(152.0, 18.0, 22.210185568976456)
(152.0, 19.0, 25.385311014442475)
(152.0, 20.0, 22.736505441425393)
(152.0, 21.0, 19.045901268143279)
(152.0, 22.0, 21.951279139485461)
(152.0, 23.0, 23.005274130050623)
(152.0, 24.0, 18.474226699167787)
(152.0, 25.0, 18.433347239033189)
(152.0, 26.0, 19.521525287461831)
(152.0, 27.0, 24.587099410968847)
(152.0, 28.0, 21.434448324203444)
(152.0, 29.0, 21.961316501294696)
(152.0, 30.0, 21.048524657362091)
(152.0, 31.0, 20.916935657271562)
(152.0, 32.0, 20.587086608830791)
(152.0, 33.0, 23.497443446812753)
(152.0, 34.0, 23.807148895272)
(152.0, 35.0, 22.361708721512567)
(152.0, 36.0, 21.704505820637802)
(152.0, 37.0, 21.81207151282193)
(152.0, 38.0, 23.864793558472734)
(152.0, 39.0, 19.965099584201539)
(152.0, 40.0, 19.030273135183066)
(152.0, 41.0, 21.663707007365581)
(152.0, 42.0, 21.802515597526185)
(152.0, 43.0, 22.918118076873395)
(152.0, 44.0, 24.41825231542601)
(152.0, 45.0, 23.391994923263834)
(152.0, 46.0, 21.058640919812454)
(152.0, 47.0, 20.266500312846478)
(152.0, 48.0, 20.964302263329387)
(152.0, 49.0, 23.499739042112672)
(152.0, 50.0, 24.145901571511494)
(152.0, 51.0, 23.38211274004696)
(152.0, 52.0, 21.019448204815145)
(152.0, 53.0, 21.120619639834466)
(152.0, 54.0, 21.860972444587485)
(152.0, 55.0, 19.847935722623127)
(152.0, 56.0, 24.145400016141682)
(152.0, 57.0, 22.240927023642829)
(152.0, 58.0, 21.74756474785784)
(152.0, 59.0, 21.364075711152854)
(152.0, 60.0, 21.577134195725229)
(152.0, 61.0, 19.097679476942744)
(152.0, 62.0, 21.911752661022962)
(152.0, 63.0, 20.209281025315949)
(152.0, 64.0, 19.622998273127518)
(152.0, 65.0, 21.039160873259451)
(152.0, 66.0, 21.624796637384435)
(152.0, 67.0, 20.846224087377113)
(152.0, 68.0, 23.467618915617138)
(152.0, 69.0, 21.723965583746985)
(152.0, 70.0, 24.097880050064045)
(152.0, 71.0, 21.359533789218521)
(152.0, 72.0, 20.654734509116604)
(152.0, 73.0, 19.62342041999835)
(152.0, 74.0, 21.252893938055912)
(152.0, 75.0, 22.005239059710494)
(152.0, 76.0, 20.772353636202176)
(152.0, 77.0, 21.43908513436147)
(152.0, 78.0, 22.007119726379109)
(152.0, 79.0, 20.515694717699262)
(152.0, 80.0, 24.258385394226593)
(152.0, 81.0, 17.965823064795849)
(152.0, 82.0, 19.042936127579793)
(152.0, 83.0, 19.952731204665437)
(152.0, 84.0, 21.437904747917194)
(152.0, 85.0, 23.315671315968462)
(152.0, 86.0, 23.015893874892633)
(152.0, 87.0, 21.40002467006607)
(152.0, 88.0, 20.760903154310494)
(152.0, 89.0, 22.798760680981722)
(152.0, 90.0, 21.316822408328552)
(152.0, 91.0, 21.287706145614113)
(152.0, 92.0, 21.820260347804293)
(152.0, 93.0, 22.193252021179749)
(152.0, 94.0, 20.525913229735195)
(152.0, 95.0, 20.006289331600527)
(152.0, 96.0, 20.110567074098462)
(152.0, 97.0, 21.293995673638626)
(152.0, 98.0, 21.853764034258582)
(152.0, 99.0, 21.577717749689803)
(152.0, 100.0, 22.224611106542923)
(152.0, 101.0, 20.927835677485518)
(152.0, 102.0, 21.317536532335122)
(152.0, 103.0, 22.087195441932707)
(152.0, 104.0, 22.668472677162622)
(152.0, 105.0, 20.164461503353706)
(152.0, 106.0, 21.055343098542409)
(152.0, 107.0, 19.745790743779448)
(152.0, 108.0, 22.335846224116459)
(152.0, 109.0, 21.604841746768855)
(152.0, 110.0, 20.926916674593027)
(152.0, 111.0, 22.835032880359289)
(152.0, 112.0, 24.046351869806376)
(152.0, 113.0, 21.10131361916137)
(152.0, 114.0, 23.002760753251039)
(152.0, 115.0, 21.53985786867884)
(152.0, 116.0, 20.937071160340206)
(152.0, 117.0, 19.328236645465907)
(152.0, 118.0, 21.828577305755658)
(152.0, 119.0, 20.530788105671601)
(152.0, 120.0, 22.804305860568199)
(152.0, 121.0, 22.268401492475277)
(152.0, 122.0, 20.312567554749869)
(152.0, 123.0, 24.824319746639439)
(152.0, 124.0, 22.845422147195919)
(152.0, 125.0, 24.090408258771184)
(152.0, 126.0, 22.636107882167376)
(152.0, 127.0, 21.307945417728344)
(152.0, 128.0, 20.700698002034013)
(152.0, 129.0, 22.387582725093147)
(152.0, 130.0, 23.646692178905788)
(152.0, 131.0, 21.675420191980585)
(152.0, 132.0, 18.917201259565356)
(152.0, 133.0, 20.081978029795746)
(152.0, 134.0, 22.567751512507705)
(152.0, 135.0, 22.694134072975466)
(152.0, 136.0, 21.981776786765025)
(152.0, 137.0, 21.927549505366471)
(152.0, 138.0, 19.95375314544123)
(152.0, 139.0, 22.976076455149322)
(152.0, 140.0, 22.23754630303134)
(152.0, 141.0, 21.914066731212309)
(152.0, 142.0, 23.541756116624757)
(152.0, 143.0, 22.017061262049193)
(152.0, 144.0, 21.628649754452514)
(152.0, 145.0, 23.074977151970522)
(152.0, 146.0, 22.310296763672522)
(152.0, 147.0, 20.220563476463322)
(152.0, 148.0, 20.567515707111273)
(152.0, 149.0, 21.855836179786145)
(152.0, 150.0, 23.542200444084557)
(152.0, 151.0, 24.469039251827851)
(152.0, 152.0, 23.070585440450291)
(152.0, 153.0, 23.004300117764295)
(152.0, 154.0, 23.05295991195181)
(152.0, 155.0, 22.322172536811671)
(152.0, 156.0, 21.345343511732338)
(152.0, 157.0, 24.217354878954232)
(152.0, 158.0, 23.836401337653076)
(152.0, 159.0, 21.997067167608702)
(152.0, 160.0, 20.686883577125471)
(152.0, 161.0, 22.21588972759675)
(152.0, 162.0, 21.776440147996919)
(152.0, 163.0, 19.991672092963078)
(152.0, 164.0, 22.474004226192751)
(152.0, 165.0, 20.51805295581843)
(152.0, 166.0, 23.509345418221493)
(152.0, 167.0, 20.503499291368641)
(152.0, 168.0, 22.059895118127635)
(152.0, 169.0, 20.984412128302864)
(152.0, 170.0, 20.089453585154608)
(152.0, 171.0, 23.100110586142993)
(152.0, 172.0, 21.582199087475942)
(152.0, 173.0, 20.724097274943272)
(152.0, 174.0, 20.494844744439543)
(152.0, 175.0, 21.694706470693884)
(152.0, 176.0, 20.764317073934507)
(152.0, 177.0, 21.307549885512383)
(152.0, 178.0, 19.619819771067938)
(152.0, 179.0, 24.431853783449839)
(152.0, 180.0, 21.565436553419108)
(152.0, 181.0, 20.753465512884713)
(152.0, 182.0, 21.336108463828648)
(152.0, 183.0, 21.825300209588072)
(152.0, 184.0, 19.086648609204598)
(152.0, 185.0, 21.147356963506347)
(152.0, 186.0, 19.822461141022252)
(152.0, 187.0, 23.764124887780596)
(152.0, 188.0, 21.093626788384647)
(152.0, 189.0, 23.029573505119949)
(152.0, 190.0, 23.858489430911312)
(152.0, 191.0, 20.947920198385063)
(152.0, 192.0, 21.263247836062689)
(152.0, 193.0, 20.747291168334815)
(152.0, 194.0, 24.067170223752136)
(152.0, 195.0, 20.568379442823048)
(152.0, 196.0, 23.360643800466349)
(152.0, 197.0, 21.696191506090013)
(152.0, 198.0, 19.874544541760777)
(152.0, 199.0, 22.24942873001396)
(153.0, 0.0, 19.27397320027859)
(153.0, 1.0, 22.041969713513637)
(153.0, 2.0, 20.58875922499076)
(153.0, 3.0, 24.700955403356115)
(153.0, 4.0, 20.894977351592562)
(153.0, 5.0, 22.159647344245712)
(153.0, 6.0, 24.401408835758325)
(153.0, 7.0, 24.169599894291412)
(153.0, 8.0, 19.955596610032497)
(153.0, 9.0, 23.982673391349881)
(153.0, 10.0, 22.325710661046745)
(153.0, 11.0, 23.100500840758755)
(153.0, 12.0, 23.441398929297897)
(153.0, 13.0, 22.941196446039697)
(153.0, 14.0, 21.660191923577507)
(153.0, 15.0, 22.198064392590506)
(153.0, 16.0, 21.446293218153887)
(153.0, 17.0, 23.200802270513019)
(153.0, 18.0, 22.344905464578204)
(153.0, 19.0, 26.262631232274167)
(153.0, 20.0, 22.59096880576854)
(153.0, 21.0, 21.215449950955087)
(153.0, 22.0, 24.802464032414818)
(153.0, 23.0, 23.290259700216847)
(153.0, 24.0, 18.076557229295052)
(153.0, 25.0, 19.432442147499536)
(153.0, 26.0, 21.683835295682371)
(153.0, 27.0, 24.994514862163772)
(153.0, 28.0, 23.684356845773948)
(153.0, 29.0, 21.867707698031694)
(153.0, 30.0, 22.290459032179466)
(153.0, 31.0, 21.189275346548946)
(153.0, 32.0, 23.406649918563978)
(153.0, 33.0, 22.02240524669255)
(153.0, 34.0, 22.217038307044415)
(153.0, 35.0, 21.891075786943851)
(153.0, 36.0, 19.798986292486095)
(153.0, 37.0, 22.964478727607741)
(153.0, 38.0, 24.250773488718217)
(153.0, 39.0, 19.773971739181533)
(153.0, 40.0, 20.471094753725914)
(153.0, 41.0, 23.463121588829246)
(153.0, 42.0, 22.150318245687732)
(153.0, 43.0, 23.248862404711083)
(153.0, 44.0, 26.310693230661457)
(153.0, 45.0, 22.94770082753903)
(153.0, 46.0, 21.908220987235229)
(153.0, 47.0, 21.900844398530964)
(153.0, 48.0, 21.984656676384265)
(153.0, 49.0, 24.700142544885157)
(153.0, 50.0, 25.191803285970494)
(153.0, 51.0, 24.899168131361616)
(153.0, 52.0, 24.803647839342791)
(153.0, 53.0, 22.304308641579421)
(153.0, 54.0, 21.230968672114322)
(153.0, 55.0, 24.083465635446711)
(153.0, 56.0, 25.278540103994207)
(153.0, 57.0, 20.487276460146592)
(153.0, 58.0, 20.732357653887767)
(153.0, 59.0, 22.170946503629203)
(153.0, 60.0, 23.374609895678113)
(153.0, 61.0, 20.289392728038862)
(153.0, 62.0, 22.584613416817998)
(153.0, 63.0, 22.992914534947033)
(153.0, 64.0, 21.555184494218469)
(153.0, 65.0, 22.40183712543903)
(153.0, 66.0, 22.163852751616893)
(153.0, 67.0, 24.077701241890011)
(153.0, 68.0, 24.438422382244909)
(153.0, 69.0, 23.215772317632336)
(153.0, 70.0, 23.668351208146177)
(153.0, 71.0, 21.891930839446321)
(153.0, 72.0, 20.75159893506434)
(153.0, 73.0, 22.975474625037748)
(153.0, 74.0, 23.800576049570285)
(153.0, 75.0, 22.834681982986289)
(153.0, 76.0, 24.649473867386025)
(153.0, 77.0, 20.856384671570801)
(153.0, 78.0, 22.676003181638599)
(153.0, 79.0, 22.158859020138955)
(153.0, 80.0, 25.466528330638511)
(153.0, 81.0, 19.237029478561372)
(153.0, 82.0, 20.46651157240434)
(153.0, 83.0, 21.004478694814367)
(153.0, 84.0, 23.981801395124503)
(153.0, 85.0, 24.888627547300029)
(153.0, 86.0, 23.991983108613702)
(153.0, 87.0, 20.640135675187423)
(153.0, 88.0, 21.278926228887947)
(153.0, 89.0, 23.842157875749336)
(153.0, 90.0, 23.373196777023125)
(153.0, 91.0, 20.532725882420532)
(153.0, 92.0, 22.238042170583924)
(153.0, 93.0, 23.147361470465793)
(153.0, 94.0, 22.87811415809557)
(153.0, 95.0, 23.461321391198286)
(153.0, 96.0, 21.831565023935209)
(153.0, 97.0, 22.281014113256415)
(153.0, 98.0, 23.073754469141235)
(153.0, 99.0, 20.526951927783248)
(153.0, 100.0, 24.269249239765653)
(153.0, 101.0, 20.54352236695787)
(153.0, 102.0, 23.118855445074168)
(153.0, 103.0, 23.403552728142564)
(153.0, 104.0, 25.018313878453938)
(153.0, 105.0, 22.01243656509758)
(153.0, 106.0, 21.259233220777432)
(153.0, 107.0, 22.127171711093361)
(153.0, 108.0, 22.499009428070014)
(153.0, 109.0, 21.848309206307569)
(153.0, 110.0, 21.149614176034468)
(153.0, 111.0, 24.519508256163263)
(153.0, 112.0, 24.615121510804034)
(153.0, 113.0, 24.069683396604791)
(153.0, 114.0, 24.139079856673774)
(153.0, 115.0, 22.681174019405354)
(153.0, 116.0, 21.916159742768201)
(153.0, 117.0, 19.300120820796629)
(153.0, 118.0, 22.712870384052895)
(153.0, 119.0, 22.581133775748846)
(153.0, 120.0, 23.712602180149847)
(153.0, 121.0, 22.858306111965589)
(153.0, 122.0, 22.501810852711063)
(153.0, 123.0, 23.82808443044571)
(153.0, 124.0, 23.274567321817912)
(153.0, 125.0, 23.1791633976095)
(153.0, 126.0, 21.987668088679072)
(153.0, 127.0, 23.505002697229116)
(153.0, 128.0, 22.053840764546194)
(153.0, 129.0, 24.125442545396968)
(153.0, 130.0, 23.137157615479122)
(153.0, 131.0, 24.534110970407177)
(153.0, 132.0, 18.765738579465076)
(153.0, 133.0, 21.541881348584397)
(153.0, 134.0, 23.554855724878955)
(153.0, 135.0, 22.110630970007094)
(153.0, 136.0, 24.4906090179649)
(153.0, 137.0, 22.188126936897611)
(153.0, 138.0, 21.870223582841938)
(153.0, 139.0, 25.03427984784561)
(153.0, 140.0, 24.866537558837091)
(153.0, 141.0, 22.792896071960875)
(153.0, 142.0, 21.843353301108685)
(153.0, 143.0, 24.350590555702006)
(153.0, 144.0, 21.807537706277703)
(153.0, 145.0, 24.610592713312727)
(153.0, 146.0, 25.441959660009378)
(153.0, 147.0, 21.218595025590027)
(153.0, 148.0, 22.774686534199645)
(153.0, 149.0, 22.361908377526476)
(153.0, 150.0, 25.683085013711796)
(153.0, 151.0, 25.503109912771549)
(153.0, 152.0, 23.168369696947142)
(153.0, 153.0, 23.953697308791433)
(153.0, 154.0, 22.873434740967141)
(153.0, 155.0, 24.949893443507342)
(153.0, 156.0, 23.958407018754752)
(153.0, 157.0, 27.239722409448035)
(153.0, 158.0, 24.175829999678719)
(153.0, 159.0, 22.477930341165909)
(153.0, 160.0, 22.677485159066638)
(153.0, 161.0, 24.495927877561201)
(153.0, 162.0, 23.756255255059944)
(153.0, 163.0, 21.132496420956898)
(153.0, 164.0, 23.010042192041546)
(153.0, 165.0, 22.30975695672231)
(153.0, 166.0, 23.752150238957135)
(153.0, 167.0, 22.051216344035442)
(153.0, 168.0, 22.457882497798977)
(153.0, 169.0, 22.85043613278544)
(153.0, 170.0, 21.368673397175442)
(153.0, 171.0, 22.178510136708468)
(153.0, 172.0, 24.94848535422221)
(153.0, 173.0, 22.166167547195702)
(153.0, 174.0, 20.450399770595325)
(153.0, 175.0, 24.707691338350234)
(153.0, 176.0, 20.423938546585479)
(153.0, 177.0, 25.677315519615675)
(153.0, 178.0, 21.011835756838806)
(153.0, 179.0, 24.518400261151328)
(153.0, 180.0, 23.945821129741109)
(153.0, 181.0, 23.774346733004968)
(153.0, 182.0, 24.587617356120418)
(153.0, 183.0, 21.431768643727992)
(153.0, 184.0, 20.493019266439017)
(153.0, 185.0, 22.102193951293312)
(153.0, 186.0, 24.999039354433933)
(153.0, 187.0, 24.052276617744418)
(153.0, 188.0, 22.480794261479403)
(153.0, 189.0, 24.287218551113831)
(153.0, 190.0, 23.646411614823524)
(153.0, 191.0, 22.774089440795905)
(153.0, 192.0, 23.737219972061535)
(153.0, 193.0, 22.144477274614225)
(153.0, 194.0, 23.853929754889524)
(153.0, 195.0, 23.160722953066678)
(153.0, 196.0, 22.250896115938499)
(153.0, 197.0, 24.0054254991067)
(153.0, 198.0, 21.992059921416093)
(153.0, 199.0, 22.600019199325615)
(154.0, 0.0, 23.814138869237564)
(154.0, 1.0, 28.818120861186515)
(154.0, 2.0, 27.061871083631246)
(154.0, 3.0, 28.273285968863316)
(154.0, 4.0, 26.139485654594438)
(154.0, 5.0, 27.146473092353993)
(154.0, 6.0, 30.497579257838407)
(154.0, 7.0, 28.057949133389023)
(154.0, 8.0, 24.174159903879826)
(154.0, 9.0, 29.037068963128789)
(154.0, 10.0, 26.884040505820316)
(154.0, 11.0, 28.908301428385151)
(154.0, 12.0, 29.449771364737384)
(154.0, 13.0, 29.085206233772745)
(154.0, 14.0, 27.57179170799953)
(154.0, 15.0, 26.181624832475531)
(154.0, 16.0, 26.409069422685878)
(154.0, 17.0, 28.923634821876639)
(154.0, 18.0, 27.824370345101656)
(154.0, 19.0, 33.300672396360348)
(154.0, 20.0, 29.181224653416326)
(154.0, 21.0, 26.869407911166753)
(154.0, 22.0, 28.511699894451603)
(154.0, 23.0, 30.024113420246614)
(154.0, 24.0, 23.637253554107303)
(154.0, 25.0, 23.5928065249181)
(154.0, 26.0, 24.380233981582592)
(154.0, 27.0, 33.060562518425215)
(154.0, 28.0, 28.587204828045081)
(154.0, 29.0, 29.251580698085441)
(154.0, 30.0, 28.401647540144491)
(154.0, 31.0, 25.121110246384063)
(154.0, 32.0, 29.822348939170961)
(154.0, 33.0, 28.028902233103619)
(154.0, 34.0, 29.023109723039354)
(154.0, 35.0, 30.836421192569851)
(154.0, 36.0, 26.880636061936343)
(154.0, 37.0, 28.297100921318862)
(154.0, 38.0, 29.970806445078829)
(154.0, 39.0, 26.655714805715977)
(154.0, 40.0, 25.607992341150432)
(154.0, 41.0, 27.844014004255815)
(154.0, 42.0, 28.811513353124596)
(154.0, 43.0, 28.381696524885626)
(154.0, 44.0, 30.688226638503895)
(154.0, 45.0, 28.514891995296214)
(154.0, 46.0, 27.04051350277507)
(154.0, 47.0, 26.115656735721544)
(154.0, 48.0, 26.438609207711014)
(154.0, 49.0, 30.798971575774722)
(154.0, 50.0, 31.391369431032533)
(154.0, 51.0, 30.315654367589428)
(154.0, 52.0, 27.916937244117218)
(154.0, 53.0, 26.630434549903651)
(154.0, 54.0, 28.76585338264227)
(154.0, 55.0, 28.063209783891356)
(154.0, 56.0, 29.659321612830301)
(154.0, 57.0, 25.908809610269493)
(154.0, 58.0, 27.650698937597635)
(154.0, 59.0, 27.1327468059974)
(154.0, 60.0, 28.894846634514476)
(154.0, 61.0, 26.552095375379494)
(154.0, 62.0, 28.972190640793876)
(154.0, 63.0, 26.423653027708713)
(154.0, 64.0, 24.425516973255309)
(154.0, 65.0, 26.425117027298342)
(154.0, 66.0, 29.422945753502205)
(154.0, 67.0, 26.96739347338357)
(154.0, 68.0, 28.424122578028019)
(154.0, 69.0, 26.983420884479809)
(154.0, 70.0, 29.149876064114142)
(154.0, 71.0, 26.782290324149255)
(154.0, 72.0, 25.704177608153586)
(154.0, 73.0, 24.700846297093971)
(154.0, 74.0, 28.31393993512696)
(154.0, 75.0, 28.713887712554275)
(154.0, 76.0, 26.64482962642116)
(154.0, 77.0, 25.723473619313037)
(154.0, 78.0, 27.142766603497982)
(154.0, 79.0, 27.457879044424242)
(154.0, 80.0, 31.391841184256883)
(154.0, 81.0, 24.211623307539565)
(154.0, 82.0, 26.29290243204548)
(154.0, 83.0, 26.122172746111318)
(154.0, 84.0, 30.054944399466439)
(154.0, 85.0, 29.989776440206629)
(154.0, 86.0, 29.399544819798031)
(154.0, 87.0, 26.467897837595139)
(154.0, 88.0, 26.323727900822519)
(154.0, 89.0, 29.108539258184603)
(154.0, 90.0, 28.310739163747634)
(154.0, 91.0, 27.418521160801685)
(154.0, 92.0, 27.690220577882567)
(154.0, 93.0, 29.210892305160787)
(154.0, 94.0, 28.856822273841168)
(154.0, 95.0, 28.097843274473284)
(154.0, 96.0, 25.694910629234283)
(154.0, 97.0, 28.02019247798707)
(154.0, 98.0, 24.980032214382739)
(154.0, 99.0, 28.297866622956398)
(154.0, 100.0, 30.464443424787511)
(154.0, 101.0, 27.358568726243377)
(154.0, 102.0, 26.676942073532157)
(154.0, 103.0, 29.657381882056299)
(154.0, 104.0, 30.507058648417985)
(154.0, 105.0, 28.260136733567109)
(154.0, 106.0, 27.125876568767396)
(154.0, 107.0, 26.079189525347999)
(154.0, 108.0, 29.275181762549856)
(154.0, 109.0, 27.093912749082214)
(154.0, 110.0, 27.833886955515993)
(154.0, 111.0, 29.873929389057395)
(154.0, 112.0, 29.974316783229945)
(154.0, 113.0, 30.190966626853346)
(154.0, 114.0, 28.674061877151992)
(154.0, 115.0, 27.414740766135644)
(154.0, 116.0, 26.384559742777913)
(154.0, 117.0, 24.384830721119584)
(154.0, 118.0, 29.786789931111873)
(154.0, 119.0, 28.437384260744953)
(154.0, 120.0, 30.291334971489011)
(154.0, 121.0, 29.11581195534573)
(154.0, 122.0, 26.344054358324499)
(154.0, 123.0, 30.617395314163542)
(154.0, 124.0, 29.539756946795222)
(154.0, 125.0, 30.103877532321242)
(154.0, 126.0, 28.170557564939465)
(154.0, 127.0, 29.611555912708287)
(154.0, 128.0, 25.31134859060143)
(154.0, 129.0, 29.962753955645493)
(154.0, 130.0, 30.016614732814094)
(154.0, 131.0, 29.465250967210043)
(154.0, 132.0, 24.149618904867605)
(154.0, 133.0, 27.076594942364096)
(154.0, 134.0, 28.804854278462894)
(154.0, 135.0, 28.390506531147579)
(154.0, 136.0, 29.147494090005885)
(154.0, 137.0, 28.683797093503554)
(154.0, 138.0, 25.547043409784578)
(154.0, 139.0, 30.62847697240068)
(154.0, 140.0, 30.808534456732357)
(154.0, 141.0, 28.819834599593896)
(154.0, 142.0, 28.198861426087582)
(154.0, 143.0, 28.310518288966762)
(154.0, 144.0, 28.279986831150268)
(154.0, 145.0, 28.295518182426704)
(154.0, 146.0, 31.295576796412149)
(154.0, 147.0, 25.877139929644425)
(154.0, 148.0, 26.975238866104029)
(154.0, 149.0, 28.679980817923713)
(154.0, 150.0, 31.421741834481338)
(154.0, 151.0, 33.283317781892002)
(154.0, 152.0, 29.303020509537248)
(154.0, 153.0, 28.638270360856009)
(154.0, 154.0, 29.0857497003582)
(154.0, 155.0, 28.232741900696425)
(154.0, 156.0, 29.241870862338423)
(154.0, 157.0, 31.055008479683881)
(154.0, 158.0, 31.209179485405954)
(154.0, 159.0, 30.379108602496498)
(154.0, 160.0, 27.439053191312652)
(154.0, 161.0, 27.449461713351852)
(154.0, 162.0, 28.383953137440493)
(154.0, 163.0, 26.11378947792284)
(154.0, 164.0, 27.967181562654627)
(154.0, 165.0, 27.603528900566875)
(154.0, 166.0, 30.299780984723444)
(154.0, 167.0, 26.648956099736814)
(154.0, 168.0, 28.734851053297742)
(154.0, 169.0, 27.766626067657484)
(154.0, 170.0, 25.643593801203089)
(154.0, 171.0, 29.652674710705121)
(154.0, 172.0, 31.10635339262949)
(154.0, 173.0, 29.612546853311823)
(154.0, 174.0, 25.607536096117819)
(154.0, 175.0, 27.966811385759396)
(154.0, 176.0, 28.38481563238927)
(154.0, 177.0, 28.758740695788564)
(154.0, 178.0, 25.280695060467266)
(154.0, 179.0, 29.772740668509933)
(154.0, 180.0, 28.198168019046971)
(154.0, 181.0, 28.294999837519921)
(154.0, 182.0, 28.362937888742543)
(154.0, 183.0, 28.121619824730026)
(154.0, 184.0, 27.408274003474439)
(154.0, 185.0, 28.818291006051432)
(154.0, 186.0, 27.890965985749776)
(154.0, 187.0, 30.597946835347219)
(154.0, 188.0, 28.013569422155758)
(154.0, 189.0, 31.97219794592743)
(154.0, 190.0, 30.668390640083317)
(154.0, 191.0, 27.789321107701127)
(154.0, 192.0, 27.611751771426036)
(154.0, 193.0, 27.722429743849752)
(154.0, 194.0, 30.752861745732677)
(154.0, 195.0, 28.83369982081074)
(154.0, 196.0, 29.231359171867322)
(154.0, 197.0, 29.08499801219104)
(154.0, 198.0, 27.293543481332648)
(154.0, 199.0, 29.416946576566033)
(155.0, 0.0, 23.702360397962281)
(155.0, 1.0, 28.095266584584408)
(155.0, 2.0, 25.899105594779741)
(155.0, 3.0, 30.441792109096049)
(155.0, 4.0, 26.801900953943395)
(155.0, 5.0, 27.375243354633582)
(155.0, 6.0, 29.918971410125671)
(155.0, 7.0, 29.549946617409631)
(155.0, 8.0, 25.904827246049962)
(155.0, 9.0, 28.602212704524028)
(155.0, 10.0, 26.214522205583823)
(155.0, 11.0, 29.487609267534911)
(155.0, 12.0, 29.42761798471567)
(155.0, 13.0, 27.961876684757897)
(155.0, 14.0, 28.349350401981884)
(155.0, 15.0, 26.129865851434047)
(155.0, 16.0, 27.220027630856844)
(155.0, 17.0, 28.798691069577892)
(155.0, 18.0, 29.313112693069243)
(155.0, 19.0, 33.837407468520198)
(155.0, 20.0, 30.333790957829834)
(155.0, 21.0, 26.300749781232163)
(155.0, 22.0, 30.062033737771969)
(155.0, 23.0, 31.590811409339409)
(155.0, 24.0, 23.759101190216036)
(155.0, 25.0, 23.164431069360358)
(155.0, 26.0, 27.382344819363905)
(155.0, 27.0, 31.994102517359902)
(155.0, 28.0, 28.550932722950531)
(155.0, 29.0, 28.817416614607552)
(155.0, 30.0, 27.88003549350292)
(155.0, 31.0, 26.459129671041048)
(155.0, 32.0, 27.935728839170441)
(155.0, 33.0, 28.341141496022274)
(155.0, 34.0, 29.088404133883753)
(155.0, 35.0, 29.750789484729523)
(155.0, 36.0, 24.285286178462059)
(155.0, 37.0, 31.187634892323427)
(155.0, 38.0, 30.775855465315459)
(155.0, 39.0, 25.219480087734269)
(155.0, 40.0, 26.416587108578796)
(155.0, 41.0, 29.295056513613698)
(155.0, 42.0, 26.355230465332347)
(155.0, 43.0, 29.607291491910228)
(155.0, 44.0, 32.282766438605876)
(155.0, 45.0, 29.996714111718624)
(155.0, 46.0, 29.213277967794784)
(155.0, 47.0, 28.190373016303873)
(155.0, 48.0, 25.978879024386647)
(155.0, 49.0, 29.836812452648349)
(155.0, 50.0, 29.527018356799744)
(155.0, 51.0, 31.214570726300277)
(155.0, 52.0, 27.202087134541195)
(155.0, 53.0, 26.940088733455923)
(155.0, 54.0, 26.53722877030485)
(155.0, 55.0, 27.162071742511984)
(155.0, 56.0, 29.701242437953923)
(155.0, 57.0, 28.274986462707876)
(155.0, 58.0, 27.267253035246263)
(155.0, 59.0, 26.661637707870238)
(155.0, 60.0, 30.065245943511247)
(155.0, 61.0, 26.818710979860057)
(155.0, 62.0, 28.172501086941253)
(155.0, 63.0, 27.616891039486809)
(155.0, 64.0, 26.04111758013012)
(155.0, 65.0, 27.191851123709654)
(155.0, 66.0, 28.466011947001263)
(155.0, 67.0, 27.328360620872644)
(155.0, 68.0, 29.931605052060522)
(155.0, 69.0, 29.912778643471508)
(155.0, 70.0, 29.535664317532635)
(155.0, 71.0, 27.014506669769027)
(155.0, 72.0, 25.165804882746379)
(155.0, 73.0, 25.053926054980373)
(155.0, 74.0, 27.745941989381699)
(155.0, 75.0, 30.381892299445653)
(155.0, 76.0, 27.794425472651348)
(155.0, 77.0, 27.119051454194025)
(155.0, 78.0, 27.002487503080726)
(155.0, 79.0, 27.362916351306438)
(155.0, 80.0, 30.938622238174499)
(155.0, 81.0, 24.637278572444341)
(155.0, 82.0, 24.679751608674792)
(155.0, 83.0, 27.614629657113436)
(155.0, 84.0, 30.67066727737582)
(155.0, 85.0, 28.98120873874262)
(155.0, 86.0, 29.357511773592314)
(155.0, 87.0, 29.228401716017956)
(155.0, 88.0, 28.933753938564898)
(155.0, 89.0, 31.151387017798697)
(155.0, 90.0, 27.595463512784093)
(155.0, 91.0, 28.043505009250655)
(155.0, 92.0, 26.219821085789558)
(155.0, 93.0, 29.808104157927929)
(155.0, 94.0, 28.50445131201095)
(155.0, 95.0, 26.503844510494016)
(155.0, 96.0, 26.304539714662734)
(155.0, 97.0, 28.80901370810248)
(155.0, 98.0, 26.246243211282877)
(155.0, 99.0, 27.19169732889149)
(155.0, 100.0, 29.702103221663489)
(155.0, 101.0, 26.919036828715548)
(155.0, 102.0, 29.089896409109087)
(155.0, 103.0, 30.631572964422052)
(155.0, 104.0, 31.177386514889427)
(155.0, 105.0, 28.035704093782172)
(155.0, 106.0, 28.150348591309314)
(155.0, 107.0, 25.475112802392047)
(155.0, 108.0, 28.942337794105491)
(155.0, 109.0, 27.738933321525625)
(155.0, 110.0, 27.449457695534157)
(155.0, 111.0, 29.851054320292896)
(155.0, 112.0, 31.124500984027296)
(155.0, 113.0, 29.37086710244332)
(155.0, 114.0, 30.526133160988515)
(155.0, 115.0, 28.996809323995322)
(155.0, 116.0, 27.736473151557661)
(155.0, 117.0, 24.02611421259677)
(155.0, 118.0, 30.617725155680354)
(155.0, 119.0, 29.965922675731292)
(155.0, 120.0, 30.635870414856001)
(155.0, 121.0, 30.029421407380703)
(155.0, 122.0, 28.06927347493194)
(155.0, 123.0, 31.142614644580995)
(155.0, 124.0, 29.851140136324691)
(155.0, 125.0, 30.455139332054131)
(155.0, 126.0, 27.403061144376352)
(155.0, 127.0, 29.3936153855573)
(155.0, 128.0, 28.650625281474042)
(155.0, 129.0, 30.846210582808819)
(155.0, 130.0, 28.926072267003292)
(155.0, 131.0, 27.43465036143381)
(155.0, 132.0, 24.696113791378369)
(155.0, 133.0, 25.497879257455676)
(155.0, 134.0, 29.45098802771512)
(155.0, 135.0, 27.291229267829625)
(155.0, 136.0, 28.695217052396188)
(155.0, 137.0, 28.425274992861162)
(155.0, 138.0, 26.252379688023282)
(155.0, 139.0, 31.833695387565928)
(155.0, 140.0, 31.419793142674862)
(155.0, 141.0, 27.76003920205752)
(155.0, 142.0, 29.645841984369973)
(155.0, 143.0, 29.656436210217979)
(155.0, 144.0, 29.535890111714767)
(155.0, 145.0, 27.511122820369994)
(155.0, 146.0, 31.327683264639802)
(155.0, 147.0, 26.912051385097946)
(155.0, 148.0, 26.421106837635964)
(155.0, 149.0, 30.536684508900496)
(155.0, 150.0, 32.623921762643008)
(155.0, 151.0, 31.871597256629162)
(155.0, 152.0, 28.05880619766792)
(155.0, 153.0, 31.083350384808789)
(155.0, 154.0, 31.765667247939191)
(155.0, 155.0, 30.191861665561351)
(155.0, 156.0, 30.475196002854407)
(155.0, 157.0, 31.607950650792976)
(155.0, 158.0, 30.807655521655896)
(155.0, 159.0, 29.423238730423101)
(155.0, 160.0, 27.339876042505832)
(155.0, 161.0, 28.994293349906872)
(155.0, 162.0, 29.607468949523593)
(155.0, 163.0, 27.335495955957512)
(155.0, 164.0, 27.960052965034226)
(155.0, 165.0, 28.122955072547377)
(155.0, 166.0, 30.726602209627416)
(155.0, 167.0, 28.387263603421744)
(155.0, 168.0, 30.005538637525198)
(155.0, 169.0, 29.08455693346647)
(155.0, 170.0, 26.169690173897141)
(155.0, 171.0, 31.426830457634388)
(155.0, 172.0, 30.481293299015132)
(155.0, 173.0, 30.282065818372295)
(155.0, 174.0, 25.399412814759003)
(155.0, 175.0, 29.817408694512025)
(155.0, 176.0, 28.036929126400704)
(155.0, 177.0, 31.384883635314537)
(155.0, 178.0, 28.051116159882135)
(155.0, 179.0, 29.556734367376571)
(155.0, 180.0, 29.720017606305397)
(155.0, 181.0, 29.387123294465713)
(155.0, 182.0, 28.441826919106742)
(155.0, 183.0, 28.769338477980547)
(155.0, 184.0, 26.375902623181489)
(155.0, 185.0, 29.332452790416738)
(155.0, 186.0, 26.550910121191503)
(155.0, 187.0, 31.11510088294666)
(155.0, 188.0, 29.873228947583399)
(155.0, 189.0, 31.068635812445695)
(155.0, 190.0, 29.284423331381181)
(155.0, 191.0, 28.438244189509987)
(155.0, 192.0, 29.663635226409991)
(155.0, 193.0, 28.861669618089614)
(155.0, 194.0, 30.536630604683957)
(155.0, 195.0, 28.232508407105072)
(155.0, 196.0, 29.497516320038013)
(155.0, 197.0, 28.519564844121966)
(155.0, 198.0, 28.445310537369537)
(155.0, 199.0, 27.335523334590373)
(156.0, 0.0, 21.431625537160695)
(156.0, 1.0, 24.318832742332368)
(156.0, 2.0, 21.744904890925213)
(156.0, 3.0, 27.185430797495314)
(156.0, 4.0, 22.681953360343599)
(156.0, 5.0, 25.315796933164595)
(156.0, 6.0, 24.672979849880342)
(156.0, 7.0, 25.838684400209797)
(156.0, 8.0, 21.703288316362134)
(156.0, 9.0, 25.686924207727056)
(156.0, 10.0, 22.855142426265765)
(156.0, 11.0, 25.630612547079366)
(156.0, 12.0, 24.666709303386192)
(156.0, 13.0, 24.07301403184163)
(156.0, 14.0, 23.587141915683542)
(156.0, 15.0, 23.866111458198041)
(156.0, 16.0, 22.893596620893383)
(156.0, 17.0, 26.225215936211733)
(156.0, 18.0, 27.010226940523687)
(156.0, 19.0, 28.965054030167526)
(156.0, 20.0, 26.304166100656584)
(156.0, 21.0, 23.813339347949828)
(156.0, 22.0, 25.916009499617715)
(156.0, 23.0, 26.279892404153841)
(156.0, 24.0, 18.835353570135702)
(156.0, 25.0, 19.20541616236909)
(156.0, 26.0, 23.966182883388552)
(156.0, 27.0, 27.889361761028397)
(156.0, 28.0, 24.775497493254964)
(156.0, 29.0, 23.833560902708015)
(156.0, 30.0, 23.88801914083216)
(156.0, 31.0, 22.338877524753361)
(156.0, 32.0, 26.236970601111082)
(156.0, 33.0, 24.944303435902732)
(156.0, 34.0, 24.982072892135523)
(156.0, 35.0, 27.767222239817439)
(156.0, 36.0, 22.407039508465552)
(156.0, 37.0, 24.498504891488892)
(156.0, 38.0, 27.331655945092255)
(156.0, 39.0, 20.59557722914009)
(156.0, 40.0, 22.849260972340758)
(156.0, 41.0, 24.048833777544289)
(156.0, 42.0, 23.44270174872225)
(156.0, 43.0, 25.117910089696384)
(156.0, 44.0, 27.08488128799053)
(156.0, 45.0, 24.072720976799246)
(156.0, 46.0, 25.188962251842916)
(156.0, 47.0, 22.407841920316496)
(156.0, 48.0, 22.620805431165156)
(156.0, 49.0, 26.573362281307119)
(156.0, 50.0, 27.459458728569189)
(156.0, 51.0, 25.88927233913326)
(156.0, 52.0, 24.374327081745818)
(156.0, 53.0, 22.508311969919752)
(156.0, 54.0, 23.134294726026791)
(156.0, 55.0, 22.452913443665967)
(156.0, 56.0, 26.023347846259327)
(156.0, 57.0, 23.03647604934724)
(156.0, 58.0, 21.849654057059585)
(156.0, 59.0, 23.693792548598029)
(156.0, 60.0, 25.05224842845633)
(156.0, 61.0, 22.618177917084736)
(156.0, 62.0, 24.9663694275173)
(156.0, 63.0, 22.424169143084562)
(156.0, 64.0, 22.743811332701107)
(156.0, 65.0, 22.136878769558258)
(156.0, 66.0, 24.858909660094984)
(156.0, 67.0, 23.42043087454585)
(156.0, 68.0, 26.440980163597821)
(156.0, 69.0, 25.406996320349471)
(156.0, 70.0, 25.807134996136689)
(156.0, 71.0, 23.252683789520763)
(156.0, 72.0, 21.553475262384179)
(156.0, 73.0, 22.399707117564144)
(156.0, 74.0, 25.052975301685603)
(156.0, 75.0, 25.649155062352605)
(156.0, 76.0, 24.373773660839486)
(156.0, 77.0, 23.831267029474269)
(156.0, 78.0, 24.203742098358489)
(156.0, 79.0, 23.763401545727639)
(156.0, 80.0, 24.666820116729809)
(156.0, 81.0, 20.782106145808044)
(156.0, 82.0, 21.460091342407054)
(156.0, 83.0, 23.67925655227425)
(156.0, 84.0, 26.217477578367333)
(156.0, 85.0, 26.214381388847837)
(156.0, 86.0, 25.784208182302507)
(156.0, 87.0, 23.509855308700303)
(156.0, 88.0, 25.399639798647897)
(156.0, 89.0, 25.249779694202019)
(156.0, 90.0, 24.793893669533936)
(156.0, 91.0, 24.739380854180915)
(156.0, 92.0, 22.600113599735923)
(156.0, 93.0, 24.592166890834655)
(156.0, 94.0, 24.083082780021353)
(156.0, 95.0, 22.022705324549545)
(156.0, 96.0, 22.997594497242275)
(156.0, 97.0, 26.246967389538511)
(156.0, 98.0, 21.647049880378226)
(156.0, 99.0, 23.535605609715908)
(156.0, 100.0, 26.098035935291218)
(156.0, 101.0, 23.421559959064815)
(156.0, 102.0, 24.712537929994575)
(156.0, 103.0, 26.474264973095593)
(156.0, 104.0, 25.199013296127614)
(156.0, 105.0, 25.70589914075774)
(156.0, 106.0, 23.632606711613349)
(156.0, 107.0, 22.663122939793571)
(156.0, 108.0, 24.656093938484425)
(156.0, 109.0, 23.166449418252405)
(156.0, 110.0, 23.86272805302913)
(156.0, 111.0, 25.153573821008614)
(156.0, 112.0, 26.934838582540763)
(156.0, 113.0, 25.800517463321409)
(156.0, 114.0, 25.442269284942007)
(156.0, 115.0, 24.668468892577149)
(156.0, 116.0, 21.682383052142011)
(156.0, 117.0, 21.665356812726618)
(156.0, 118.0, 26.096833743663318)
(156.0, 119.0, 23.774453248258592)
(156.0, 120.0, 25.167536464668675)
(156.0, 121.0, 24.194174218429659)
(156.0, 122.0, 24.932078437810965)
(156.0, 123.0, 25.886702252724433)
(156.0, 124.0, 26.386677570229264)
(156.0, 125.0, 24.826615292024677)
(156.0, 126.0, 21.73881764461812)
(156.0, 127.0, 26.071154774719396)
(156.0, 128.0, 23.70689587569959)
(156.0, 129.0, 26.024176517986298)
(156.0, 130.0, 25.170095014278157)
(156.0, 131.0, 23.909784282960768)
(156.0, 132.0, 21.793252983391071)
(156.0, 133.0, 22.048511291136268)
(156.0, 134.0, 24.872663225176279)
(156.0, 135.0, 24.271112582544767)
(156.0, 136.0, 24.842136471418492)
(156.0, 137.0, 25.064747665816974)
(156.0, 138.0, 22.333921977374018)
(156.0, 139.0, 25.705601496697525)
(156.0, 140.0, 26.644771724365096)
(156.0, 141.0, 24.624380382478577)
(156.0, 142.0, 25.227878730473101)
(156.0, 143.0, 24.799221202401149)
(156.0, 144.0, 23.307122161670254)
(156.0, 145.0, 25.664141136012375)
(156.0, 146.0, 26.777884402766418)
(156.0, 147.0, 23.475643706155228)
(156.0, 148.0, 23.801816086280262)
(156.0, 149.0, 25.437759507071092)
(156.0, 150.0, 27.780558085715178)
(156.0, 151.0, 26.546432819357232)
(156.0, 152.0, 25.587775973110862)
(156.0, 153.0, 27.357909514337422)
(156.0, 154.0, 25.89664855025455)
(156.0, 155.0, 27.310397212023354)
(156.0, 156.0, 26.065248523760825)
(156.0, 157.0, 27.678692222060786)
(156.0, 158.0, 26.482987958755988)
(156.0, 159.0, 24.588592547525089)
(156.0, 160.0, 24.141330751390441)
(156.0, 161.0, 25.463548872370161)
(156.0, 162.0, 25.31312455473671)
(156.0, 163.0, 24.232149368106626)
(156.0, 164.0, 24.528438768558722)
(156.0, 165.0, 23.537399361651275)
(156.0, 166.0, 25.124982286910146)
(156.0, 167.0, 25.117034198156979)
(156.0, 168.0, 26.414876067776145)
(156.0, 169.0, 24.752235271481371)
(156.0, 170.0, 23.686408654412116)
(156.0, 171.0, 26.074762141955656)
(156.0, 172.0, 27.211076904514712)
(156.0, 173.0, 25.575984214783805)
(156.0, 174.0, 22.536579659684371)
(156.0, 175.0, 24.978471982173094)
(156.0, 176.0, 24.665253625374184)
(156.0, 177.0, 26.261421563805161)
(156.0, 178.0, 23.798632874551039)
(156.0, 179.0, 26.118187023430522)
(156.0, 180.0, 23.442614625670718)
(156.0, 181.0, 25.100788322086764)
(156.0, 182.0, 25.103020597233158)
(156.0, 183.0, 24.447571723167719)
(156.0, 184.0, 23.209328246347638)
(156.0, 185.0, 24.192040114506113)
(156.0, 186.0, 24.406983721406171)
(156.0, 187.0, 26.572320110202835)
(156.0, 188.0, 25.790187842757405)
(156.0, 189.0, 26.765538395540887)
(156.0, 190.0, 27.008908287591588)
(156.0, 191.0, 24.489140838446428)
(156.0, 192.0, 24.00789813402714)
(156.0, 193.0, 25.564641676680523)
(156.0, 194.0, 27.158295215793764)
(156.0, 195.0, 24.548983202150815)
(156.0, 196.0, 25.65388558094374)
(156.0, 197.0, 24.097605954549188)
(156.0, 198.0, 23.512866440614022)
(156.0, 199.0, 24.510888581638152)
(157.0, 0.0, 21.914320731001506)
(157.0, 1.0, 25.58706597413412)
(157.0, 2.0, 23.382224961570149)
(157.0, 3.0, 25.988164665392365)
(157.0, 4.0, 23.506715144992551)
(157.0, 5.0, 26.328794355857717)
(157.0, 6.0, 28.526466314414627)
(157.0, 7.0, 26.442499719684143)
(157.0, 8.0, 23.076470308306916)
(157.0, 9.0, 26.775061248062752)
(157.0, 10.0, 25.279653254363694)
(157.0, 11.0, 26.246675523733902)
(157.0, 12.0, 27.607265148537383)
(157.0, 13.0, 25.594029879346216)
(157.0, 14.0, 25.408921603303149)
(157.0, 15.0, 25.440100997607626)
(157.0, 16.0, 24.285424636040997)
(157.0, 17.0, 26.121970533053474)
(157.0, 18.0, 26.185179731218089)
(157.0, 19.0, 31.164605586821512)
(157.0, 20.0, 27.058148432576655)
(157.0, 21.0, 24.652381402395321)
(157.0, 22.0, 26.153104298101269)
(157.0, 23.0, 28.239156149729933)
(157.0, 24.0, 21.019661408843156)
(157.0, 25.0, 21.088157848296039)
(157.0, 26.0, 24.793193140525851)
(157.0, 27.0, 28.675191719647668)
(157.0, 28.0, 25.790167157231529)
(157.0, 29.0, 25.51425134607107)
(157.0, 30.0, 25.257347524719254)
(157.0, 31.0, 24.254057608629147)
(157.0, 32.0, 26.044751874160845)
(157.0, 33.0, 26.365956935041119)
(157.0, 34.0, 25.969150215143344)
(157.0, 35.0, 27.381573309026777)
(157.0, 36.0, 23.073504417647843)
(157.0, 37.0, 26.677055274488993)
(157.0, 38.0, 27.187589663338148)
(157.0, 39.0, 23.623866476005745)
(157.0, 40.0, 23.710191345825677)
(157.0, 41.0, 25.424008832407853)
(157.0, 42.0, 25.649359927471977)
(157.0, 43.0, 27.291991172737539)
(157.0, 44.0, 27.63448577834853)
(157.0, 45.0, 24.75836584581991)
(157.0, 46.0, 25.221594852370629)
(157.0, 47.0, 25.252563549356275)
(157.0, 48.0, 24.860400060754085)
(157.0, 49.0, 27.700616832693587)
(157.0, 50.0, 27.425775952997057)
(157.0, 51.0, 27.799048315247212)
(157.0, 52.0, 25.021027810178079)
(157.0, 53.0, 26.58960698593215)
(157.0, 54.0, 25.506727865292262)
(157.0, 55.0, 25.411082440593351)
(157.0, 56.0, 27.604275849771344)
(157.0, 57.0, 25.805850169423003)
(157.0, 58.0, 24.960749620229389)
(157.0, 59.0, 23.064540823384704)
(157.0, 60.0, 27.0917766803544)
(157.0, 61.0, 23.055082843390267)
(157.0, 62.0, 26.245680978837907)
(157.0, 63.0, 25.044265614517908)
(157.0, 64.0, 23.812891699139097)
(157.0, 65.0, 24.423610151853111)
(157.0, 66.0, 24.763819479035178)
(157.0, 67.0, 25.27920030204594)
(157.0, 68.0, 27.546885902965407)
(157.0, 69.0, 25.791893728577875)
(157.0, 70.0, 27.691377070619041)
(157.0, 71.0, 23.429800427821775)
(157.0, 72.0, 23.354988379708413)
(157.0, 73.0, 23.416502640665819)
(157.0, 74.0, 25.276127400663498)
(157.0, 75.0, 26.359954761447938)
(157.0, 76.0, 24.066759593782646)
(157.0, 77.0, 23.001244304264198)
(157.0, 78.0, 25.768801539638073)
(157.0, 79.0, 26.068357942539009)
(157.0, 80.0, 27.199591148005151)
(157.0, 81.0, 19.081940904166274)
(157.0, 82.0, 23.291644590710973)
(157.0, 83.0, 24.184871301831478)
(157.0, 84.0, 26.85840624061926)
(157.0, 85.0, 27.613476968656968)
(157.0, 86.0, 28.274876146174847)
(157.0, 87.0, 25.789488367778915)
(157.0, 88.0, 25.211387374913457)
(157.0, 89.0, 26.381277606132993)
(157.0, 90.0, 26.666092838265815)
(157.0, 91.0, 25.691132234926755)
(157.0, 92.0, 24.195668737613246)
(157.0, 93.0, 27.456670132566224)
(157.0, 94.0, 25.211038386958659)
(157.0, 95.0, 23.97504594159674)
(157.0, 96.0, 23.897612487150127)
(157.0, 97.0, 26.234752014475216)
(157.0, 98.0, 24.15039291027654)
(157.0, 99.0, 27.545949504806707)
(157.0, 100.0, 26.821579284627379)
(157.0, 101.0, 25.441119033797477)
(157.0, 102.0, 27.652672865950365)
(157.0, 103.0, 27.625925453103974)
(157.0, 104.0, 28.056145342400825)
(157.0, 105.0, 25.773507017014648)
(157.0, 106.0, 26.563433673601331)
(157.0, 107.0, 24.046046600281077)
(157.0, 108.0, 25.56168988075548)
(157.0, 109.0, 24.962026194347878)
(157.0, 110.0, 25.442531743352575)
(157.0, 111.0, 26.880741088427879)
(157.0, 112.0, 29.280346400235608)
(157.0, 113.0, 27.150824871001902)
(157.0, 114.0, 27.787361202717605)
(157.0, 115.0, 24.877822805006115)
(157.0, 116.0, 23.884338090478895)
(157.0, 117.0, 23.432582807084316)
(157.0, 118.0, 26.632198396541398)
(157.0, 119.0, 26.534600088011956)
(157.0, 120.0, 27.755969993897658)
(157.0, 121.0, 25.704356570994481)
(157.0, 122.0, 25.079908841092344)
(157.0, 123.0, 27.243465864096684)
(157.0, 124.0, 26.736878622649087)
(157.0, 125.0, 28.407787202168876)
(157.0, 126.0, 24.48970405241041)
(157.0, 127.0, 28.31063843050832)
(157.0, 128.0, 24.471364361250686)
(157.0, 129.0, 27.399161619524858)
(157.0, 130.0, 27.111611918552683)
(157.0, 131.0, 26.384700220586396)
(157.0, 132.0, 21.858651861283768)
(157.0, 133.0, 22.644893273541285)
(157.0, 134.0, 27.48963190438511)
(157.0, 135.0, 26.260930357848295)
(157.0, 136.0, 26.9272070252544)
(157.0, 137.0, 24.671859452564163)
(157.0, 138.0, 25.008668302848996)
(157.0, 139.0, 28.230968332243584)
(157.0, 140.0, 28.880776332982091)
(157.0, 141.0, 25.501670931354528)
(157.0, 142.0, 26.387510402503345)
(157.0, 143.0, 27.448258880145872)
(157.0, 144.0, 25.738558233491631)
(157.0, 145.0, 28.696093402644163)
(157.0, 146.0, 29.093888076754087)
(157.0, 147.0, 24.651735652919328)
(157.0, 148.0, 25.318578645842784)
(157.0, 149.0, 27.221864323004397)
(157.0, 150.0, 29.960086736997432)
(157.0, 151.0, 28.582860880340274)
(157.0, 152.0, 27.429755606865854)
(157.0, 153.0, 27.465264000567394)
(157.0, 154.0, 27.069924189736309)
(157.0, 155.0, 27.221500706591033)
(157.0, 156.0, 25.562273921911249)
(157.0, 157.0, 28.568861664158529)
(157.0, 158.0, 27.69091910580163)
(157.0, 159.0, 25.680645950751526)
(157.0, 160.0, 24.084713747950445)
(157.0, 161.0, 26.871659102653194)
(157.0, 162.0, 25.908977445615676)
(157.0, 163.0, 23.711338778990978)
