(140.0, 66.0, 22.050776228156245)
(140.0, 67.0, 21.526346936030436)
(140.0, 68.0, 24.504611374498651)
(140.0, 69.0, 24.791729270896457)
(140.0, 70.0, 23.456456004652321)
(140.0, 71.0, 21.90265700870707)
(140.0, 72.0, 19.814747705790388)
(140.0, 73.0, 20.528632289217452)
(140.0, 74.0, 21.779105701533879)
(140.0, 75.0, 22.314137869261298)
(140.0, 76.0, 21.681538582777108)
(140.0, 77.0, 20.666956760573282)
(140.0, 78.0, 22.870384356661312)
(140.0, 79.0, 20.724655128726859)
(140.0, 80.0, 24.125210551351397)
(140.0, 81.0, 19.497194789836573)
(140.0, 82.0, 20.646490774344095)
(140.0, 83.0, 20.63353379288494)
(140.0, 84.0, 22.543813198935233)
(140.0, 85.0, 24.085022838755975)
(140.0, 86.0, 23.967814768244274)
(140.0, 87.0, 22.892274194660963)
(140.0, 88.0, 23.487336035097975)
(140.0, 89.0, 23.270826153684531)
(140.0, 90.0, 23.441599127545693)
(140.0, 91.0, 21.627046948359183)
(140.0, 92.0, 21.175879492754266)
(140.0, 93.0, 22.227323220724845)
(140.0, 94.0, 22.295585024619832)
(140.0, 95.0, 21.15148571311753)
(140.0, 96.0, 20.156618002201085)
(140.0, 97.0, 22.628380200367275)
(140.0, 98.0, 21.323513304602191)
(140.0, 99.0, 22.765738333060817)
(140.0, 100.0, 24.491776296375537)
(140.0, 101.0, 20.844535479812691)
(140.0, 102.0, 23.024676913148923)
(140.0, 103.0, 23.542533694245314)
(140.0, 104.0, 24.075374992315147)
(140.0, 105.0, 21.048980969577968)
(140.0, 106.0, 20.948005034532247)
(140.0, 107.0, 21.392661468394973)
(140.0, 108.0, 22.73396141959995)
(140.0, 109.0, 20.23488655957609)
(140.0, 110.0, 22.549135070909571)
(140.0, 111.0, 25.193169565142775)
(140.0, 112.0, 24.533986204667173)
(140.0, 113.0, 22.682056748799695)
(140.0, 114.0, 24.587218842067777)
(140.0, 115.0, 22.460732956642634)
(140.0, 116.0, 20.936757848123992)
(140.0, 117.0, 20.462759986582221)
(140.0, 118.0, 22.376898058714172)
(140.0, 119.0, 22.882217260685547)
(140.0, 120.0, 23.601896089535543)
(140.0, 121.0, 24.949707419691471)
(140.0, 122.0, 21.366764896511246)
(140.0, 123.0, 25.959766011100481)
(140.0, 124.0, 23.585471461456052)
(140.0, 125.0, 24.622803445854565)
(140.0, 126.0, 23.09980374931158)
(140.0, 127.0, 23.417709805651867)
(140.0, 128.0, 22.184156917499671)
(140.0, 129.0, 23.944057669171045)
(140.0, 130.0, 24.37282858964759)
(140.0, 131.0, 22.491225972386083)
(140.0, 132.0, 17.927268085343016)
(140.0, 133.0, 20.760528807072006)
(140.0, 134.0, 25.037294573136741)
(140.0, 135.0, 23.395940094918025)
(140.0, 136.0, 22.658337634210298)
(140.0, 137.0, 22.610397242881557)
(140.0, 138.0, 19.765461386873874)
(140.0, 139.0, 23.890801283029699)
(140.0, 140.0, 24.218321380370568)
(140.0, 141.0, 23.930313699509036)
(140.0, 142.0, 23.484567569827178)
(140.0, 143.0, 24.388447884125974)
(140.0, 144.0, 22.383050558963919)
(140.0, 145.0, 21.956090699447952)
(140.0, 146.0, 24.717338375336968)
(140.0, 147.0, 20.092286809543626)
(140.0, 148.0, 21.584351295429904)
(140.0, 149.0, 22.391226603508191)
(140.0, 150.0, 26.700622118640769)
(140.0, 151.0, 26.003425519645113)
(140.0, 152.0, 22.166590908089461)
(140.0, 153.0, 25.627493542168658)
(140.0, 154.0, 24.091523050052238)
(140.0, 155.0, 24.055898434348098)
(140.0, 156.0, 24.041955229602195)
(140.0, 157.0, 25.75328570310057)
(140.0, 158.0, 24.130795185679922)
(140.0, 159.0, 25.0020561245802)
(140.0, 160.0, 22.559568788958693)
(140.0, 161.0, 23.70437741566041)
(140.0, 162.0, 23.529012764794945)
(140.0, 163.0, 21.918890892377899)
(140.0, 164.0, 23.107200134155196)
(140.0, 165.0, 22.947473279732883)
(140.0, 166.0, 25.144311076895718)
(140.0, 167.0, 24.071402110642463)
(140.0, 168.0, 22.213799074900656)
(140.0, 169.0, 24.090402538679875)
(140.0, 170.0, 21.04025287509543)
(140.0, 171.0, 23.438858981763875)
(140.0, 172.0, 24.212667139264639)
(140.0, 173.0, 22.446223176619167)
(140.0, 174.0, 18.971618310619441)
(140.0, 175.0, 22.831250900132066)
(140.0, 176.0, 21.315365572982756)
(140.0, 177.0, 23.34215625910749)
(140.0, 178.0, 21.212692267124268)
(140.0, 179.0, 24.305575724118746)
(140.0, 180.0, 23.131316837692989)
(140.0, 181.0, 23.81586193922924)
(140.0, 182.0, 23.853389881236733)
(140.0, 183.0, 22.628457444329214)
(140.0, 184.0, 22.014297650230105)
(140.0, 185.0, 23.491354554103971)
(140.0, 186.0, 21.521667934503835)
(140.0, 187.0, 25.974623280421213)
(140.0, 188.0, 22.585471995868147)
(140.0, 189.0, 24.342241389279877)
(140.0, 190.0, 22.820504495708512)
(140.0, 191.0, 21.549453684332786)
(140.0, 192.0, 22.497338691915679)
(140.0, 193.0, 21.818478935186416)
(140.0, 194.0, 24.050830019581777)
(140.0, 195.0, 22.204531570831456)
(140.0, 196.0, 23.335898440255178)
(140.0, 197.0, 22.534071110929396)
(140.0, 198.0, 21.505391005287869)
(140.0, 199.0, 23.581230581602782)
(141.0, 0.0, 24.146226294418071)
(141.0, 1.0, 26.55218020439348)
(141.0, 2.0, 24.487337348897007)
(141.0, 3.0, 26.537038537580088)
(141.0, 4.0, 24.322193040847413)
(141.0, 5.0, 27.033642163692825)
(141.0, 6.0, 29.069378896464713)
(141.0, 7.0, 26.393227963187748)
(141.0, 8.0, 22.679857326784241)
(141.0, 9.0, 27.811824092597504)
(141.0, 10.0, 23.223908574636454)
(141.0, 11.0, 26.876281687926475)
(141.0, 12.0, 27.40339552321176)
(141.0, 13.0, 25.939036534679911)
(141.0, 14.0, 27.014019866228551)
(141.0, 15.0, 24.715958489584835)
(141.0, 16.0, 25.109699874748934)
(141.0, 17.0, 26.598875935197857)
(141.0, 18.0, 28.29189606324513)
(141.0, 19.0, 29.993271259650562)
(141.0, 20.0, 27.779498426649223)
(141.0, 21.0, 23.370720803034697)
(141.0, 22.0, 27.516972363159447)
(141.0, 23.0, 28.624315881431606)
(141.0, 24.0, 22.005626171322476)
(141.0, 25.0, 22.992484255795656)
(141.0, 26.0, 25.884604333436052)
(141.0, 27.0, 29.245717732981138)
(141.0, 28.0, 25.612612716286076)
(141.0, 29.0, 25.58020829747673)
(141.0, 30.0, 25.782209491511971)
(141.0, 31.0, 22.886133267397572)
(141.0, 32.0, 27.446058695063634)
(141.0, 33.0, 26.764928427413491)
(141.0, 34.0, 27.760637507917334)
(141.0, 35.0, 26.968158493424244)
(141.0, 36.0, 24.097016888622612)
(141.0, 37.0, 26.51832948203937)
(141.0, 38.0, 27.831177919089193)
(141.0, 39.0, 23.331568367524)
(141.0, 40.0, 24.247425729402146)
(141.0, 41.0, 25.886747406976941)
(141.0, 42.0, 26.230066104322884)
(141.0, 43.0, 28.113056588086476)
(141.0, 44.0, 28.510761573205798)
(141.0, 45.0, 25.520115932682803)
(141.0, 46.0, 23.173263929078303)
(141.0, 47.0, 25.859673855094776)
(141.0, 48.0, 24.376790595708261)
(141.0, 49.0, 29.700237613019365)
(141.0, 50.0, 28.885118463584085)
(141.0, 51.0, 27.626239425304888)
(141.0, 52.0, 27.712446093070948)
(141.0, 53.0, 25.947104392761744)
(141.0, 54.0, 25.377581309330353)
(141.0, 55.0, 25.749666994422174)
(141.0, 56.0, 27.439024070172781)
(141.0, 57.0, 25.689402491355899)
(141.0, 58.0, 23.633519974013815)
(141.0, 59.0, 25.264901996264996)
(141.0, 60.0, 27.514150168621065)
(141.0, 61.0, 24.863719885028861)
(141.0, 62.0, 27.206789338479382)
(141.0, 63.0, 25.992256980428323)
(141.0, 64.0, 23.853431675617813)
(141.0, 65.0, 25.275055398872333)
(141.0, 66.0, 25.909975723327072)
(141.0, 67.0, 25.324490247439915)
(141.0, 68.0, 27.808095540216272)
(141.0, 69.0, 24.854261421042963)
(141.0, 70.0, 27.187358892223649)
(141.0, 71.0, 24.768642135146095)
(141.0, 72.0, 22.840597515689112)
(141.0, 73.0, 24.668979629311927)
(141.0, 74.0, 25.124755723038771)
(141.0, 75.0, 27.214912703241644)
(141.0, 76.0, 26.06517604979522)
(141.0, 77.0, 23.216281985702054)
(141.0, 78.0, 25.618311329720591)
(141.0, 79.0, 26.347209502420288)
(141.0, 80.0, 26.925572794972819)
(141.0, 81.0, 21.866663427133055)
(141.0, 82.0, 21.690085058635141)
(141.0, 83.0, 23.902281582164534)
(141.0, 84.0, 27.801707933684586)
(141.0, 85.0, 29.86499854068375)
(141.0, 86.0, 27.103017001061758)
(141.0, 87.0, 25.010906877343125)
(141.0, 88.0, 26.153623610513883)
(141.0, 89.0, 27.329618153272488)
(141.0, 90.0, 26.807556768168919)
(141.0, 91.0, 25.773407772184015)
(141.0, 92.0, 24.44792742867968)
(141.0, 93.0, 26.02669388668571)
(141.0, 94.0, 25.918965506348968)
(141.0, 95.0, 24.660826963035788)
(141.0, 96.0, 24.256912614056134)
(141.0, 97.0, 27.43520075942585)
(141.0, 98.0, 24.974610526617024)
(141.0, 99.0, 26.943267212857084)
(141.0, 100.0, 27.665620008163977)
(141.0, 101.0, 26.077054984580705)
(141.0, 102.0, 25.504867903839223)
(141.0, 103.0, 27.049735616248689)
(141.0, 104.0, 28.873132013254029)
(141.0, 105.0, 27.277443974192455)
(141.0, 106.0, 25.134114492394239)
(141.0, 107.0, 23.418736694660723)
(141.0, 108.0, 25.4824599437909)
(141.0, 109.0, 24.73514737910445)
(141.0, 110.0, 25.235676730618781)
(141.0, 111.0, 27.497927302789947)
(141.0, 112.0, 27.938026234865415)
(141.0, 113.0, 26.75833490332106)
(141.0, 114.0, 28.259757060971786)
(141.0, 115.0, 24.635024839636735)
(141.0, 116.0, 25.417874498400991)
(141.0, 117.0, 24.36863919150132)
(141.0, 118.0, 28.495781655879945)
(141.0, 119.0, 27.059549089136031)
(141.0, 120.0, 27.806346001428828)
(141.0, 121.0, 27.186414404829399)
(141.0, 122.0, 26.022106047153329)
(141.0, 123.0, 30.682775653183565)
(141.0, 124.0, 27.528748929331197)
(141.0, 125.0, 27.624224108407894)
(141.0, 126.0, 25.127542941693644)
(141.0, 127.0, 27.322726558202476)
(141.0, 128.0, 26.525880340795545)
(141.0, 129.0, 27.321263747267974)
(141.0, 130.0, 27.785975946257047)
(141.0, 131.0, 27.02857293192595)
(141.0, 132.0, 22.562896753140564)
(141.0, 133.0, 21.369487830282399)
(141.0, 134.0, 25.875306999873096)
(141.0, 135.0, 27.234229998232166)
(141.0, 136.0, 27.043349684271377)
(141.0, 137.0, 26.385593661432814)
(141.0, 138.0, 24.690783918812127)
(141.0, 139.0, 28.651958786692806)
(141.0, 140.0, 28.75247280726143)
(141.0, 141.0, 25.734975309234351)
(141.0, 142.0, 26.389535391781635)
(141.0, 143.0, 26.725707466055823)
(141.0, 144.0, 24.963057632674552)
(141.0, 145.0, 27.520145532357976)
(141.0, 146.0, 28.395221707773)
(141.0, 147.0, 23.968018750719164)
(141.0, 148.0, 27.181506553861684)
(141.0, 149.0, 27.904133330206861)
(141.0, 150.0, 30.897420098834356)
(141.0, 151.0, 29.636902883270999)
(141.0, 152.0, 27.14224375054679)
(141.0, 153.0, 26.972448960953368)
(141.0, 154.0, 28.387985505477644)
(141.0, 155.0, 28.388436276514653)
(141.0, 156.0, 27.51443154367718)
(141.0, 157.0, 29.016495722054614)
(141.0, 158.0, 28.447484057812211)
(141.0, 159.0, 26.307951885576458)
(141.0, 160.0, 25.366688720568519)
(141.0, 161.0, 25.791692142500349)
(141.0, 162.0, 27.458913630345023)
(141.0, 163.0, 24.94224477231656)
(141.0, 164.0, 26.778708396434517)
(141.0, 165.0, 25.624194674122222)
(141.0, 166.0, 28.559587877645704)
(141.0, 167.0, 26.557630546900221)
(141.0, 168.0, 28.869589190081683)
(141.0, 169.0, 27.232833961634682)
(141.0, 170.0, 25.5070863448951)
(141.0, 171.0, 29.206631558058863)
(141.0, 172.0, 30.863971658236654)
(141.0, 173.0, 25.383746254573104)
(141.0, 174.0, 24.832386983403833)
(141.0, 175.0, 26.158557931726865)
(141.0, 176.0, 25.278788592742568)
(141.0, 177.0, 29.26662410496958)
(141.0, 178.0, 24.696286552892282)
(141.0, 179.0, 28.086942328408014)
(141.0, 180.0, 28.315320999986795)
(141.0, 181.0, 27.659531044646542)
(141.0, 182.0, 27.559836852748592)
(141.0, 183.0, 26.259876671695231)
(141.0, 184.0, 25.346215481168137)
(141.0, 185.0, 25.997578129415825)
(141.0, 186.0, 28.400067367408177)
(141.0, 187.0, 28.471479926011945)
(141.0, 188.0, 26.305747010355617)
(141.0, 189.0, 28.645040329633044)
(141.0, 190.0, 26.542770823947908)
(141.0, 191.0, 25.686787027656763)
(141.0, 192.0, 26.98139360440226)
(141.0, 193.0, 26.06284479135126)
(141.0, 194.0, 28.601356559163392)
(141.0, 195.0, 26.652024650637205)
(141.0, 196.0, 27.383558824137438)
(141.0, 197.0, 27.989583283263762)
(141.0, 198.0, 25.748911886364127)
(141.0, 199.0, 26.256978768017575)
(142.0, 0.0, 23.390626870881917)
(142.0, 1.0, 25.515620407327948)
(142.0, 2.0, 24.853807922101289)
(142.0, 3.0, 27.062662020872754)
(142.0, 4.0, 23.05700881974586)
(142.0, 5.0, 27.987153634507713)
(142.0, 6.0, 28.455571439953982)
(142.0, 7.0, 26.663182888984874)
(142.0, 8.0, 22.9559189399106)
(142.0, 9.0, 24.930295953725537)
(142.0, 10.0, 27.109693897442661)
(142.0, 11.0, 27.034300679560317)
(142.0, 12.0, 26.16272984882411)
(142.0, 13.0, 26.264404168004987)
(142.0, 14.0, 25.713273756821639)
(142.0, 15.0, 23.871660209251598)
(142.0, 16.0, 24.105485977278423)
(142.0, 17.0, 27.430168954670485)
(142.0, 18.0, 26.76248390306667)
(142.0, 19.0, 29.318582212864797)
(142.0, 20.0, 27.115115551280628)
(142.0, 21.0, 25.770897639445739)
(142.0, 22.0, 26.85888461342423)
(142.0, 23.0, 26.566470257806234)
(142.0, 24.0, 22.286201290157482)
(142.0, 25.0, 23.425294115665345)
(142.0, 26.0, 23.582050878662216)
(142.0, 27.0, 30.198655317866269)
(142.0, 28.0, 27.722975101565297)
(142.0, 29.0, 24.104740750518047)
(142.0, 30.0, 25.228245333700187)
(142.0, 31.0, 24.561319933821597)
(142.0, 32.0, 26.764443136524577)
(142.0, 33.0, 26.883245726346612)
(142.0, 34.0, 26.945050468284222)
(142.0, 35.0, 27.142795986539912)
(142.0, 36.0, 23.852726863561788)
(142.0, 37.0, 26.254575838090545)
(142.0, 38.0, 27.506259206169421)
(142.0, 39.0, 23.596357485620025)
(142.0, 40.0, 24.0880949062803)
(142.0, 41.0, 24.918452767038378)
(142.0, 42.0, 24.616921680165781)
(142.0, 43.0, 27.633900772398725)
(142.0, 44.0, 28.750147405367734)
(142.0, 45.0, 29.099489832738882)
(142.0, 46.0, 25.831894817757401)
(142.0, 47.0, 24.188226472096243)
(142.0, 48.0, 23.383805885689757)
(142.0, 49.0, 27.557143933648319)
(142.0, 50.0, 28.434620009283357)
(142.0, 51.0, 28.678700221670969)
(142.0, 52.0, 26.895676342176149)
(142.0, 53.0, 25.702275339731283)
(142.0, 54.0, 25.07945155119226)
(142.0, 55.0, 22.937831801755198)
(142.0, 56.0, 29.211271742067503)
(142.0, 57.0, 24.497282454843536)
(142.0, 58.0, 24.31141732356911)
(142.0, 59.0, 25.215185076596814)
(142.0, 60.0, 27.107147433051285)
(142.0, 61.0, 25.486853608012677)
(142.0, 62.0, 27.547383885018586)
(142.0, 63.0, 25.322326648545186)
(142.0, 64.0, 22.886440834079107)
(142.0, 65.0, 25.849309642989937)
(142.0, 66.0, 26.534728673834579)
(142.0, 67.0, 26.153894574869916)
(142.0, 68.0, 28.176287693843605)
(142.0, 69.0, 25.810218817095503)
(142.0, 70.0, 28.044429473766655)
(142.0, 71.0, 25.294974213993747)
(142.0, 72.0, 24.541076175210868)
(142.0, 73.0, 24.265541277306021)
(142.0, 74.0, 25.007225708253145)
(142.0, 75.0, 26.664669330650796)
(142.0, 76.0, 25.910254315686963)
(142.0, 77.0, 23.856031144368938)
(142.0, 78.0, 25.818955121888209)
(142.0, 79.0, 25.077895921743586)
(142.0, 80.0, 28.407841108351725)
(142.0, 81.0, 23.077138748065458)
(142.0, 82.0, 22.32595232272498)
(142.0, 83.0, 23.508647844428737)
(142.0, 84.0, 27.946234061612518)
(142.0, 85.0, 26.929944949182818)
(142.0, 86.0, 27.584568308188128)
(142.0, 87.0, 25.367313303791363)
(142.0, 88.0, 25.74114075071493)
(142.0, 89.0, 26.277242669449905)
(142.0, 90.0, 24.939102567052913)
(142.0, 91.0, 24.727943959116235)
(142.0, 92.0, 26.025101480856716)
(142.0, 93.0, 26.173117668844622)
(142.0, 94.0, 27.418469962243204)
(142.0, 95.0, 24.971415318580057)
(142.0, 96.0, 25.707153604978124)
(142.0, 97.0, 25.052521526507043)
(142.0, 98.0, 25.206617577584854)
(142.0, 99.0, 27.059246402922305)
(142.0, 100.0, 26.873200545035978)
(142.0, 101.0, 22.373998129034561)
(142.0, 102.0, 25.559671683011238)
(142.0, 103.0, 25.863584358482285)
(142.0, 104.0, 28.337790058669505)
(142.0, 105.0, 25.619817394941254)
(142.0, 106.0, 23.940174462174753)
(142.0, 107.0, 25.29264974521503)
(142.0, 108.0, 27.18360944424952)
(142.0, 109.0, 25.05254922020497)
(142.0, 110.0, 27.169732181053178)
(142.0, 111.0, 27.45237509136301)
(142.0, 112.0, 28.7754528224262)
(142.0, 113.0, 27.917432100382044)
(142.0, 114.0, 27.009175357636053)
(142.0, 115.0, 26.90472433314914)
(142.0, 116.0, 25.31223993788501)
(142.0, 117.0, 22.648776418628259)
(142.0, 118.0, 27.248153280581533)
(142.0, 119.0, 26.975530421074538)
(142.0, 120.0, 26.650547186362871)
(142.0, 121.0, 27.889333897938116)
(142.0, 122.0, 24.437638664665077)
(142.0, 123.0, 28.875838370769298)
(142.0, 124.0, 25.37443103708905)
(142.0, 125.0, 28.872021221953361)
(142.0, 126.0, 25.822098416977738)
(142.0, 127.0, 27.671478173919088)
(142.0, 128.0, 24.697413660022299)
(142.0, 129.0, 28.236138905470515)
(142.0, 130.0, 25.865860501914906)
(142.0, 131.0, 26.847255247283599)
(142.0, 132.0, 20.852616993205171)
(142.0, 133.0, 23.41430968718408)
(142.0, 134.0, 26.861112566135212)
(142.0, 135.0, 26.260740057811368)
(142.0, 136.0, 25.835406267797332)
(142.0, 137.0, 25.879105664726897)
(142.0, 138.0, 23.682340690406495)
(142.0, 139.0, 29.574705934798821)
(142.0, 140.0, 26.999763086493967)
(142.0, 141.0, 26.967519908884135)
(142.0, 142.0, 26.261117095693777)
(142.0, 143.0, 28.144047663039196)
(142.0, 144.0, 24.756874789604886)
(142.0, 145.0, 25.237235608412306)
(142.0, 146.0, 28.058080658664782)
(142.0, 147.0, 23.405415214624149)
(142.0, 148.0, 24.59856453622686)
(142.0, 149.0, 25.505053835450365)
(142.0, 150.0, 26.871929185085975)
(142.0, 151.0, 28.945082311101764)
(142.0, 152.0, 26.898775185065624)
(142.0, 153.0, 25.876107329172058)
(142.0, 154.0, 26.874803634393448)
(142.0, 155.0, 26.701144805884638)
(142.0, 156.0, 27.379873058071404)
(142.0, 157.0, 29.103660106932367)
(142.0, 158.0, 28.323519741585098)
(142.0, 159.0, 27.431509014160419)
(142.0, 160.0, 26.086919885419437)
(142.0, 161.0, 26.488823966786459)
(142.0, 162.0, 26.587999779719812)
(142.0, 163.0, 22.850611853796945)
(142.0, 164.0, 26.607307108381239)
(142.0, 165.0, 27.918209760828915)
(142.0, 166.0, 27.459982414166923)
(142.0, 167.0, 24.956987163023175)
(142.0, 168.0, 25.12952529493678)
(142.0, 169.0, 25.882263433196727)
(142.0, 170.0, 24.525576583789586)
(142.0, 171.0, 27.852034919939936)
(142.0, 172.0, 29.157422787949734)
(142.0, 173.0, 25.669403471701191)
(142.0, 174.0, 22.943195661775864)
(142.0, 175.0, 27.13437119267293)
(142.0, 176.0, 26.943425806468902)
(142.0, 177.0, 25.820843971820342)
(142.0, 178.0, 22.780984612158406)
(142.0, 179.0, 27.348421773931946)
(142.0, 180.0, 26.740919371904933)
(142.0, 181.0, 24.430828508655065)
(142.0, 182.0, 26.357165392617055)
(142.0, 183.0, 26.002714914354364)
(142.0, 184.0, 23.880566747543199)
(142.0, 185.0, 25.960606942799533)
(142.0, 186.0, 25.722731715924734)
(142.0, 187.0, 28.709462765299588)
(142.0, 188.0, 26.204992071983291)
(142.0, 189.0, 28.412873542518014)
(142.0, 190.0, 27.777925148599522)
(142.0, 191.0, 24.560901524205953)
(142.0, 192.0, 26.337679822737051)
(142.0, 193.0, 25.31866889182357)
(142.0, 194.0, 26.045474607389796)
(142.0, 195.0, 26.853172877212653)
(142.0, 196.0, 27.633671188033343)
(142.0, 197.0, 26.80996568162757)
(142.0, 198.0, 24.743373142700921)
(142.0, 199.0, 27.811347099293727)
(143.0, 0.0, 21.324842103600275)
(143.0, 1.0, 23.902195620309776)
(143.0, 2.0, 24.244137422644762)
(143.0, 3.0, 25.403639392598485)
(143.0, 4.0, 23.29367248756645)
(143.0, 5.0, 24.562221562875521)
(143.0, 6.0, 28.470986359828046)
(143.0, 7.0, 26.875814855808585)
(143.0, 8.0, 21.956739997587924)
(143.0, 9.0, 26.21285020430965)
(143.0, 10.0, 25.297745154230171)
(143.0, 11.0, 25.71832471827878)
(143.0, 12.0, 26.791856413061701)
(143.0, 13.0, 25.774442050367483)
(143.0, 14.0, 25.697123587831793)
(143.0, 15.0, 23.558146042451785)
(143.0, 16.0, 22.646512884428383)
(143.0, 17.0, 25.373616315723336)
(143.0, 18.0, 25.581119653141414)
(143.0, 19.0, 28.857891155114164)
(143.0, 20.0, 25.157521939084234)
(143.0, 21.0, 24.82845426968057)
(143.0, 22.0, 26.272819647389205)
(143.0, 23.0, 26.693266468424255)
(143.0, 24.0, 21.99028306083985)
(143.0, 25.0, 20.69542800687546)
(143.0, 26.0, 23.555264413084011)
(143.0, 27.0, 27.73786523485068)
(143.0, 28.0, 24.444330281525545)
(143.0, 29.0, 25.082375758782732)
(143.0, 30.0, 23.466379414401111)
(143.0, 31.0, 24.52961603440226)
(143.0, 32.0, 25.266852349669726)
(143.0, 33.0, 26.093027666885568)
(143.0, 34.0, 25.52309579262235)
(143.0, 35.0, 26.477905093838867)
(143.0, 36.0, 22.772114062265157)
(143.0, 37.0, 25.312921144286936)
(143.0, 38.0, 26.966297815009263)
(143.0, 39.0, 24.016654668887437)
(143.0, 40.0, 23.781551470440743)
(143.0, 41.0, 24.713951774132038)
(143.0, 42.0, 24.626366086778717)
(143.0, 43.0, 25.805044441136474)
(143.0, 44.0, 28.442435372105724)
(143.0, 45.0, 27.42636466493958)
(143.0, 46.0, 24.440754781931162)
(143.0, 47.0, 23.316352611892668)
(143.0, 48.0, 23.727611750493935)
(143.0, 49.0, 27.788269021308722)
(143.0, 50.0, 28.701322648097282)
(143.0, 51.0, 26.797650071526224)
(143.0, 52.0, 25.843246511003183)
(143.0, 53.0, 24.974304041737195)
(143.0, 54.0, 24.111187369027334)
(143.0, 55.0, 23.50539546160693)
(143.0, 56.0, 26.434741629787503)
(143.0, 57.0, 24.687076377658606)
(143.0, 58.0, 24.939148148600275)
(143.0, 59.0, 24.138671282646413)
(143.0, 60.0, 24.65235654427515)
(143.0, 61.0, 23.29261664157649)
(143.0, 62.0, 26.727953325940501)
(143.0, 63.0, 25.153356977574223)
(143.0, 64.0, 24.782121900961741)
(143.0, 65.0, 24.209836392915129)
(143.0, 66.0, 24.794037429758646)
(143.0, 67.0, 23.415904545246789)
(143.0, 68.0, 26.499281040272141)
(143.0, 69.0, 23.727500488355716)
(143.0, 70.0, 27.976350977923207)
(143.0, 71.0, 23.729635921311903)
(143.0, 72.0, 23.484120830121633)
(143.0, 73.0, 22.657170768005749)
(143.0, 74.0, 24.13783698988421)
(143.0, 75.0, 28.069891578211948)
(143.0, 76.0, 23.656497908962223)
(143.0, 77.0, 23.876208240600217)
(143.0, 78.0, 25.806554377430516)
(143.0, 79.0, 25.638722615951188)
(143.0, 80.0, 26.500753142382823)
(143.0, 81.0, 21.084167482786686)
(143.0, 82.0, 22.096059214475527)
(143.0, 83.0, 22.52808470531199)
(143.0, 84.0, 27.262573770610871)
(143.0, 85.0, 27.650054607356907)
(143.0, 86.0, 26.393047537167121)
(143.0, 87.0, 25.601120140682688)
(143.0, 88.0, 25.411826355127261)
(143.0, 89.0, 26.023022186597892)
(143.0, 90.0, 25.67927435741354)
(143.0, 91.0, 24.012587702068156)
(143.0, 92.0, 24.926020681353958)
(143.0, 93.0, 25.506154613863099)
(143.0, 94.0, 25.906745148059347)
(143.0, 95.0, 23.327749761386503)
(143.0, 96.0, 23.479101389202096)
(143.0, 97.0, 25.212400571485883)
(143.0, 98.0, 24.406757139673303)
(143.0, 99.0, 26.432518713800288)
(143.0, 100.0, 27.21491786178024)
(143.0, 101.0, 24.220469860164616)
(143.0, 102.0, 25.205652410147373)
(143.0, 103.0, 25.268107363346694)
(143.0, 104.0, 27.866169998927845)
(143.0, 105.0, 25.388852664671919)
(143.0, 106.0, 24.398806913296148)
(143.0, 107.0, 22.765919637416658)
(143.0, 108.0, 24.162793786344576)
(143.0, 109.0, 24.245062586132811)
(143.0, 110.0, 25.739990094721108)
(143.0, 111.0, 26.63136828702126)
(143.0, 112.0, 28.396144860583377)
(143.0, 113.0, 26.353375103004218)
(143.0, 114.0, 27.081654775115314)
(143.0, 115.0, 24.210836370965421)
(143.0, 116.0, 23.334712826738727)
(143.0, 117.0, 23.420680852261025)
(143.0, 118.0, 25.652806394282205)
(143.0, 119.0, 26.814959961758365)
(143.0, 120.0, 26.056566046443479)
(143.0, 121.0, 27.514607209399763)
(143.0, 122.0, 24.21214592570221)
(143.0, 123.0, 28.079979710585256)
(143.0, 124.0, 26.220067405815271)
(143.0, 125.0, 25.878555292490063)
(143.0, 126.0, 23.318799879647539)
(143.0, 127.0, 26.263634326255321)
(143.0, 128.0, 24.017785002218222)
(143.0, 129.0, 26.968938918442305)
(143.0, 130.0, 25.457208965249851)
(143.0, 131.0, 25.820977388456189)
(143.0, 132.0, 20.869773500156882)
(143.0, 133.0, 23.524695820433369)
(143.0, 134.0, 25.703500065565663)
(143.0, 135.0, 24.537739575710511)
(143.0, 136.0, 23.844937547513204)
(143.0, 137.0, 24.136100290583393)
(143.0, 138.0, 22.675395376689199)
(143.0, 139.0, 26.903034512505897)
(143.0, 140.0, 27.566834999522307)
(143.0, 141.0, 24.38329829932665)
(143.0, 142.0, 24.288007267459484)
(143.0, 143.0, 25.763118324666404)
(143.0, 144.0, 24.712619896684121)
(143.0, 145.0, 25.551840882756419)
(143.0, 146.0, 27.997766317324071)
(143.0, 147.0, 23.763063001427383)
(143.0, 148.0, 24.793802600021294)
(143.0, 149.0, 27.593408320613506)
(143.0, 150.0, 29.493066657404096)
(143.0, 151.0, 28.949894041082842)
(143.0, 152.0, 25.994312059849577)
(143.0, 153.0, 25.180812398574925)
(143.0, 154.0, 27.092249423516549)
(143.0, 155.0, 26.915976120256644)
(143.0, 156.0, 24.536597637258858)
(143.0, 157.0, 26.527482774998248)
(143.0, 158.0, 26.371260487572215)
(143.0, 159.0, 26.426446124245171)
(143.0, 160.0, 23.605570005524921)
(143.0, 161.0, 25.896233222961982)
(143.0, 162.0, 27.197180591440052)
(143.0, 163.0, 22.490719032551244)
(143.0, 164.0, 24.558379427513476)
(143.0, 165.0, 24.92138525708782)
(143.0, 166.0, 26.299747758761612)
(143.0, 167.0, 25.157370451726031)
(143.0, 168.0, 24.872298157086558)
(143.0, 169.0, 25.784833828466745)
(143.0, 170.0, 23.150985252315326)
(143.0, 171.0, 26.750192355869395)
(143.0, 172.0, 27.443174282347851)
(143.0, 173.0, 23.905071445006598)
(143.0, 174.0, 23.967615052979276)
(143.0, 175.0, 25.685588470641619)
(143.0, 176.0, 23.334902863106247)
(143.0, 177.0, 27.42551256910167)
(143.0, 178.0, 23.829927218313081)
(143.0, 179.0, 27.059294098934487)
(143.0, 180.0, 26.042044853952344)
(143.0, 181.0, 26.731592088701905)
(143.0, 182.0, 27.502738818603063)
(143.0, 183.0, 24.923101676984132)
(143.0, 184.0, 24.029499740342956)
(143.0, 185.0, 25.409810124673069)
(143.0, 186.0, 24.957104760089404)
(143.0, 187.0, 28.645218969620608)
(143.0, 188.0, 25.062610332921622)
(143.0, 189.0, 28.841650920037406)
(143.0, 190.0, 26.714344578615851)
(143.0, 191.0, 24.618378228915162)
(143.0, 192.0, 25.694656778357349)
(143.0, 193.0, 25.353522146196315)
(143.0, 194.0, 26.272873164085802)
(143.0, 195.0, 24.775330326347103)
(143.0, 196.0, 26.218056258647092)
(143.0, 197.0, 26.149700921609458)
(143.0, 198.0, 23.935789746729551)
(143.0, 199.0, 25.063307144245041)
(144.0, 0.0, 20.52936545057711)
(144.0, 1.0, 23.519561833749329)
(144.0, 2.0, 23.098835181904978)
(144.0, 3.0, 24.938473778898185)
(144.0, 4.0, 21.996134173496849)
(144.0, 5.0, 25.154194577651175)
(144.0, 6.0, 26.2731517546469)
(144.0, 7.0, 25.001982155197791)
(144.0, 8.0, 21.826674597703068)
(144.0, 9.0, 24.22955781991152)
(144.0, 10.0, 23.095142917373995)
(144.0, 11.0, 26.026760222342318)
(144.0, 12.0, 23.653363889139456)
(144.0, 13.0, 24.777993184295397)
(144.0, 14.0, 24.455565331697052)
(144.0, 15.0, 22.639975504647474)
(144.0, 16.0, 22.489904888666874)
(144.0, 17.0, 25.660376323341296)
(144.0, 18.0, 23.632243022541012)
(144.0, 19.0, 26.338318521342241)
(144.0, 20.0, 24.765939398456108)
(144.0, 21.0, 24.047313836911034)
(144.0, 22.0, 26.133615675536749)
(144.0, 23.0, 25.897725012648252)
(144.0, 24.0, 18.084707232620964)
(144.0, 25.0, 21.575098197269785)
(144.0, 26.0, 22.362885383329036)
(144.0, 27.0, 27.560058635959308)
(144.0, 28.0, 26.462924938791957)
(144.0, 29.0, 23.488506166464926)
(144.0, 30.0, 23.472672830430604)
(144.0, 31.0, 21.927164804268944)
(144.0, 32.0, 25.569884094694036)
(144.0, 33.0, 23.325598588842702)
(144.0, 34.0, 23.535353071146268)
(144.0, 35.0, 24.491268684946196)
(144.0, 36.0, 21.17452000069262)
(144.0, 37.0, 25.723514406700243)
(144.0, 38.0, 25.934324870946554)
(144.0, 39.0, 21.270750317090286)
(144.0, 40.0, 22.700409480752853)
(144.0, 41.0, 24.155437559146311)
(144.0, 42.0, 23.816271196643495)
(144.0, 43.0, 24.726829773249058)
(144.0, 44.0, 28.315540065797258)
(144.0, 45.0, 27.031914514031929)
(144.0, 46.0, 25.575684124308811)
(144.0, 47.0, 25.09397168504934)
(144.0, 48.0, 21.925789471808734)
(144.0, 49.0, 25.974659939814359)
(144.0, 50.0, 24.963863815415738)
(144.0, 51.0, 25.85533488148582)
(144.0, 52.0, 25.582851484927914)
(144.0, 53.0, 24.15056416454815)
(144.0, 54.0, 21.856411555619317)
(144.0, 55.0, 23.987338768169046)
(144.0, 56.0, 24.868941552563669)
(144.0, 57.0, 24.231802658563005)
(144.0, 58.0, 23.729744108682958)
(144.0, 59.0, 24.584080983399808)
(144.0, 60.0, 26.253575319904613)
(144.0, 61.0, 22.508951182097139)
(144.0, 62.0, 24.796551569481267)
(144.0, 63.0, 24.088072651351347)
(144.0, 64.0, 22.358046616088536)
(144.0, 65.0, 24.824177699501767)
(144.0, 66.0, 24.090220510063769)
(144.0, 67.0, 24.402635835840556)
(144.0, 68.0, 25.663002594336135)
(144.0, 69.0, 24.774198233307001)
(144.0, 70.0, 26.018991179032795)
(144.0, 71.0, 22.825706008951656)
(144.0, 72.0, 22.94513617020219)
(144.0, 73.0, 24.750110043503639)
(144.0, 74.0, 23.106087270538627)
(144.0, 75.0, 26.307664883390562)
(144.0, 76.0, 24.251637377656571)
(144.0, 77.0, 21.115452148149423)
(144.0, 78.0, 23.54469835546108)
(144.0, 79.0, 23.967880502790916)
(144.0, 80.0, 26.201404923595661)
(144.0, 81.0, 20.90781765130469)
(144.0, 82.0, 20.40856088691114)
(144.0, 83.0, 23.20836438021955)
(144.0, 84.0, 26.523563721881732)
(144.0, 85.0, 24.981875333742391)
(144.0, 86.0, 24.963214101255819)
(144.0, 87.0, 23.037806042542641)
(144.0, 88.0, 27.425534400545676)
(144.0, 89.0, 26.142202026472056)
(144.0, 90.0, 23.272518769193397)
(144.0, 91.0, 23.072678687890221)
(144.0, 92.0, 21.930538272027121)
(144.0, 93.0, 25.677540199983643)
(144.0, 94.0, 25.551231968445315)
(144.0, 95.0, 23.570273820589573)
(144.0, 96.0, 22.860061437813474)
(144.0, 97.0, 24.601618060477229)
(144.0, 98.0, 23.617065559869474)
(144.0, 99.0, 25.132058780091398)
(144.0, 100.0, 25.594470031863576)
(144.0, 101.0, 21.253338849255059)
(144.0, 102.0, 26.110699641373518)
(144.0, 103.0, 25.689852519358769)
(144.0, 104.0, 26.50411660809884)
(144.0, 105.0, 23.701146350961825)
(144.0, 106.0, 24.631920902859594)
(144.0, 107.0, 23.528859898690779)
(144.0, 108.0, 24.689859341071624)
(144.0, 109.0, 23.920463032219978)
(144.0, 110.0, 25.210381602572575)
(144.0, 111.0, 24.917738108027539)
(144.0, 112.0, 27.041565206465147)
(144.0, 113.0, 24.976171709583966)
(144.0, 114.0, 26.843909002799968)
(144.0, 115.0, 24.420793616826753)
(144.0, 116.0, 22.365983206723147)
(144.0, 117.0, 19.912162533141107)
(144.0, 118.0, 25.518026626080236)
(144.0, 119.0, 25.052747511170207)
(144.0, 120.0, 26.136086545469027)
(144.0, 121.0, 24.216904034996055)
(144.0, 122.0, 24.273902492170606)
(144.0, 123.0, 27.242964625495997)
(144.0, 124.0, 25.047800011518596)
(144.0, 125.0, 25.535212418413071)
(144.0, 126.0, 23.282436844457074)
(144.0, 127.0, 24.852326924953992)
(144.0, 128.0, 24.697760725080666)
(144.0, 129.0, 26.636115519107243)
(144.0, 130.0, 23.649239656776235)
(144.0, 131.0, 23.406490156538958)
(144.0, 132.0, 21.741061201129597)
(144.0, 133.0, 22.941042751414422)
(144.0, 134.0, 25.245112239202768)
(144.0, 135.0, 24.555728905865184)
(144.0, 136.0, 25.759262531600758)
(144.0, 137.0, 24.767094331667106)
(144.0, 138.0, 21.848138204635006)
(144.0, 139.0, 26.22169406298066)
(144.0, 140.0, 26.658353795849614)
(144.0, 141.0, 23.520667580754285)
(144.0, 142.0, 26.089040483326151)
(144.0, 143.0, 25.548834358819306)
(144.0, 144.0, 24.119051908076738)
(144.0, 145.0, 25.096293783159023)
(144.0, 146.0, 28.56561852977908)
(144.0, 147.0, 22.565986101397108)
(144.0, 148.0, 22.69832304490129)
(144.0, 149.0, 23.710181254793063)
(144.0, 150.0, 27.673834868500464)
(144.0, 151.0, 26.944802982217613)
(144.0, 152.0, 23.043540978279012)
(144.0, 153.0, 26.780454471599164)
(144.0, 154.0, 25.029175003814267)
(144.0, 155.0, 24.260475953583821)
(144.0, 156.0, 25.487743481249218)
(144.0, 157.0, 28.42034488257454)
(144.0, 158.0, 26.200190245233813)
(144.0, 159.0, 25.090351598161568)
(144.0, 160.0, 25.333944893970255)
(144.0, 161.0, 25.337971576796733)
(144.0, 162.0, 25.648085129794449)
(144.0, 163.0, 22.920870288167752)
(144.0, 164.0, 23.926953632613948)
(144.0, 165.0, 24.000067423619452)
(144.0, 166.0, 24.925340979069503)
(144.0, 167.0, 24.708474493549325)
(144.0, 168.0, 24.560959084745033)
(144.0, 169.0, 25.255410888392362)
(144.0, 170.0, 23.510437612252012)
(144.0, 171.0, 25.568307722467292)
(144.0, 172.0, 27.242346287264819)
(144.0, 173.0, 25.43175015138392)
(144.0, 174.0, 21.68087470462779)
(144.0, 175.0, 26.546767236152021)
(144.0, 176.0, 22.365369655791842)
(144.0, 177.0, 26.271955236895685)
(144.0, 178.0, 22.476230121282793)
(144.0, 179.0, 26.388454731261898)
(144.0, 180.0, 24.811012323322252)
(144.0, 181.0, 26.097381052710418)
(144.0, 182.0, 24.790139180894748)
(144.0, 183.0, 23.279621886480633)
(144.0, 184.0, 23.982854107781939)
(144.0, 185.0, 24.171877087297464)
(144.0, 186.0, 22.702996101710237)
(144.0, 187.0, 26.862013977451138)
(144.0, 188.0, 24.275567829981163)
(144.0, 189.0, 26.66672939443076)
(144.0, 190.0, 25.625301539005982)
(144.0, 191.0, 23.503085177040951)
(144.0, 192.0, 25.753273764442362)
(144.0, 193.0, 24.551672406339392)
(144.0, 194.0, 25.947673594479287)
(144.0, 195.0, 25.851948489422483)
(144.0, 196.0, 24.964629140821206)
(144.0, 197.0, 25.398306418526268)
(144.0, 198.0, 23.814899021172753)
(144.0, 199.0, 24.298979135071811)
(145.0, 0.0, 23.694471349647841)
(145.0, 1.0, 25.349634802474146)
(145.0, 2.0, 25.636332654680814)
(145.0, 3.0, 28.367945826652498)
(145.0, 4.0, 26.147442112723748)
(145.0, 5.0, 26.120618334254523)
(145.0, 6.0, 30.296763721712534)
(145.0, 7.0, 29.106399426463089)
(145.0, 8.0, 23.711955896193164)
(145.0, 9.0, 26.26447158030976)
(145.0, 10.0, 26.214036089319489)
(145.0, 11.0, 28.768512089386419)
(145.0, 12.0, 26.259511460638674)
(145.0, 13.0, 27.960502083307325)
(145.0, 14.0, 26.676262235743742)
(145.0, 15.0, 24.142601586753582)
(145.0, 16.0, 25.676119059483547)
(145.0, 17.0, 28.449122750849135)
(145.0, 18.0, 29.140426452623188)
(145.0, 19.0, 31.296783252578216)
(145.0, 20.0, 28.01772408286411)
(145.0, 21.0, 25.685413622214625)
(145.0, 22.0, 30.685206556173529)
(145.0, 23.0, 28.701601741391023)
(145.0, 24.0, 21.299638852576024)
(145.0, 25.0, 20.483629684957133)
(145.0, 26.0, 24.206336538802375)
(145.0, 27.0, 30.269030697217282)
(145.0, 28.0, 28.45563056941516)
(145.0, 29.0, 27.427393407153478)
(145.0, 30.0, 26.026168330056223)
(145.0, 31.0, 24.363328097813138)
(145.0, 32.0, 27.385771872391313)
(145.0, 33.0, 27.80754281962977)
(145.0, 34.0, 26.93951336762381)
(145.0, 35.0, 27.555594795541243)
(145.0, 36.0, 25.187814012561219)
(145.0, 37.0, 29.925248181228302)
(145.0, 38.0, 31.249610515960022)
(145.0, 39.0, 25.084870382020462)
(145.0, 40.0, 24.94123513246933)
(145.0, 41.0, 25.821158807721993)
(145.0, 42.0, 25.446942632941955)
(145.0, 43.0, 28.352503585768176)
(145.0, 44.0, 32.127131604298661)
(145.0, 45.0, 29.79898985988341)
(145.0, 46.0, 27.736017369348858)
(145.0, 47.0, 26.140210954857185)
(145.0, 48.0, 25.600434981962064)
(145.0, 49.0, 30.032766477333816)
(145.0, 50.0, 30.637708151705972)
(145.0, 51.0, 28.552153768281809)
(145.0, 52.0, 27.907674387616016)
(145.0, 53.0, 27.90576343133425)
(145.0, 54.0, 27.848423981909782)
(145.0, 55.0, 25.423596019147627)
(145.0, 56.0, 27.89838285420619)
(145.0, 57.0, 26.789586993166509)
(145.0, 58.0, 25.555046027463842)
(145.0, 59.0, 27.410784603582758)
(145.0, 60.0, 28.848687923901313)
(145.0, 61.0, 26.620331081108095)
(145.0, 62.0, 25.75032310600881)
(145.0, 63.0, 26.49975234980387)
(145.0, 64.0, 24.883421030975839)
(145.0, 65.0, 26.050212453722825)
(145.0, 66.0, 28.072197044121694)
(145.0, 67.0, 28.215520559097921)
(145.0, 68.0, 29.317073086944905)
(145.0, 69.0, 28.151374743561711)
(145.0, 70.0, 28.789114561203327)
(145.0, 71.0, 27.691414445606064)
(145.0, 72.0, 23.993738019425248)
(145.0, 73.0, 24.45432721095294)
(145.0, 74.0, 26.468065132148048)
(145.0, 75.0, 28.409825651564717)
(145.0, 76.0, 28.514551896048403)
(145.0, 77.0, 25.32580361324657)
(145.0, 78.0, 26.625258415645462)
(145.0, 79.0, 27.101296927803411)
(145.0, 80.0, 29.730498277307436)
(145.0, 81.0, 23.833309614494357)
(145.0, 82.0, 22.887149318159189)
(145.0, 83.0, 25.733567843024815)
(145.0, 84.0, 29.673423492731338)
(145.0, 85.0, 28.80943695551003)
(145.0, 86.0, 27.787621712685141)
(145.0, 87.0, 27.357254001350505)
(145.0, 88.0, 26.634432776624053)
(145.0, 89.0, 28.955215207449918)
(145.0, 90.0, 25.640502018654971)
(145.0, 91.0, 26.029609126004353)
(145.0, 92.0, 25.76542752160276)
(145.0, 93.0, 26.621449850375292)
(145.0, 94.0, 27.99415077094239)
(145.0, 95.0, 25.875533219441287)
(145.0, 96.0, 23.98396703983105)
(145.0, 97.0, 26.735436188457665)
(145.0, 98.0, 24.970132433894612)
(145.0, 99.0, 27.482314780087375)
(145.0, 100.0, 27.816301160442197)
(145.0, 101.0, 27.477381887050516)
(145.0, 102.0, 28.193750557562588)
(145.0, 103.0, 30.122150204231879)
(145.0, 104.0, 29.41635239321403)
(145.0, 105.0, 27.313781351440319)
(145.0, 106.0, 27.780944188939642)
(145.0, 107.0, 26.025370195571146)
(145.0, 108.0, 28.024577176147822)
(145.0, 109.0, 24.672230568713662)
(145.0, 110.0, 25.96610817477821)
(145.0, 111.0, 28.77752177212027)
(145.0, 112.0, 30.540041969367923)
(145.0, 113.0, 27.947985273339128)
(145.0, 114.0, 28.908106699181374)
(145.0, 115.0, 30.153516256578708)
(145.0, 116.0, 26.229010275237478)
(145.0, 117.0, 24.740945941029675)
(145.0, 118.0, 28.967364558518625)
(145.0, 119.0, 27.148522313817484)
(145.0, 120.0, 28.566646575726935)
(145.0, 121.0, 30.91330429683644)
(145.0, 122.0, 26.427072993950929)
(145.0, 123.0, 31.645112637137295)
(145.0, 124.0, 28.161021529947366)
(145.0, 125.0, 29.729598835486783)
(145.0, 126.0, 26.258656510367206)
(145.0, 127.0, 29.249923749244893)
(145.0, 128.0, 26.650237237393902)
(145.0, 129.0, 29.726770478660224)
(145.0, 130.0, 27.707860585718564)
(145.0, 131.0, 26.307717960777989)
(145.0, 132.0, 23.126861806047362)
(145.0, 133.0, 25.594035792428176)
(145.0, 134.0, 28.580957953966944)
(145.0, 135.0, 27.394518750491368)
(145.0, 136.0, 28.221223132664061)
(145.0, 137.0, 28.617192729446401)
(145.0, 138.0, 24.290998416940614)
(145.0, 139.0, 29.63189599990389)
(145.0, 140.0, 31.027067937532259)
(145.0, 141.0, 26.075952307823414)
(145.0, 142.0, 28.977585174220458)
(145.0, 143.0, 28.893567016104981)
(145.0, 144.0, 26.750296365655608)
(145.0, 145.0, 28.916764434637628)
(145.0, 146.0, 29.20421283765635)
(145.0, 147.0, 25.052355956457141)
(145.0, 148.0, 25.513433925168847)
(145.0, 149.0, 28.699831314552618)
(145.0, 150.0, 29.568673017137804)
(145.0, 151.0, 32.209363393638284)
(145.0, 152.0, 26.499654249099063)
(145.0, 153.0, 28.261639428824132)
(145.0, 154.0, 28.289625008605377)
(145.0, 155.0, 28.72525847014283)
(145.0, 156.0, 27.501414776762847)
(145.0, 157.0, 29.849655641996215)
(145.0, 158.0, 30.524642220390078)
(145.0, 159.0, 29.399351501029049)
(145.0, 160.0, 26.481768447240047)
(145.0, 161.0, 27.569985081584196)
(145.0, 162.0, 27.727356051879404)
(145.0, 163.0, 26.208730221024727)
(145.0, 164.0, 27.958145096214864)
(145.0, 165.0, 27.562719523526447)
(145.0, 166.0, 28.008804588114632)
(145.0, 167.0, 27.562123062510153)
(145.0, 168.0, 28.862479874143279)
(145.0, 169.0, 27.437893903286223)
(145.0, 170.0, 25.155100341816365)
(145.0, 171.0, 30.590003989057585)
(145.0, 172.0, 29.942342443280729)
(145.0, 173.0, 29.160184653322233)
(145.0, 174.0, 23.926373961826229)
(145.0, 175.0, 28.876585184178104)
(145.0, 176.0, 25.498717412151677)
(145.0, 177.0, 29.146568737566326)
(145.0, 178.0, 25.452921309113183)
(145.0, 179.0, 27.966386840391174)
(145.0, 180.0, 28.765866362339729)
(145.0, 181.0, 28.12886830161678)
(145.0, 182.0, 28.112454795023883)
(145.0, 183.0, 28.23887161567648)
(145.0, 184.0, 25.551200574808966)
(145.0, 185.0, 28.53576776741388)
(145.0, 186.0, 24.947367825266785)
(145.0, 187.0, 30.70093503431324)
(145.0, 188.0, 25.003788374023685)
(145.0, 189.0, 29.579458238009966)
(145.0, 190.0, 29.184577767150699)
(145.0, 191.0, 26.276929729518212)
(145.0, 192.0, 27.745282563173085)
(145.0, 193.0, 28.326105894078722)
(145.0, 194.0, 30.241723037778492)
(145.0, 195.0, 26.512675844003255)
(145.0, 196.0, 28.835372046839893)
(145.0, 197.0, 27.142672619575396)
(145.0, 198.0, 24.501064334558272)
(145.0, 199.0, 27.545270595975264)
(146.0, 0.0, 20.19533950639029)
(146.0, 1.0, 25.809892651085018)
(146.0, 2.0, 22.06285545894346)
(146.0, 3.0, 23.784789126973052)
(146.0, 4.0, 23.646043641003807)
(146.0, 5.0, 24.335585665304144)
(146.0, 6.0, 25.653823562809681)
(146.0, 7.0, 25.93069552677256)
(146.0, 8.0, 20.63419130121774)
(146.0, 9.0, 26.061147471721064)
(146.0, 10.0, 23.968260710012757)
(146.0, 11.0, 26.491660619747613)
(146.0, 12.0, 25.385895698887737)
(146.0, 13.0, 24.957918249482706)
(146.0, 14.0, 25.410106183262386)
(146.0, 15.0, 24.984963970032528)
(146.0, 16.0, 24.368895764379303)
(146.0, 17.0, 25.300429606807864)
(146.0, 18.0, 24.704719747691925)
(146.0, 19.0, 27.952516487793343)
(146.0, 20.0, 24.164802902766411)
(146.0, 21.0, 24.075818972306472)
(146.0, 22.0, 26.37941863408367)
(146.0, 23.0, 27.774335331711793)
(146.0, 24.0, 20.481946066954855)
(146.0, 25.0, 21.058486166023602)
(146.0, 26.0, 22.83967217568976)
(146.0, 27.0, 27.247128694665971)
(146.0, 28.0, 26.025758591603722)
(146.0, 29.0, 23.74492157270922)
(146.0, 30.0, 25.149847359455187)
(146.0, 31.0, 23.147229583783997)
(146.0, 32.0, 25.739666137175831)
(146.0, 33.0, 23.364033931710633)
(146.0, 34.0, 25.150057474458421)
(146.0, 35.0, 24.633053904152959)
(146.0, 36.0, 22.4174487094635)
(146.0, 37.0, 24.113873853575146)
(146.0, 38.0, 25.517387067380287)
(146.0, 39.0, 23.253907082175445)
(146.0, 40.0, 23.416243490869643)
(146.0, 41.0, 24.480097771381786)
(146.0, 42.0, 23.507399214377948)
(146.0, 43.0, 27.149547944438957)
(146.0, 44.0, 29.469724272344436)
(146.0, 45.0, 23.513121801847671)
(146.0, 46.0, 25.134471585263597)
(146.0, 47.0, 23.97596680169816)
(146.0, 48.0, 24.342816907884707)
(146.0, 49.0, 26.782546784307709)
(146.0, 50.0, 28.238254669963673)
(146.0, 51.0, 27.302731630931074)
(146.0, 52.0, 24.962822693908688)
(146.0, 53.0, 23.258252311704705)
(146.0, 54.0, 23.553306777981085)
(146.0, 55.0, 24.434423277136457)
(146.0, 56.0, 25.91001793187284)
(146.0, 57.0, 23.804534345861352)
(146.0, 58.0, 22.912624150589956)
(146.0, 59.0, 25.47719282654262)
(146.0, 60.0, 25.96504966751025)
(146.0, 61.0, 22.276582445472052)
(146.0, 62.0, 25.799401855337262)
(146.0, 63.0, 23.73850348058032)
(146.0, 64.0, 22.193743657349422)
(146.0, 65.0, 25.262481223725313)
(146.0, 66.0, 24.225152770647149)
(146.0, 67.0, 24.680401176348425)
(146.0, 68.0, 24.733540929483986)
(146.0, 69.0, 24.955897239050444)
(146.0, 70.0, 25.89262817876519)
(146.0, 71.0, 24.294156635330758)
(146.0, 72.0, 22.002253069229671)
(146.0, 73.0, 24.881772340558516)
(146.0, 74.0, 24.077984777656734)
(146.0, 75.0, 25.532800567664843)
(146.0, 76.0, 23.899813576826787)
(146.0, 77.0, 22.698047857210192)
(146.0, 78.0, 24.768052662337894)
(146.0, 79.0, 25.120678280591672)
(146.0, 80.0, 27.351131494714142)
(146.0, 81.0, 21.544983551604986)
(146.0, 82.0, 22.068146620941381)
(146.0, 83.0, 22.38065226277547)
(146.0, 84.0, 25.827143143770577)
(146.0, 85.0, 27.046345189422997)
(146.0, 86.0, 25.410039238715129)
(146.0, 87.0, 23.608877756027614)
(146.0, 88.0, 24.894920375537616)
(146.0, 89.0, 25.606841571998139)
(146.0, 90.0, 26.807209694576894)
(146.0, 91.0, 23.449041907322208)
(146.0, 92.0, 23.979707381855349)
(146.0, 93.0, 25.770027232158562)
(146.0, 94.0, 25.010005930542796)
(146.0, 95.0, 23.503568178389134)
(146.0, 96.0, 22.975860639999272)
(146.0, 97.0, 24.269050020126109)
(146.0, 98.0, 23.447968665947805)
(146.0, 99.0, 25.301993481976083)
(146.0, 100.0, 26.128795931714645)
(146.0, 101.0, 22.56091140270556)
(146.0, 102.0, 25.486056082789055)
(146.0, 103.0, 26.113896531723768)
(146.0, 104.0, 28.074665012301587)
(146.0, 105.0, 23.500179225566143)
(146.0, 106.0, 24.962222059349116)
(146.0, 107.0, 23.801003268308463)
(146.0, 108.0, 24.946680440571548)
(146.0, 109.0, 22.655089020029212)
(146.0, 110.0, 24.53038744141227)
(146.0, 111.0, 27.45827625050152)
(146.0, 112.0, 26.744245007434738)
(146.0, 113.0, 25.327484831787164)
(146.0, 114.0, 26.158655079958159)
(146.0, 115.0, 25.232913892213599)
(146.0, 116.0, 22.490317477473443)
(146.0, 117.0, 21.491742924744511)
(146.0, 118.0, 25.50279367186485)
(146.0, 119.0, 25.89473561014055)
(146.0, 120.0, 25.431446966804181)
(146.0, 121.0, 24.581358914308449)
(146.0, 122.0, 23.778842964223518)
(146.0, 123.0, 27.121025966239614)
(146.0, 124.0, 23.805443414989991)
(146.0, 125.0, 27.483748541994462)
(146.0, 126.0, 25.026700907072616)
(146.0, 127.0, 25.903523226442129)
(146.0, 128.0, 24.130581920166783)
(146.0, 129.0, 26.180109458467538)
(146.0, 130.0, 25.966762692250803)
(146.0, 131.0, 25.500228450721249)
(146.0, 132.0, 21.248689221963723)
(146.0, 133.0, 23.609065458156696)
(146.0, 134.0, 24.283455569281433)
(146.0, 135.0, 24.15466686027467)
(146.0, 136.0, 24.853205909239264)
(146.0, 137.0, 24.409841771799538)
(146.0, 138.0, 23.845723766392311)
(146.0, 139.0, 27.226034781807311)
(146.0, 140.0, 26.936366459730394)
(146.0, 141.0, 25.175082722188197)
(146.0, 142.0, 23.517340957254735)
(146.0, 143.0, 25.446858604742186)
(146.0, 144.0, 25.676693586188303)
(146.0, 145.0, 25.479805240081006)
(146.0, 146.0, 27.856061204817884)
(146.0, 147.0, 23.167722276753533)
(146.0, 148.0, 24.613947648842615)
(146.0, 149.0, 24.827587354305205)
(146.0, 150.0, 27.67623923344329)
(146.0, 151.0, 27.513239539874625)
(146.0, 152.0, 24.957431362071901)
(146.0, 153.0, 26.531944913513669)
(146.0, 154.0, 25.27575490419218)
(146.0, 155.0, 25.851111733302616)
(146.0, 156.0, 23.894365511033051)
(146.0, 157.0, 28.937589209064619)
(146.0, 158.0, 26.777307360428477)
(146.0, 159.0, 24.162466544434356)
(146.0, 160.0, 24.311021565028359)
(146.0, 161.0, 26.221608221749712)
(146.0, 162.0, 25.16464048125038)
(146.0, 163.0, 21.05735166120656)
(146.0, 164.0, 25.671825579144407)
(146.0, 165.0, 26.059999604597017)
(146.0, 166.0, 28.141956651733132)
(146.0, 167.0, 24.945417114197934)
(146.0, 168.0, 23.732987940836107)
(146.0, 169.0, 24.761826129142733)
(146.0, 170.0, 23.355418420092761)
(146.0, 171.0, 25.215487072729942)
(146.0, 172.0, 26.757322880910227)
(146.0, 173.0, 24.923579685662673)
(146.0, 174.0, 21.384196727825969)
(146.0, 175.0, 26.151194505051755)
(146.0, 176.0, 22.424837229961422)
(146.0, 177.0, 26.49013602852704)
(146.0, 178.0, 22.58136037157545)
(146.0, 179.0, 25.895028668845143)
(146.0, 180.0, 25.555434187356173)
(146.0, 181.0, 26.24122427217128)
(146.0, 182.0, 25.429881010117807)
(146.0, 183.0, 23.959199054951302)
(146.0, 184.0, 23.816394004331446)
(146.0, 185.0, 25.489125207312739)
(146.0, 186.0, 23.034287947707384)
(146.0, 187.0, 26.276117766367193)
(146.0, 188.0, 23.909557939436695)
(146.0, 189.0, 27.62980656205805)
(146.0, 190.0, 26.423338706330171)
(146.0, 191.0, 23.459929362467808)
(146.0, 192.0, 24.122872887572587)
(146.0, 193.0, 24.480505001393958)
(146.0, 194.0, 24.893187775614358)
(146.0, 195.0, 24.707889113039045)
(146.0, 196.0, 25.461713909723841)
(146.0, 197.0, 23.301408164094568)
(146.0, 198.0, 24.42345974723759)
(146.0, 199.0, 25.165912213650284)
(147.0, 0.0, 21.699983192186316)
(147.0, 1.0, 25.241461753134505)
(147.0, 2.0, 23.980077967975287)
(147.0, 3.0, 25.928317411485555)
(147.0, 4.0, 23.214812036555013)
(147.0, 5.0, 27.451653149915632)
(147.0, 6.0, 28.469837167989805)
(147.0, 7.0, 25.383277961196505)
(147.0, 8.0, 21.93816371901778)
(147.0, 9.0, 26.426147197619166)
(147.0, 10.0, 23.805069614692933)
(147.0, 11.0, 27.677839124238837)
(147.0, 12.0, 27.322842780674726)
(147.0, 13.0, 24.727530211083337)
(147.0, 14.0, 25.580366378034466)
(147.0, 15.0, 26.021577605257896)
(147.0, 16.0, 24.603674956648277)
(147.0, 17.0, 27.772320883685715)
(147.0, 18.0, 25.691668828808115)
(147.0, 19.0, 30.457664952393692)
(147.0, 20.0, 26.853251870167274)
(147.0, 21.0, 24.763223817651237)
(147.0, 22.0, 27.390766233421694)
(147.0, 23.0, 29.183761477341459)
(147.0, 24.0, 20.812521326965665)
(147.0, 25.0, 20.618172059921491)
(147.0, 26.0, 24.501597377529517)
(147.0, 27.0, 28.455472648820557)
(147.0, 28.0, 25.8281947542296)
(147.0, 29.0, 25.54018329030993)
(147.0, 30.0, 25.407375560465173)
(147.0, 31.0, 23.363852259768716)
(147.0, 32.0, 26.107057557122008)
(147.0, 33.0, 27.478926657096682)
(147.0, 34.0, 25.940351599597275)
(147.0, 35.0, 25.17003430522885)
(147.0, 36.0, 22.660054969094478)
(147.0, 37.0, 27.668536589353373)
(147.0, 38.0, 27.143000998933172)
(147.0, 39.0, 23.416705614852305)
(147.0, 40.0, 25.272238631615551)
(147.0, 41.0, 25.653158363291208)
(147.0, 42.0, 24.867522462446118)
(147.0, 43.0, 27.899664239762)
(147.0, 44.0, 29.399329470582433)
(147.0, 45.0, 25.28839749048813)
(147.0, 46.0, 26.862803832750568)
(147.0, 47.0, 25.634744340894144)
(147.0, 48.0, 22.645441432055893)
(147.0, 49.0, 27.337095779293371)
(147.0, 50.0, 26.496648409974071)
(147.0, 51.0, 27.296901899047906)
(147.0, 52.0, 26.631761649438616)
(147.0, 53.0, 24.936088419389744)
(147.0, 54.0, 24.581115104327974)
(147.0, 55.0, 24.505795367531235)
(147.0, 56.0, 28.404716751544338)
(147.0, 57.0, 25.996385305898638)
(147.0, 58.0, 24.088652380368657)
(147.0, 59.0, 24.654809720894949)
(147.0, 60.0, 27.361255102448748)
(147.0, 61.0, 22.505516649340247)
(147.0, 62.0, 26.478554651266165)
(147.0, 63.0, 25.576779399180474)
(147.0, 64.0, 23.681299272863598)
(147.0, 65.0, 26.826722869624792)
(147.0, 66.0, 26.040778926208993)
(147.0, 67.0, 25.219943640561475)
(147.0, 68.0, 27.810464286910296)
(147.0, 69.0, 26.995781052918904)
(147.0, 70.0, 27.245611989988085)
(147.0, 71.0, 25.163499295324232)
(147.0, 72.0, 23.854223071194419)
(147.0, 73.0, 23.601041748563013)
(147.0, 74.0, 26.537586265513106)
(147.0, 75.0, 26.829254737766306)
(147.0, 76.0, 26.106940601706487)
(147.0, 77.0, 22.950505875300507)
(147.0, 78.0, 24.659459341612333)
(147.0, 79.0, 25.281721046620088)
(147.0, 80.0, 26.181194702862452)
(147.0, 81.0, 21.094132040636818)
(147.0, 82.0, 21.222291869400991)
(147.0, 83.0, 23.69146926612283)
(147.0, 84.0, 27.44848617734349)
(147.0, 85.0, 26.996900539859084)
(147.0, 86.0, 26.61162275009324)
(147.0, 87.0, 24.667748421434649)
(147.0, 88.0, 26.501381706185771)
(147.0, 89.0, 27.923107481158407)
(147.0, 90.0, 25.96690170630794)
(147.0, 91.0, 25.739055320160872)
(147.0, 92.0, 23.675719534976096)
(147.0, 93.0, 26.663822014847074)
(147.0, 94.0, 26.888703988541245)
(147.0, 95.0, 25.333009029990386)
(147.0, 96.0, 24.449770030546144)
(147.0, 97.0, 26.215249906751612)
(147.0, 98.0, 25.473104629811992)
(147.0, 99.0, 25.431708603226387)
(147.0, 100.0, 25.572826438361787)
(147.0, 101.0, 23.803389608430976)
(147.0, 102.0, 27.577506335236937)
(147.0, 103.0, 27.035842930966254)
(147.0, 104.0, 27.666535624846325)
(147.0, 105.0, 26.880937577592199)
(147.0, 106.0, 26.999094303153392)
(147.0, 107.0, 24.295357346358298)
(147.0, 108.0, 25.743480856123156)
(147.0, 109.0, 26.067868912149958)
(147.0, 110.0, 25.203242048606477)
(147.0, 111.0, 26.457090519581659)
(147.0, 112.0, 28.769275804929233)
(147.0, 113.0, 26.989033990733887)
(147.0, 114.0, 26.391264431310894)
(147.0, 115.0, 25.207318862702675)
(147.0, 116.0, 22.357231776487573)
(147.0, 117.0, 23.383242844893712)
(147.0, 118.0, 26.530447712174571)
(147.0, 119.0, 26.318525921521015)
(147.0, 120.0, 28.125034797244265)
(147.0, 121.0, 25.643530893905687)
(147.0, 122.0, 24.598896761827682)
(147.0, 123.0, 27.449583775158253)
(147.0, 124.0, 24.987050480880267)
(147.0, 125.0, 28.725883798485253)
(147.0, 126.0, 24.928702390718666)
(147.0, 127.0, 26.35506110870595)
(147.0, 128.0, 25.194416163677815)
(147.0, 129.0, 27.140220217613013)
(147.0, 130.0, 26.197789427205233)
(147.0, 131.0, 25.604396118496279)
(147.0, 132.0, 20.950151725435262)
(147.0, 133.0, 24.845080232209931)
(147.0, 134.0, 26.48349296576508)
(147.0, 135.0, 26.304715402659085)
(147.0, 136.0, 27.736690725212945)
(147.0, 137.0, 23.88642042365155)
(147.0, 138.0, 23.179480767703662)
(147.0, 139.0, 27.824889431952268)
(147.0, 140.0, 28.599481474335551)
(147.0, 141.0, 26.1553592702655)
(147.0, 142.0, 24.67618233236929)
(147.0, 143.0, 28.245639686865367)
(147.0, 144.0, 25.263777436971054)
(147.0, 145.0, 25.574775283965668)
(147.0, 146.0, 29.216603398650797)
(147.0, 147.0, 24.864541331637149)
(147.0, 148.0, 25.299624439592669)
(147.0, 149.0, 28.773556569911953)
(147.0, 150.0, 30.673193569124859)
(147.0, 151.0, 28.43367225499432)
(147.0, 152.0, 25.560140428295192)
(147.0, 153.0, 28.391881788747021)
(147.0, 154.0, 28.087720992770038)
(147.0, 155.0, 26.508792380587)
(147.0, 156.0, 26.713243102918355)
(147.0, 157.0, 28.501865216188492)
(147.0, 158.0, 28.233238230340042)
(147.0, 159.0, 25.663290172874209)
(147.0, 160.0, 24.437495359550589)
(147.0, 161.0, 24.814376200496451)
(147.0, 162.0, 26.836661624226323)
(147.0, 163.0, 24.78181585008873)
(147.0, 164.0, 25.524010136895921)
(147.0, 165.0, 26.549173585042933)
(147.0, 166.0, 27.713709401490352)
(147.0, 167.0, 24.253887997902574)
(147.0, 168.0, 26.077887406304697)
(147.0, 169.0, 26.127650594433117)
(147.0, 170.0, 22.557851733271743)
(147.0, 171.0, 27.879442198929322)
(147.0, 172.0, 28.895876344415242)
(147.0, 173.0, 27.533566798334363)
(147.0, 174.0, 22.731535069493631)
(147.0, 175.0, 26.532179318631826)
(147.0, 176.0, 27.53321887022862)
(147.0, 177.0, 26.70192087945172)
(147.0, 178.0, 25.30544269346704)
(147.0, 179.0, 27.834814709447084)
(147.0, 180.0, 27.858576502787731)
(147.0, 181.0, 27.719149443941024)
(147.0, 182.0, 27.26471862987372)
(147.0, 183.0, 25.329385638420366)
(147.0, 184.0, 23.889690751135792)
(147.0, 185.0, 25.933564341455664)
(147.0, 186.0, 25.702515576997012)
(147.0, 187.0, 28.146925023546601)
(147.0, 188.0, 26.819857464184665)
(147.0, 189.0, 28.020157497835083)
(147.0, 190.0, 26.504886946843023)
(147.0, 191.0, 24.900640201443718)
(147.0, 192.0, 25.922345750454134)
(147.0, 193.0, 26.172321635004852)
(147.0, 194.0, 27.807870202395627)
(147.0, 195.0, 27.535128680018744)
(147.0, 196.0, 26.177228563354909)
(147.0, 197.0, 27.125461374537259)
(147.0, 198.0, 25.041105267454586)
(147.0, 199.0, 24.984941899740324)
(148.0, 0.0, 22.273649712476896)
(148.0, 1.0, 25.662491645562753)
(148.0, 2.0, 22.218982640751332)
(148.0, 3.0, 25.978260923812961)
(148.0, 4.0, 22.607696821105897)
(148.0, 5.0, 25.112284654557179)
(148.0, 6.0, 26.589501076220149)
(148.0, 7.0, 27.011337715691077)
(148.0, 8.0, 22.467725149015308)
(148.0, 9.0, 25.85064741302843)
(148.0, 10.0, 24.190769049608413)
(148.0, 11.0, 26.134668768130641)
(148.0, 12.0, 25.83127663740169)
(148.0, 13.0, 25.546207011819494)
(148.0, 14.0, 25.947035347871459)
(148.0, 15.0, 23.464053564405827)
(148.0, 16.0, 23.016316230713119)
(148.0, 17.0, 26.180923249212615)
(148.0, 18.0, 25.093686111849227)
(148.0, 19.0, 29.357701035135683)
(148.0, 20.0, 25.292742826668565)
(148.0, 21.0, 23.958915447830613)
(148.0, 22.0, 25.855932079994609)
(148.0, 23.0, 26.273708036346086)
(148.0, 24.0, 20.126934914292086)
(148.0, 25.0, 21.646893160669411)
(148.0, 26.0, 23.292711029029817)
(148.0, 27.0, 28.281782129034781)
(148.0, 28.0, 24.34499257133627)
(148.0, 29.0, 24.714729099638806)
(148.0, 30.0, 25.982099433220498)
(148.0, 31.0, 22.964450748724776)
(148.0, 32.0, 26.181200094513095)
(148.0, 33.0, 24.342968043358905)
(148.0, 34.0, 25.798776115025255)
(148.0, 35.0, 25.940341884751962)
(148.0, 36.0, 23.842807883912229)
(148.0, 37.0, 23.947595708460383)
(148.0, 38.0, 24.934159302591532)
(148.0, 39.0, 22.460881505238724)
(148.0, 40.0, 22.693190519355056)
(148.0, 41.0, 24.587730392321077)
(148.0, 42.0, 22.922290844116965)
(148.0, 43.0, 27.666419552979978)
(148.0, 44.0, 28.748146870188403)
(148.0, 45.0, 25.876633008689243)
(148.0, 46.0, 25.507999801885738)
(148.0, 47.0, 24.726179549552601)
(148.0, 48.0, 23.182187088764934)
(148.0, 49.0, 26.052525913556195)
(148.0, 50.0, 28.258232399325571)
(148.0, 51.0, 28.225928136013184)
(148.0, 52.0, 25.674927598386205)
(148.0, 53.0, 24.474100473668702)
(148.0, 54.0, 23.706637231937584)
(148.0, 55.0, 25.055375084290766)
(148.0, 56.0, 27.445284013735854)
(148.0, 57.0, 24.131295402618747)
(148.0, 58.0, 23.663024248635729)
(148.0, 59.0, 26.134887814269348)
(148.0, 60.0, 27.142276740601456)
(148.0, 61.0, 23.136868838635614)
(148.0, 62.0, 26.057610465473466)
(148.0, 63.0, 24.33141702533813)
(148.0, 64.0, 23.101778543842908)
(148.0, 65.0, 24.403553144139558)
(148.0, 66.0, 25.534117019418211)
(148.0, 67.0, 25.780698544681549)
(148.0, 68.0, 26.44569423526907)
(148.0, 69.0, 24.855557368922888)
(148.0, 70.0, 27.392145754790906)
(148.0, 71.0, 23.978121082475869)
(148.0, 72.0, 24.386222761711487)
(148.0, 73.0, 23.098423597189495)
(148.0, 74.0, 25.438168217470647)
(148.0, 75.0, 26.819686359312499)
(148.0, 76.0, 26.349047012367201)
