(59.0, 156.0, 26.824184533649362)
(59.0, 157.0, 27.916396764268175)
(59.0, 158.0, 25.467403443172756)
(59.0, 159.0, 25.815801700607132)
(59.0, 160.0, 23.895789273821563)
(59.0, 161.0, 24.955336882386071)
(59.0, 162.0, 24.42172140876405)
(59.0, 163.0, 22.223699460484408)
(59.0, 164.0, 24.671068264070882)
(59.0, 165.0, 24.40928289252507)
(59.0, 166.0, 25.33173790117916)
(59.0, 167.0, 23.940036519708691)
(59.0, 168.0, 23.289014266617045)
(59.0, 169.0, 25.200005109099394)
(59.0, 170.0, 22.950684805152431)
(59.0, 171.0, 26.321065582051133)
(59.0, 172.0, 26.359012329726891)
(59.0, 173.0, 24.831674752897527)
(59.0, 174.0, 21.977743468197783)
(59.0, 175.0, 27.999133667505546)
(59.0, 176.0, 23.975210225080332)
(59.0, 177.0, 24.963928117977289)
(59.0, 178.0, 23.150483743787479)
(59.0, 179.0, 26.4237302960303)
(59.0, 180.0, 24.243323331713164)
(59.0, 181.0, 25.91383634332022)
(59.0, 182.0, 25.466598503019796)
(59.0, 183.0, 24.703484460077966)
(59.0, 184.0, 22.793921710618875)
(59.0, 185.0, 24.736185946897692)
(59.0, 186.0, 23.775359960884131)
(59.0, 187.0, 26.777994643861099)
(59.0, 188.0, 25.146516140365108)
(59.0, 189.0, 26.228371685783735)
(59.0, 190.0, 24.724462781483783)
(59.0, 191.0, 22.839144861193219)
(59.0, 192.0, 24.216892110695369)
(59.0, 193.0, 25.358961399834275)
(59.0, 194.0, 25.11786429537695)
(59.0, 195.0, 24.747424330350494)
(59.0, 196.0, 25.104560009804469)
(59.0, 197.0, 24.079130874943711)
(59.0, 198.0, 23.655814562151932)
(59.0, 199.0, 25.48725226587306)
(60.0, 0.0, 22.397554221888811)
(60.0, 1.0, 23.732487769398674)
(60.0, 2.0, 21.906411392861656)
(60.0, 3.0, 23.978816356261547)
(60.0, 4.0, 20.509619385855494)
(60.0, 5.0, 24.308549092877286)
(60.0, 6.0, 26.363459666731284)
(60.0, 7.0, 23.92839211412775)
(60.0, 8.0, 20.681725239829909)
(60.0, 9.0, 24.533960569705837)
(60.0, 10.0, 21.711165043840847)
(60.0, 11.0, 25.570071447808232)
(60.0, 12.0, 24.219756760870052)
(60.0, 13.0, 22.277231192602073)
(60.0, 14.0, 23.769856757873654)
(60.0, 15.0, 23.478818455657052)
(60.0, 16.0, 23.251977277910377)
(60.0, 17.0, 23.924501463997743)
(60.0, 18.0, 24.94811657758072)
(60.0, 19.0, 27.375063564697811)
(60.0, 20.0, 24.110223080698884)
(60.0, 21.0, 22.68264117883605)
(60.0, 22.0, 27.229326430492598)
(60.0, 23.0, 25.178167342201522)
(60.0, 24.0, 19.276528336848216)
(60.0, 25.0, 19.296467153891861)
(60.0, 26.0, 22.881978662624665)
(60.0, 27.0, 26.692272074444993)
(60.0, 28.0, 23.221148327150011)
(60.0, 29.0, 23.48052717190988)
(60.0, 30.0, 23.496407783205072)
(60.0, 31.0, 21.9261151969616)
(60.0, 32.0, 24.60680374843448)
(60.0, 33.0, 24.979835678462369)
(60.0, 34.0, 24.808990128050471)
(60.0, 35.0, 25.075559958150787)
(60.0, 36.0, 21.106394390586228)
(60.0, 37.0, 25.676681137677278)
(60.0, 38.0, 25.299774365941289)
(60.0, 39.0, 21.063241239334772)
(60.0, 40.0, 22.245021897961088)
(60.0, 41.0, 24.438451233535542)
(60.0, 42.0, 23.427671281797664)
(60.0, 43.0, 24.944743409871094)
(60.0, 44.0, 27.134020868355808)
(60.0, 45.0, 23.89536454434451)
(60.0, 46.0, 24.210264848804382)
(60.0, 47.0, 23.491202207549335)
(60.0, 48.0, 20.819544757939905)
(60.0, 49.0, 26.670395771048586)
(60.0, 50.0, 27.63690938857674)
(60.0, 51.0, 24.891140043315875)
(60.0, 52.0, 25.254009407943038)
(60.0, 53.0, 24.149894845053154)
(60.0, 54.0, 23.335905411815631)
(60.0, 55.0, 24.437030786709062)
(60.0, 56.0, 25.971847078652246)
(60.0, 57.0, 22.787517530386722)
(60.0, 58.0, 22.977423687667542)
(60.0, 59.0, 22.925250242730144)
(60.0, 60.0, 25.447379940155216)
(60.0, 61.0, 20.826450369928615)
(60.0, 62.0, 24.495973783990301)
(60.0, 63.0, 23.744964320737221)
(60.0, 64.0, 23.382928630681764)
(60.0, 65.0, 23.273873818148395)
(60.0, 66.0, 24.698504777446601)
(60.0, 67.0, 22.774011040038154)
(60.0, 68.0, 24.326179881081323)
(60.0, 69.0, 23.86691606641056)
(60.0, 70.0, 25.075370339392201)
(60.0, 71.0, 22.485340278430705)
(60.0, 72.0, 21.436421865418978)
(60.0, 73.0, 21.664098509831458)
(60.0, 74.0, 24.21914393011587)
(60.0, 75.0, 25.231891259292624)
(60.0, 76.0, 24.874400903762435)
(60.0, 77.0, 22.407981125240255)
(60.0, 78.0, 23.58095435560919)
(60.0, 79.0, 22.562590357610958)
(60.0, 80.0, 25.784721454160689)
(60.0, 81.0, 20.360459617712984)
(60.0, 82.0, 21.918083281198104)
(60.0, 83.0, 22.642259757618802)
(60.0, 84.0, 25.745453992787905)
(60.0, 85.0, 26.328758558969348)
(60.0, 86.0, 24.92274447677476)
(60.0, 87.0, 23.859314800973777)
(60.0, 88.0, 22.999023074066773)
(60.0, 89.0, 25.01223816855525)
(60.0, 90.0, 22.91724561208818)
(60.0, 91.0, 24.740562594929504)
(60.0, 92.0, 24.346019877180282)
(60.0, 93.0, 25.323354689832168)
(60.0, 94.0, 25.813957098502929)
(60.0, 95.0, 22.775876239375872)
(60.0, 96.0, 22.916751505817494)
(60.0, 97.0, 24.492064235389858)
(60.0, 98.0, 23.056373500412647)
(60.0, 99.0, 25.406008851138459)
(60.0, 100.0, 23.74235438252509)
(60.0, 101.0, 22.584337426045025)
(60.0, 102.0, 23.948992165274689)
(60.0, 103.0, 24.376741654566565)
(60.0, 104.0, 26.539347133950574)
(60.0, 105.0, 26.183421250084109)
(60.0, 106.0, 23.024845029482243)
(60.0, 107.0, 22.086161564300625)
(60.0, 108.0, 22.698279582426863)
(60.0, 109.0, 22.784895438772807)
(60.0, 110.0, 24.392018601976339)
(60.0, 111.0, 23.985543621750253)
(60.0, 112.0, 26.606669911362594)
(60.0, 113.0, 25.193629106409684)
(60.0, 114.0, 25.858543169369071)
(60.0, 115.0, 23.429908086926879)
(60.0, 116.0, 21.767767249210834)
(60.0, 117.0, 21.239155455325974)
(60.0, 118.0, 25.592143090652403)
(60.0, 119.0, 24.340609509366121)
(60.0, 120.0, 24.491319573342707)
(60.0, 121.0, 24.814928742380086)
(60.0, 122.0, 23.980137031333129)
(60.0, 123.0, 26.268490447738873)
(60.0, 124.0, 25.325832211105613)
(60.0, 125.0, 25.634526877106619)
(60.0, 126.0, 23.179298358026813)
(60.0, 127.0, 25.779627276828517)
(60.0, 128.0, 23.574235607781659)
(60.0, 129.0, 24.992293425299298)
(60.0, 130.0, 25.184563280810025)
(60.0, 131.0, 25.478273341306256)
(60.0, 132.0, 19.258876234158269)
(60.0, 133.0, 20.50088089986831)
(60.0, 134.0, 24.056255929611776)
(60.0, 135.0, 23.097606510735961)
(60.0, 136.0, 25.832526453898367)
(60.0, 137.0, 23.967231410811458)
(60.0, 138.0, 21.622554223967278)
(60.0, 139.0, 27.028197963506937)
(60.0, 140.0, 27.72491098305051)
(60.0, 141.0, 23.460705213834526)
(60.0, 142.0, 23.694616365616618)
(60.0, 143.0, 25.892213718076199)
(60.0, 144.0, 22.994685432162719)
(60.0, 145.0, 24.426112916896511)
(60.0, 146.0, 26.050249483251463)
(60.0, 147.0, 23.210122400440795)
(60.0, 148.0, 24.19511072342118)
(60.0, 149.0, 25.268788632915321)
(60.0, 150.0, 28.924571201000319)
(60.0, 151.0, 28.061221343496261)
(60.0, 152.0, 26.150642137083789)
(60.0, 153.0, 24.203473790070188)
(60.0, 154.0, 26.243806803541414)
(60.0, 155.0, 24.961801798559687)
(60.0, 156.0, 23.959113702088068)
(60.0, 157.0, 26.813795062405713)
(60.0, 158.0, 26.755697210376791)
(60.0, 159.0, 25.989840796331492)
(60.0, 160.0, 22.422514805647232)
(60.0, 161.0, 24.562294151794816)
(60.0, 162.0, 25.502466741706655)
(60.0, 163.0, 23.305138544119711)
(60.0, 164.0, 24.703425602669778)
(60.0, 165.0, 25.139364983031442)
(60.0, 166.0, 24.784089344953671)
(60.0, 167.0, 24.103726214082045)
(60.0, 168.0, 24.11893352415531)
(60.0, 169.0, 23.668937144896809)
(60.0, 170.0, 21.435235247392978)
(60.0, 171.0, 26.12672763249541)
(60.0, 172.0, 27.068251803522685)
(60.0, 173.0, 24.88323065419274)
(60.0, 174.0, 21.095396861699761)
(60.0, 175.0, 26.391568145353197)
(60.0, 176.0, 23.750570263913346)
(60.0, 177.0, 25.047146145528671)
(60.0, 178.0, 23.439546083991452)
(60.0, 179.0, 25.559994376355586)
(60.0, 180.0, 24.900817345490761)
(60.0, 181.0, 24.873899645346125)
(60.0, 182.0, 25.582914947392194)
(60.0, 183.0, 24.658396185093927)
(60.0, 184.0, 23.333166014175792)
(60.0, 185.0, 24.438327326566924)
(60.0, 186.0, 22.84482266682226)
(60.0, 187.0, 25.248281647262022)
(60.0, 188.0, 25.765420152188643)
(60.0, 189.0, 25.987078925295961)
(60.0, 190.0, 25.574247751994022)
(60.0, 191.0, 24.041544357345366)
(60.0, 192.0, 24.044246028184258)
(60.0, 193.0, 24.643629709820861)
(60.0, 194.0, 25.808564492929165)
(60.0, 195.0, 24.436746472779319)
(60.0, 196.0, 24.836673824189987)
(60.0, 197.0, 25.613638249729416)
(60.0, 198.0, 23.5340383375997)
(60.0, 199.0, 22.600130590802156)
(61.0, 0.0, 21.152201316517349)
(61.0, 1.0, 25.816283055223167)
(61.0, 2.0, 24.298430504639775)
(61.0, 3.0, 27.411815601880516)
(61.0, 4.0, 24.576683960688669)
(61.0, 5.0, 24.15144279020884)
(61.0, 6.0, 28.360840754299435)
(61.0, 7.0, 28.601629536086364)
(61.0, 8.0, 22.861301729224422)
(61.0, 9.0, 27.521145716103124)
(61.0, 10.0, 22.900097324734251)
(61.0, 11.0, 26.862879999970392)
(61.0, 12.0, 26.781098263176524)
(61.0, 13.0, 25.863915063331966)
(61.0, 14.0, 26.654577090558654)
(61.0, 15.0, 24.100445127309968)
(61.0, 16.0, 23.710437901088547)
(61.0, 17.0, 26.424612572225762)
(61.0, 18.0, 27.230709159002046)
(61.0, 19.0, 31.745122218795341)
(61.0, 20.0, 26.960253120037674)
(61.0, 21.0, 25.295808576106069)
(61.0, 22.0, 27.472406132633274)
(61.0, 23.0, 29.067235723407826)
(61.0, 24.0, 21.36735906764644)
(61.0, 25.0, 21.217203913180356)
(61.0, 26.0, 24.758518401210271)
(61.0, 27.0, 28.367030625210848)
(61.0, 28.0, 25.558509870966109)
(61.0, 29.0, 25.767860690011219)
(61.0, 30.0, 25.773023305060377)
(61.0, 31.0, 24.950627748043466)
(61.0, 32.0, 27.125786425012038)
(61.0, 33.0, 27.849501285578139)
(61.0, 34.0, 26.942804614976183)
(61.0, 35.0, 27.55356484374024)
(61.0, 36.0, 24.384621941841147)
(61.0, 37.0, 25.88267223950675)
(61.0, 38.0, 27.082264522805453)
(61.0, 39.0, 22.607042548304666)
(61.0, 40.0, 24.391116797142434)
(61.0, 41.0, 25.12727636929089)
(61.0, 42.0, 24.866615591081406)
(61.0, 43.0, 25.249786619369829)
(61.0, 44.0, 29.293765396513773)
(61.0, 45.0, 28.269750437470272)
(61.0, 46.0, 27.265115913594588)
(61.0, 47.0, 24.817298011724649)
(61.0, 48.0, 25.966637804839657)
(61.0, 49.0, 27.910601980039669)
(61.0, 50.0, 27.736024572598694)
(61.0, 51.0, 28.30706852643063)
(61.0, 52.0, 25.918636867210452)
(61.0, 53.0, 25.687125972584866)
(61.0, 54.0, 25.056310129652623)
(61.0, 55.0, 24.345459603536199)
(61.0, 56.0, 29.40447900226107)
(61.0, 57.0, 25.632239373426145)
(61.0, 58.0, 24.574983308480078)
(61.0, 59.0, 24.460157395490729)
(61.0, 60.0, 27.364240383981024)
(61.0, 61.0, 24.033698129874011)
(61.0, 62.0, 26.47045961871337)
(61.0, 63.0, 24.21778444992777)
(61.0, 64.0, 24.491332927343429)
(61.0, 65.0, 24.314636189844858)
(61.0, 66.0, 26.482450355378106)
(61.0, 67.0, 24.716631911266681)
(61.0, 68.0, 27.842380047948797)
(61.0, 69.0, 27.01186544450902)
(61.0, 70.0, 29.324294236300865)
(61.0, 71.0, 24.610061263214014)
(61.0, 72.0, 23.579199449836409)
(61.0, 73.0, 24.87248164031864)
(61.0, 74.0, 25.784720984615021)
(61.0, 75.0, 28.78444263437656)
(61.0, 76.0, 25.730638640919409)
(61.0, 77.0, 23.858011120368175)
(61.0, 78.0, 24.424050014793295)
(61.0, 79.0, 24.475864333408591)
(61.0, 80.0, 29.105059256110135)
(61.0, 81.0, 22.005489840938445)
(61.0, 82.0, 23.721238629016618)
(61.0, 83.0, 24.940937219430257)
(61.0, 84.0, 27.978786273594991)
(61.0, 85.0, 27.787433241691666)
(61.0, 86.0, 27.693041957830758)
(61.0, 87.0, 27.144905078136684)
(61.0, 88.0, 26.073752779838269)
(61.0, 89.0, 28.188403900418635)
(61.0, 90.0, 24.153689005210744)
(61.0, 91.0, 26.163329586105508)
(61.0, 92.0, 24.702289447473323)
(61.0, 93.0, 25.109884551830145)
(61.0, 94.0, 27.02294284581081)
(61.0, 95.0, 24.670113237412508)
(61.0, 96.0, 25.098007087687151)
(61.0, 97.0, 26.963906584750237)
(61.0, 98.0, 24.001990611732907)
(61.0, 99.0, 26.772811691646222)
(61.0, 100.0, 26.872119343544778)
(61.0, 101.0, 25.635572737735636)
(61.0, 102.0, 27.15584961392198)
(61.0, 103.0, 27.176639665203105)
(61.0, 104.0, 28.047037841272946)
(61.0, 105.0, 27.327286434839866)
(61.0, 106.0, 26.444230465586781)
(61.0, 107.0, 24.328733418179805)
(61.0, 108.0, 25.368725566091552)
(61.0, 109.0, 25.353295067090173)
(61.0, 110.0, 26.479679615271529)
(61.0, 111.0, 26.811569381168255)
(61.0, 112.0, 27.759824706931887)
(61.0, 113.0, 27.162451557761045)
(61.0, 114.0, 27.66676087242022)
(61.0, 115.0, 25.226166257832901)
(61.0, 116.0, 24.789094746911982)
(61.0, 117.0, 23.257429789813241)
(61.0, 118.0, 28.189217078229646)
(61.0, 119.0, 26.649743608117792)
(61.0, 120.0, 28.030383389783072)
(61.0, 121.0, 27.551505626901211)
(61.0, 122.0, 24.484217152300321)
(61.0, 123.0, 27.97326406020958)
(61.0, 124.0, 26.384165899325041)
(61.0, 125.0, 27.020256112977052)
(61.0, 126.0, 24.506327823938555)
(61.0, 127.0, 26.791843634915846)
(61.0, 128.0, 24.635646052453428)
(61.0, 129.0, 28.121310017293425)
(61.0, 130.0, 26.90248516857022)
(61.0, 131.0, 26.014315449168834)
(61.0, 132.0, 20.602944468216567)
(61.0, 133.0, 22.548176015248242)
(61.0, 134.0, 26.422859293892284)
(61.0, 135.0, 25.669590562689667)
(61.0, 136.0, 26.964310457931468)
(61.0, 137.0, 26.187994088228045)
(61.0, 138.0, 22.550978149157217)
(61.0, 139.0, 27.51826973280955)
(61.0, 140.0, 28.638325412919119)
(61.0, 141.0, 24.577358771708205)
(61.0, 142.0, 25.802281230564628)
(61.0, 143.0, 27.915699165521552)
(61.0, 144.0, 26.560245705026265)
(61.0, 145.0, 26.548440297125936)
(61.0, 146.0, 27.192130227992848)
(61.0, 147.0, 25.234770412241119)
(61.0, 148.0, 24.649971025681541)
(61.0, 149.0, 26.561173985337817)
(61.0, 150.0, 29.961337953211263)
(61.0, 151.0, 28.649655551339936)
(61.0, 152.0, 25.467904180154651)
(61.0, 153.0, 28.143145851798998)
(61.0, 154.0, 28.951415548760544)
(61.0, 155.0, 27.374613312780433)
(61.0, 156.0, 27.333928676281648)
(61.0, 157.0, 29.396007744800354)
(61.0, 158.0, 29.034980250485646)
(61.0, 159.0, 26.055446350295501)
(61.0, 160.0, 26.129857894009227)
(61.0, 161.0, 27.984959310610883)
(61.0, 162.0, 27.477443218304131)
(61.0, 163.0, 24.658569718815301)
(61.0, 164.0, 25.99292362016585)
(61.0, 165.0, 25.984664364533952)
(61.0, 166.0, 27.318452717187188)
(61.0, 167.0, 24.563588884224526)
(61.0, 168.0, 26.339160755244031)
(61.0, 169.0, 24.90806566019743)
(61.0, 170.0, 24.104539583984298)
(61.0, 171.0, 26.663360860414237)
(61.0, 172.0, 28.350375852563772)
(61.0, 173.0, 26.108751120771426)
(61.0, 174.0, 24.202008844290731)
(61.0, 175.0, 24.997083178776268)
(61.0, 176.0, 26.858092162592563)
(61.0, 177.0, 27.34925701532325)
(61.0, 178.0, 25.176313164962391)
(61.0, 179.0, 27.958854939424164)
(61.0, 180.0, 26.606662973887833)
(61.0, 181.0, 26.577328773903538)
(61.0, 182.0, 27.303518206199932)
(61.0, 183.0, 27.62159740735483)
(61.0, 184.0, 25.108966432590371)
(61.0, 185.0, 26.501707052696755)
(61.0, 186.0, 24.000999991575544)
(61.0, 187.0, 28.543027112454283)
(61.0, 188.0, 27.923430458063493)
(61.0, 189.0, 29.22076129702247)
(61.0, 190.0, 27.474563187775594)
(61.0, 191.0, 24.764686503789427)
(61.0, 192.0, 27.044821339686159)
(61.0, 193.0, 26.251052355886632)
(61.0, 194.0, 27.010121337502877)
(61.0, 195.0, 26.917513019419104)
(61.0, 196.0, 25.669628218617998)
(61.0, 197.0, 25.956255702994255)
(61.0, 198.0, 25.294422601950977)
(61.0, 199.0, 25.830929533062115)
(62.0, 0.0, 20.275746691684027)
(62.0, 1.0, 22.780967002323617)
(62.0, 2.0, 22.311847389008342)
(62.0, 3.0, 24.720511507301048)
(62.0, 4.0, 21.731813269492083)
(62.0, 5.0, 25.164439303267859)
(62.0, 6.0, 26.068502819405172)
(62.0, 7.0, 25.266988185156276)
(62.0, 8.0, 22.496822730313916)
(62.0, 9.0, 25.658145870177954)
(62.0, 10.0, 21.328016322601869)
(62.0, 11.0, 24.516273239580485)
(62.0, 12.0, 26.623517867830309)
(62.0, 13.0, 24.785917391264459)
(62.0, 14.0, 21.95528728127529)
(62.0, 15.0, 23.652548292837718)
(62.0, 16.0, 20.90777501235446)
(62.0, 17.0, 25.361737641275944)
(62.0, 18.0, 24.505198198344313)
(62.0, 19.0, 26.734449332259672)
(62.0, 20.0, 24.589478446252265)
(62.0, 21.0, 22.339425894230796)
(62.0, 22.0, 23.595077928652209)
(62.0, 23.0, 25.269512951690963)
(62.0, 24.0, 19.108552404069464)
(62.0, 25.0, 20.005084157263632)
(62.0, 26.0, 23.91065310510718)
(62.0, 27.0, 26.757549764533223)
(62.0, 28.0, 25.219895448170384)
(62.0, 29.0, 24.755797330543714)
(62.0, 30.0, 22.225241664097432)
(62.0, 31.0, 24.293851762237701)
(62.0, 32.0, 23.949198478449489)
(62.0, 33.0, 25.252391712663098)
(62.0, 34.0, 22.842462062207559)
(62.0, 35.0, 23.508229899956021)
(62.0, 36.0, 22.30640824895168)
(62.0, 37.0, 24.078742472360666)
(62.0, 38.0, 27.195384524026316)
(62.0, 39.0, 22.410463216920796)
(62.0, 40.0, 22.042832292390258)
(62.0, 41.0, 24.413643409416462)
(62.0, 42.0, 24.191741644484893)
(62.0, 43.0, 26.340329795485438)
(62.0, 44.0, 25.811460841334004)
(62.0, 45.0, 24.713471531072774)
(62.0, 46.0, 23.711073907959673)
(62.0, 47.0, 22.790969527776596)
(62.0, 48.0, 21.960055671763069)
(62.0, 49.0, 26.243661246887303)
(62.0, 50.0, 26.875228254863536)
(62.0, 51.0, 25.545628987267065)
(62.0, 52.0, 24.434942862938382)
(62.0, 53.0, 23.138560681084343)
(62.0, 54.0, 22.226004708120378)
(62.0, 55.0, 23.288756019474324)
(62.0, 56.0, 26.773994205274175)
(62.0, 57.0, 24.837870793630266)
(62.0, 58.0, 23.712501002115122)
(62.0, 59.0, 22.639710873198364)
(62.0, 60.0, 25.250157649627532)
(62.0, 61.0, 23.128978237446027)
(62.0, 62.0, 25.231890548579578)
(62.0, 63.0, 24.159048198679784)
(62.0, 64.0, 22.806138365632211)
(62.0, 65.0, 21.719138687587755)
(62.0, 66.0, 23.602291910103233)
(62.0, 67.0, 22.857085087582846)
(62.0, 68.0, 25.576066398280613)
(62.0, 69.0, 25.214625139629689)
(62.0, 70.0, 25.798625229531616)
(62.0, 71.0, 23.32119560707682)
(62.0, 72.0, 20.806339347199899)
(62.0, 73.0, 22.293430524398943)
(62.0, 74.0, 22.472763492971914)
(62.0, 75.0, 25.288628584860227)
(62.0, 76.0, 24.129010611346914)
(62.0, 77.0, 21.154235817767489)
(62.0, 78.0, 24.668648244644722)
(62.0, 79.0, 22.498906179075352)
(62.0, 80.0, 24.815353015412057)
(62.0, 81.0, 19.398646910525265)
(62.0, 82.0, 21.608350681957308)
(62.0, 83.0, 23.421732060799812)
(62.0, 84.0, 23.74907797627402)
(62.0, 85.0, 25.141724022832186)
(62.0, 86.0, 26.161852111918471)
(62.0, 87.0, 23.552395643929618)
(62.0, 88.0, 24.429754465823613)
(62.0, 89.0, 23.82086997731232)
(62.0, 90.0, 25.680043163464724)
(62.0, 91.0, 22.853204323278)
(62.0, 92.0, 23.892030284725774)
(62.0, 93.0, 25.804476046014457)
(62.0, 94.0, 24.653731347627506)
(62.0, 95.0, 22.775130704752179)
(62.0, 96.0, 22.240045995971723)
(62.0, 97.0, 24.813106121972748)
(62.0, 98.0, 23.217472149826875)
(62.0, 99.0, 24.131712881293041)
(62.0, 100.0, 25.884802036047972)
(62.0, 101.0, 22.60216803312905)
(62.0, 102.0, 24.015522397333726)
(62.0, 103.0, 24.792349464103285)
(62.0, 104.0, 24.760829839552418)
(62.0, 105.0, 24.193742474889309)
(62.0, 106.0, 23.659936198090406)
(62.0, 107.0, 22.750055867138641)
(62.0, 108.0, 21.435576182275216)
(62.0, 109.0, 23.950936613847691)
(62.0, 110.0, 24.61622962500179)
(62.0, 111.0, 24.430656942938803)
(62.0, 112.0, 25.665290301027198)
(62.0, 113.0, 24.795756614238442)
(62.0, 114.0, 26.247959550195709)
(62.0, 115.0, 23.217023128740987)
(62.0, 116.0, 21.87443267579798)
(62.0, 117.0, 23.034191926780029)
(62.0, 118.0, 26.3484394788935)
(62.0, 119.0, 24.788392434891794)
(62.0, 120.0, 24.793784526234219)
(62.0, 121.0, 25.074872643804053)
(62.0, 122.0, 23.104536098917013)
(62.0, 123.0, 25.931846860969252)
(62.0, 124.0, 24.255630293944442)
(62.0, 125.0, 25.381625434196231)
(62.0, 126.0, 21.388263471496131)
(62.0, 127.0, 25.137902626717818)
(62.0, 128.0, 23.830160223166381)
(62.0, 129.0, 24.351806128326324)
(62.0, 130.0, 23.754665961683717)
(62.0, 131.0, 25.590471908972315)
(62.0, 132.0, 18.597154453709386)
(62.0, 133.0, 22.101172953782154)
(62.0, 134.0, 24.368588165038421)
(62.0, 135.0, 24.468101510679215)
(62.0, 136.0, 23.898618299747724)
(62.0, 137.0, 22.879598945203938)
(62.0, 138.0, 22.359855395112955)
(62.0, 139.0, 26.516810956154508)
(62.0, 140.0, 26.183859126017794)
(62.0, 141.0, 23.736025308444461)
(62.0, 142.0, 22.723033025807709)
(62.0, 143.0, 25.07982756580634)
(62.0, 144.0, 23.250413548520253)
(62.0, 145.0, 24.100372136937626)
(62.0, 146.0, 27.430743987608945)
(62.0, 147.0, 22.60119015714513)
(62.0, 148.0, 24.593795822137299)
(62.0, 149.0, 26.951978946040484)
(62.0, 150.0, 27.641548433507648)
(62.0, 151.0, 25.853211247131767)
(62.0, 152.0, 24.400383549160292)
(62.0, 153.0, 26.515453951493605)
(62.0, 154.0, 24.027658263258296)
(62.0, 155.0, 23.75872022506309)
(62.0, 156.0, 24.222841185108638)
(62.0, 157.0, 25.72639534360389)
(62.0, 158.0, 25.957812674070986)
(62.0, 159.0, 22.396664646858376)
(62.0, 160.0, 23.134070356430836)
(62.0, 161.0, 25.44115125439653)
(62.0, 162.0, 25.727960549164635)
(62.0, 163.0, 21.525236223836636)
(62.0, 164.0, 24.200279424747031)
(62.0, 165.0, 23.873483704612745)
(62.0, 166.0, 26.869022297538578)
(62.0, 167.0, 23.018764109501646)
(62.0, 168.0, 24.105035272033021)
(62.0, 169.0, 24.436133212119387)
(62.0, 170.0, 21.923987078264581)
(62.0, 171.0, 25.143556362111376)
(62.0, 172.0, 27.695845139816534)
(62.0, 173.0, 24.02005110435746)
(62.0, 174.0, 22.44095785436868)
(62.0, 175.0, 24.888007645518339)
(62.0, 176.0, 24.410513680979161)
(62.0, 177.0, 25.869801747446861)
(62.0, 178.0, 22.657803675644331)
(62.0, 179.0, 25.503513261040005)
(62.0, 180.0, 26.759553465894346)
(62.0, 181.0, 23.315018890084524)
(62.0, 182.0, 24.578062154478125)
(62.0, 183.0, 24.318466171499551)
(62.0, 184.0, 21.504457577190195)
(62.0, 185.0, 22.885664979247153)
(62.0, 186.0, 24.661977140699555)
(62.0, 187.0, 24.339463622699078)
(62.0, 188.0, 23.140969131913145)
(62.0, 189.0, 24.58453139292228)
(62.0, 190.0, 24.427741326318309)
(62.0, 191.0, 24.17213063295905)
(62.0, 192.0, 23.818445591091205)
(62.0, 193.0, 24.050556724250761)
(62.0, 194.0, 26.383230074148283)
(62.0, 195.0, 24.947667453600879)
(62.0, 196.0, 24.973303156233609)
(62.0, 197.0, 24.668523642420247)
(62.0, 198.0, 23.338836779798271)
(62.0, 199.0, 22.965727433736042)
(63.0, 0.0, 21.847999622644764)
(63.0, 1.0, 26.745672100211852)
(63.0, 2.0, 23.599311964681196)
(63.0, 3.0, 26.477039358902701)
(63.0, 4.0, 24.873750090973594)
(63.0, 5.0, 27.525248055765804)
(63.0, 6.0, 28.100767473555329)
(63.0, 7.0, 27.385278806611595)
(63.0, 8.0, 22.484129735760149)
(63.0, 9.0, 27.051841167446103)
(63.0, 10.0, 24.444596720915861)
(63.0, 11.0, 27.622954476947818)
(63.0, 12.0, 26.010513157804304)
(63.0, 13.0, 26.626592706249962)
(63.0, 14.0, 27.100939109282621)
(63.0, 15.0, 23.562806705160266)
(63.0, 16.0, 24.990884915288355)
(63.0, 17.0, 26.664664889874555)
(63.0, 18.0, 27.185611838619998)
(63.0, 19.0, 30.048501344557948)
(63.0, 20.0, 26.665227712250363)
(63.0, 21.0, 24.871599928714257)
(63.0, 22.0, 27.540411727901478)
(63.0, 23.0, 29.318945933243484)
(63.0, 24.0, 21.555363899205943)
(63.0, 25.0, 21.723682549679896)
(63.0, 26.0, 25.747808449781715)
(63.0, 27.0, 29.873830227847513)
(63.0, 28.0, 26.320935337208049)
(63.0, 29.0, 26.596188818941432)
(63.0, 30.0, 26.181641424924859)
(63.0, 31.0, 24.573274682680299)
(63.0, 32.0, 27.394422595639139)
(63.0, 33.0, 28.005616297087464)
(63.0, 34.0, 26.037965180323681)
(63.0, 35.0, 29.211345922641474)
(63.0, 36.0, 23.299681534806389)
(63.0, 37.0, 26.745015953436976)
(63.0, 38.0, 29.159521517506864)
(63.0, 39.0, 23.060877013420335)
(63.0, 40.0, 24.138796712552537)
(63.0, 41.0, 25.369783984529334)
(63.0, 42.0, 25.321501001618479)
(63.0, 43.0, 29.347384219905702)
(63.0, 44.0, 28.720068908682954)
(63.0, 45.0, 27.010206010516669)
(63.0, 46.0, 26.153002644055597)
(63.0, 47.0, 25.046177364243182)
(63.0, 48.0, 24.259447851387257)
(63.0, 49.0, 29.006997753800775)
(63.0, 50.0, 29.425854148519786)
(63.0, 51.0, 28.098905610666247)
(63.0, 52.0, 27.869957409250311)
(63.0, 53.0, 25.928537209733335)
(63.0, 54.0, 26.476139430568765)
(63.0, 55.0, 25.878551841489319)
(63.0, 56.0, 28.177939857390534)
(63.0, 57.0, 26.468655692794041)
(63.0, 58.0, 24.576154426048898)
(63.0, 59.0, 25.274541912523365)
(63.0, 60.0, 26.628369463272541)
(63.0, 61.0, 25.477889979247738)
(63.0, 62.0, 25.366526641032138)
(63.0, 63.0, 25.847686209583376)
(63.0, 64.0, 22.776699500660875)
(63.0, 65.0, 25.901763594506651)
(63.0, 66.0, 25.930251834352728)
(63.0, 67.0, 26.289268699523024)
(63.0, 68.0, 27.692438066062756)
(63.0, 69.0, 26.012005890722264)
(63.0, 70.0, 27.564225789543968)
(63.0, 71.0, 25.226922658399008)
(63.0, 72.0, 23.668998860714012)
(63.0, 73.0, 23.623004619453425)
(63.0, 74.0, 26.779101334482789)
(63.0, 75.0, 27.948054008934381)
(63.0, 76.0, 26.305562764214415)
(63.0, 77.0, 23.833938823418976)
(63.0, 78.0, 26.074735980704155)
(63.0, 79.0, 26.071848470837061)
(63.0, 80.0, 27.117125563666882)
(63.0, 81.0, 23.022976623967875)
(63.0, 82.0, 23.19667450575826)
(63.0, 83.0, 25.780610747027414)
(63.0, 84.0, 28.497528518806835)
(63.0, 85.0, 29.116368722587133)
(63.0, 86.0, 28.094458282289843)
(63.0, 87.0, 26.368150368191742)
(63.0, 88.0, 24.591165874627634)
(63.0, 89.0, 27.876640522728334)
(63.0, 90.0, 26.957785327027018)
(63.0, 91.0, 26.641681179094299)
(63.0, 92.0, 25.193676009444026)
(63.0, 93.0, 25.898904797415241)
(63.0, 94.0, 28.247202618244685)
(63.0, 95.0, 26.279998049651383)
(63.0, 96.0, 24.107345070923152)
(63.0, 97.0, 26.297640349886979)
(63.0, 98.0, 24.470363800984806)
(63.0, 99.0, 27.751853735859235)
(63.0, 100.0, 27.731612407271541)
(63.0, 101.0, 25.287345672167238)
(63.0, 102.0, 24.864708137638708)
(63.0, 103.0, 28.855871071006082)
(63.0, 104.0, 29.60305119309157)
(63.0, 105.0, 27.087275720564914)
(63.0, 106.0, 25.26228841416264)
(63.0, 107.0, 24.273768468432696)
(63.0, 108.0, 27.689833351299711)
(63.0, 109.0, 25.327120463944055)
(63.0, 110.0, 26.529212489779184)
(63.0, 111.0, 27.940551855811496)
(63.0, 112.0, 28.695581800598692)
(63.0, 113.0, 27.154656262631619)
(63.0, 114.0, 27.387624558446021)
(63.0, 115.0, 27.23794795092785)
(63.0, 116.0, 24.980141677466865)
(63.0, 117.0, 23.208666741310498)
(63.0, 118.0, 29.438924568144305)
(63.0, 119.0, 28.227937307497413)
(63.0, 120.0, 27.497918816348424)
(63.0, 121.0, 28.050030856020058)
(63.0, 122.0, 26.387405040239123)
(63.0, 123.0, 29.155967782070395)
(63.0, 124.0, 27.076017908693977)
(63.0, 125.0, 29.517655406116905)
(63.0, 126.0, 25.193440724400386)
(63.0, 127.0, 26.555673586039926)
(63.0, 128.0, 24.682256582776589)
(63.0, 129.0, 28.319394519552411)
(63.0, 130.0, 26.540519908432337)
(63.0, 131.0, 27.604172640431994)
(63.0, 132.0, 22.463688568836488)
(63.0, 133.0, 23.477487442025655)
(63.0, 134.0, 26.557577277475147)
(63.0, 135.0, 26.696740161475631)
(63.0, 136.0, 26.656547512981405)
(63.0, 137.0, 26.54048632712362)
(63.0, 138.0, 23.55186817795542)
(63.0, 139.0, 28.171677735876735)
(63.0, 140.0, 29.703253850487496)
(63.0, 141.0, 25.517948516968342)
(63.0, 142.0, 25.753462831502091)
(63.0, 143.0, 27.857621919590152)
(63.0, 144.0, 26.486092205178601)
(63.0, 145.0, 27.326110755224992)
(63.0, 146.0, 29.470142348801271)
(63.0, 147.0, 23.190231596033748)
(63.0, 148.0, 25.937628938888281)
(63.0, 149.0, 28.154576253624793)
(63.0, 150.0, 29.648419325552261)
(63.0, 151.0, 30.243782896575766)
(63.0, 152.0, 26.392430958753092)
(63.0, 153.0, 27.53750133687419)
(63.0, 154.0, 26.282339596019078)
(63.0, 155.0, 28.711529422277994)
(63.0, 156.0, 27.635192493610074)
(63.0, 157.0, 28.202376554172087)
(63.0, 158.0, 27.902216560123556)
(63.0, 159.0, 27.914937902697577)
(63.0, 160.0, 25.653514700715867)
(63.0, 161.0, 26.426701921766004)
(63.0, 162.0, 27.847035616714031)
(63.0, 163.0, 24.182515283681127)
(63.0, 164.0, 27.18306092418733)
(63.0, 165.0, 27.276064494663235)
(63.0, 166.0, 27.961501066637986)
(63.0, 167.0, 26.578885167702573)
(63.0, 168.0, 27.111907786805787)
(63.0, 169.0, 27.962045271161458)
(63.0, 170.0, 23.675829316304064)
(63.0, 171.0, 28.93074412022473)
(63.0, 172.0, 29.138630600394418)
(63.0, 173.0, 28.029036488802671)
(63.0, 174.0, 24.95642649554744)
(63.0, 175.0, 28.04956200642668)
(63.0, 176.0, 25.67611174818709)
(63.0, 177.0, 27.600701965510218)
(63.0, 178.0, 23.646033951636312)
(63.0, 179.0, 28.050951972181213)
(63.0, 180.0, 27.014109847806964)
(63.0, 181.0, 27.409558895206356)
(63.0, 182.0, 27.630670592359039)
(63.0, 183.0, 26.695011243153466)
(63.0, 184.0, 23.957716583190965)
(63.0, 185.0, 25.993850371794757)
(63.0, 186.0, 27.17467767530151)
(63.0, 187.0, 27.660200630470928)
(63.0, 188.0, 24.967668762553686)
(63.0, 189.0, 28.195159911405497)
(63.0, 190.0, 27.73050049866805)
(63.0, 191.0, 26.35795279707806)
(63.0, 192.0, 25.935270102591932)
(63.0, 193.0, 28.206758719415244)
(63.0, 194.0, 27.98942014428696)
(63.0, 195.0, 25.68216047551762)
(63.0, 196.0, 27.227345765270737)
(63.0, 197.0, 26.278118569305871)
(63.0, 198.0, 25.464490892803312)
(63.0, 199.0, 26.656822438386389)
(64.0, 0.0, 20.487746764492265)
(64.0, 1.0, 24.663648279327251)
(64.0, 2.0, 23.00683724764383)
(64.0, 3.0, 24.919918533027097)
(64.0, 4.0, 23.292784039995318)
(64.0, 5.0, 25.347822007973996)
(64.0, 6.0, 25.557337987822166)
(64.0, 7.0, 25.927981936271557)
(64.0, 8.0, 21.961467036700832)
(64.0, 9.0, 24.957907295721299)
(64.0, 10.0, 23.234188106271404)
(64.0, 11.0, 25.332328423788191)
(64.0, 12.0, 23.678149502866614)
(64.0, 13.0, 23.936304909786582)
(64.0, 14.0, 24.383971045095894)
(64.0, 15.0, 24.199274056554312)
(64.0, 16.0, 23.394547404271584)
(64.0, 17.0, 25.786995598768428)
(64.0, 18.0, 25.831068866525534)
(64.0, 19.0, 27.345218080428292)
(64.0, 20.0, 23.507397870923707)
(64.0, 21.0, 23.750121930943422)
(64.0, 22.0, 25.919636939798693)
(64.0, 23.0, 27.236814021548625)
(64.0, 24.0, 18.209990638966634)
(64.0, 25.0, 21.587832610679449)
(64.0, 26.0, 24.737330058573633)
(64.0, 27.0, 27.911021894712171)
(64.0, 28.0, 25.769203940631254)
(64.0, 29.0, 22.766138297788203)
(64.0, 30.0, 24.057717388188795)
(64.0, 31.0, 22.589350851664324)
(64.0, 32.0, 25.853792999190244)
(64.0, 33.0, 25.226030841134737)
(64.0, 34.0, 25.620813571795672)
(64.0, 35.0, 25.078439146952203)
(64.0, 36.0, 24.502756884815817)
(64.0, 37.0, 24.639072835595769)
(64.0, 38.0, 23.749657843797287)
(64.0, 39.0, 20.791379128624662)
(64.0, 40.0, 22.209083811805208)
(64.0, 41.0, 22.660533869018987)
(64.0, 42.0, 22.269437699993258)
(64.0, 43.0, 26.447892635533492)
(64.0, 44.0, 28.489936962782988)
(64.0, 45.0, 24.337213130260345)
(64.0, 46.0, 24.477026333169931)
(64.0, 47.0, 24.69614560314476)
(64.0, 48.0, 24.291796411191253)
(64.0, 49.0, 26.588017111645222)
(64.0, 50.0, 27.84504319141913)
(64.0, 51.0, 26.656582115324344)
(64.0, 52.0, 24.93914721566922)
(64.0, 53.0, 24.368834485819704)
(64.0, 54.0, 23.425844648162343)
(64.0, 55.0, 23.927732855754666)
(64.0, 56.0, 26.060798405935991)
(64.0, 57.0, 22.947929683357284)
(64.0, 58.0, 21.554297297639806)
(64.0, 59.0, 24.481945809437647)
(64.0, 60.0, 26.237262953657105)
(64.0, 61.0, 22.009123498878413)
(64.0, 62.0, 26.452882621566953)
(64.0, 63.0, 22.086218042072677)
(64.0, 64.0, 21.371615709171948)
(64.0, 65.0, 25.322493697101219)
(64.0, 66.0, 23.717241596823765)
(64.0, 67.0, 25.378815876922101)
(64.0, 68.0, 26.899674501977742)
(64.0, 69.0, 24.20310531869071)
(64.0, 70.0, 25.943004495836526)
(64.0, 71.0, 22.571668732486849)
(64.0, 72.0, 21.794928227327613)
(64.0, 73.0, 24.492716656064005)
(64.0, 74.0, 22.807092279997438)
(64.0, 75.0, 27.030837797779267)
(64.0, 76.0, 24.128372192187538)
(64.0, 77.0, 22.061179749193521)
(64.0, 78.0, 26.128036258713419)
(64.0, 79.0, 24.218998322027296)
(64.0, 80.0, 25.621901042829332)
(64.0, 81.0, 20.323777003302936)
(64.0, 82.0, 20.165593535485442)
(64.0, 83.0, 22.277017153132274)
(64.0, 84.0, 27.037322576654283)
(64.0, 85.0, 26.484869530477162)
(64.0, 86.0, 25.611946003547882)
(64.0, 87.0, 23.206799341326981)
(64.0, 88.0, 25.434702919590809)
(64.0, 89.0, 25.120588249280281)
(64.0, 90.0, 23.474247358299262)
(64.0, 91.0, 24.611740198906752)
(64.0, 92.0, 21.909831346813903)
(64.0, 93.0, 24.655636739665535)
(64.0, 94.0, 24.869891385201292)
(64.0, 95.0, 22.096204505361555)
(64.0, 96.0, 22.292388530158185)
(64.0, 97.0, 24.573245089622109)
(64.0, 98.0, 22.979352110249835)
(64.0, 99.0, 25.724452967122541)
(64.0, 100.0, 26.470598789965209)
(64.0, 101.0, 22.424082285616443)
(64.0, 102.0, 25.483900114295341)
(64.0, 103.0, 26.397539918247649)
(64.0, 104.0, 26.331105265811502)
(64.0, 105.0, 24.957196751784849)
(64.0, 106.0, 23.235656881246889)
(64.0, 107.0, 23.264015670704261)
(64.0, 108.0, 24.931203893003161)
(64.0, 109.0, 23.729923267715364)
(64.0, 110.0, 25.223691616304023)
(64.0, 111.0, 25.480881855652633)
(64.0, 112.0, 25.80850307900241)
(64.0, 113.0, 25.525566128915536)
(64.0, 114.0, 25.303334622687732)
(64.0, 115.0, 24.478681294614205)
(64.0, 116.0, 23.021585900609281)
(64.0, 117.0, 21.247108326051041)
(64.0, 118.0, 26.572347837888614)
(64.0, 119.0, 24.823704921160161)
(64.0, 120.0, 25.055900172001053)
(64.0, 121.0, 27.293026596479578)
(64.0, 122.0, 23.88835519093298)
(64.0, 123.0, 27.98589366998559)
(64.0, 124.0, 22.907079840186981)
(64.0, 125.0, 25.581758519527916)
(64.0, 126.0, 23.786562918412979)
(64.0, 127.0, 24.683397860353697)
(64.0, 128.0, 24.515853970476691)
(64.0, 129.0, 26.713484240225725)
(64.0, 130.0, 24.968460474039794)
(64.0, 131.0, 22.68294842518096)
(64.0, 132.0, 21.982818140198756)
(64.0, 133.0, 21.76934193791471)
(64.0, 134.0, 25.981324885274088)
(64.0, 135.0, 25.337617353792282)
(64.0, 136.0, 26.933218013677791)
(64.0, 137.0, 25.22082651722522)
(64.0, 138.0, 22.777644284869801)
(64.0, 139.0, 27.484637207534249)
(64.0, 140.0, 27.209876909898931)
(64.0, 141.0, 23.554995080364737)
(64.0, 142.0, 25.078691226350877)
(64.0, 143.0, 25.217319184756555)
(64.0, 144.0, 24.180153917449253)
(64.0, 145.0, 25.7673249630224)
(64.0, 146.0, 26.676915475924318)
(64.0, 147.0, 21.652137926709145)
(64.0, 148.0, 24.148490187994419)
(64.0, 149.0, 25.179985872136442)
(64.0, 150.0, 26.946052516652244)
(64.0, 151.0, 26.977859021242249)
(64.0, 152.0, 25.985832940475021)
(64.0, 153.0, 26.761220203397116)
(64.0, 154.0, 25.820104129767461)
(64.0, 155.0, 25.814768777394008)
(64.0, 156.0, 26.202574024758857)
(64.0, 157.0, 27.687852434307615)
(64.0, 158.0, 26.022785252804933)
(64.0, 159.0, 24.591419737757914)
(64.0, 160.0, 23.475797150661379)
(64.0, 161.0, 25.43067985817688)
(64.0, 162.0, 24.865464811968018)
(64.0, 163.0, 22.751438910089689)
(64.0, 164.0, 25.237591531537817)
(64.0, 165.0, 24.96167294817721)
(64.0, 166.0, 26.426361297041701)
(64.0, 167.0, 24.159535116784046)
(64.0, 168.0, 23.580593728531291)
(64.0, 169.0, 25.213209886230771)
(64.0, 170.0, 23.138035431397189)
(64.0, 171.0, 26.327077166982278)
(64.0, 172.0, 25.896250975156089)
(64.0, 173.0, 25.071559187907528)
(64.0, 174.0, 22.099570558127166)
(64.0, 175.0, 24.100863207255092)
(64.0, 176.0, 23.171103866112983)
(64.0, 177.0, 26.358889539876706)
(64.0, 178.0, 23.706296976639592)
(64.0, 179.0, 25.448179808049233)
(64.0, 180.0, 25.425299351247123)
(64.0, 181.0, 26.322552706194955)
(64.0, 182.0, 25.41345226079028)
(64.0, 183.0, 24.185554939267679)
(64.0, 184.0, 24.723952910520477)
(64.0, 185.0, 21.881406153379359)
(64.0, 186.0, 24.566527325042482)
(64.0, 187.0, 25.771639706130529)
(64.0, 188.0, 24.273010877370925)
(64.0, 189.0, 27.978156328715272)
(64.0, 190.0, 25.355819629594237)
(64.0, 191.0, 23.289637152211085)
(64.0, 192.0, 24.489524313269719)
(64.0, 193.0, 23.833899415657932)
(64.0, 194.0, 24.684843224825762)
(64.0, 195.0, 24.736503968366254)
(64.0, 196.0, 26.551421945893601)
(64.0, 197.0, 24.787191808983547)
(64.0, 198.0, 21.624042169116564)
(64.0, 199.0, 23.999983785014962)
(65.0, 0.0, 21.745027408866015)
(65.0, 1.0, 24.979621052116361)
(65.0, 2.0, 23.866843839084041)
(65.0, 3.0, 25.62046766700599)
(65.0, 4.0, 22.864348153186359)
(65.0, 5.0, 25.380210227389178)
(65.0, 6.0, 26.246704141422093)
(65.0, 7.0, 26.104749174666246)
(65.0, 8.0, 21.89345455960591)
(65.0, 9.0, 24.795955628235113)
(65.0, 10.0, 23.834197165755484)
(65.0, 11.0, 27.120397535031877)
(65.0, 12.0, 25.261463243615431)
(65.0, 13.0, 23.910434371050691)
(65.0, 14.0, 25.11158459002937)
(65.0, 15.0, 22.913533248522242)
(65.0, 16.0, 23.117721664891782)
(65.0, 17.0, 25.73258350206325)
(65.0, 18.0, 24.526365622438277)
(65.0, 19.0, 29.331093212259894)
(65.0, 20.0, 25.606287051441246)
(65.0, 21.0, 25.253747850708105)
(65.0, 22.0, 27.528139237122467)
(65.0, 23.0, 26.672472982484919)
(65.0, 24.0, 20.133013521123697)
(65.0, 25.0, 20.779029323906776)
(65.0, 26.0, 23.460857113829221)
(65.0, 27.0, 27.641398898434396)
(65.0, 28.0, 25.111701842951327)
(65.0, 29.0, 24.376805381099352)
(65.0, 30.0, 22.765756511309547)
(65.0, 31.0, 23.174303598330688)
(65.0, 32.0, 24.709382299520225)
(65.0, 33.0, 26.143731815773627)
(65.0, 34.0, 24.344249391288159)
(65.0, 35.0, 25.45330193694506)
(65.0, 36.0, 22.478633641557003)
(65.0, 37.0, 26.851676587010118)
(65.0, 38.0, 26.55405473596246)
(65.0, 39.0, 23.390395290792441)
(65.0, 40.0, 22.731180025491742)
(65.0, 41.0, 23.00220139357944)
(65.0, 42.0, 23.365045791059018)
(65.0, 43.0, 27.075733848657819)
(65.0, 44.0, 27.604866438682983)
(65.0, 45.0, 26.394414881458598)
(65.0, 46.0, 25.844226617598025)
(65.0, 47.0, 24.636458970330985)
(65.0, 48.0, 22.618892529873616)
(65.0, 49.0, 28.078817110958362)
(65.0, 50.0, 26.859824756248742)
(65.0, 51.0, 26.888105375405477)
(65.0, 52.0, 25.136950643074709)
(65.0, 53.0, 25.366368751359463)
(65.0, 54.0, 22.96043001383017)
(65.0, 55.0, 23.596274991014809)
(65.0, 56.0, 26.870243954068503)
(65.0, 57.0, 25.666154578686594)
(65.0, 58.0, 24.582906551652808)
(65.0, 59.0, 25.226700932774634)
(65.0, 60.0, 25.911129049387444)
(65.0, 61.0, 22.754239794992252)
(65.0, 62.0, 25.496609182108813)
(65.0, 63.0, 23.027815564893871)
(65.0, 64.0, 22.627039689658339)
(65.0, 65.0, 24.221103709844591)
(65.0, 66.0, 25.663940714239011)
(65.0, 67.0, 24.240366557409853)
(65.0, 68.0, 26.753501795006869)
(65.0, 69.0, 26.099309531503025)
(65.0, 70.0, 25.293511874616492)
(65.0, 71.0, 23.990295567560736)
(65.0, 72.0, 22.876911866048257)
(65.0, 73.0, 21.780716514825464)
(65.0, 74.0, 24.858100992420198)
(65.0, 75.0, 27.192409350571111)
(65.0, 76.0, 24.588009830145875)
(65.0, 77.0, 23.299908078689946)
(65.0, 78.0, 24.596328336500328)
(65.0, 79.0, 25.299661035905778)
(65.0, 80.0, 27.414809404415582)
(65.0, 81.0, 21.393329920252366)
(65.0, 82.0, 21.114947271146804)
(65.0, 83.0, 23.308257858764861)
(65.0, 84.0, 27.07199069939853)
(65.0, 85.0, 25.76451837123868)
(65.0, 86.0, 26.933790093995146)
(65.0, 87.0, 23.409780197011457)
(65.0, 88.0, 25.153537677299422)
(65.0, 89.0, 25.464376645327302)
(65.0, 90.0, 26.662830340984897)
(65.0, 91.0, 24.526786680843561)
(65.0, 92.0, 23.569641748812678)
(65.0, 93.0, 25.915790205270302)
(65.0, 94.0, 25.494404209877946)
(65.0, 95.0, 22.083211892507059)
(65.0, 96.0, 23.621948677867685)
(65.0, 97.0, 24.251173953193259)
(65.0, 98.0, 23.296723381407453)
(65.0, 99.0, 24.422767376282238)
(65.0, 100.0, 24.366439061427116)
(65.0, 101.0, 23.533473765224649)
(65.0, 102.0, 25.793617572765722)
(65.0, 103.0, 26.523008379200938)
(65.0, 104.0, 27.554962251516489)
(65.0, 105.0, 24.658709163019711)
(65.0, 106.0, 25.262995179843379)
(65.0, 107.0, 23.068755226580663)
(65.0, 108.0, 25.22795746727467)
(65.0, 109.0, 23.062249041134109)
(65.0, 110.0, 25.129678557074133)
(65.0, 111.0, 25.940080127893989)
(65.0, 112.0, 28.299412596428503)
(65.0, 113.0, 25.805090623169974)
(65.0, 114.0, 25.378806074893909)
(65.0, 115.0, 25.943571416900404)
(65.0, 116.0, 23.253034145595674)
(65.0, 117.0, 22.185489404881537)
(65.0, 118.0, 24.546205654336312)
(65.0, 119.0, 24.372147134315171)
(65.0, 120.0, 25.692009265658367)
(65.0, 121.0, 28.584698167210099)
(65.0, 122.0, 24.469429934969881)
(65.0, 123.0, 27.773557136254926)
(65.0, 124.0, 24.43078994232248)
(65.0, 125.0, 28.030551716030249)
(65.0, 126.0, 24.548484384879995)
(65.0, 127.0, 26.618743311314574)
(65.0, 128.0, 24.734332436528604)
(65.0, 129.0, 26.49003193840722)
(65.0, 130.0, 25.826709241441819)
(65.0, 131.0, 26.047083831813435)
(65.0, 132.0, 21.682211727795313)
(65.0, 133.0, 24.965311622284073)
(65.0, 134.0, 26.378167201049106)
(65.0, 135.0, 24.543312886820427)
(65.0, 136.0, 24.394386720276561)
(65.0, 137.0, 25.181348830823573)
(65.0, 138.0, 23.050111629515754)
(65.0, 139.0, 26.930528229478888)
(65.0, 140.0, 27.178567250146799)
(65.0, 141.0, 24.753540604318168)
(65.0, 142.0, 25.809693590521324)
(65.0, 143.0, 26.871309950639816)
(65.0, 144.0, 24.13456215846352)
(65.0, 145.0, 24.447004854516727)
(65.0, 146.0, 28.746798132755579)
(65.0, 147.0, 23.160239538507732)
(65.0, 148.0, 22.684286253189502)
(65.0, 149.0, 26.919370935206917)
(65.0, 150.0, 28.274938577190703)
(65.0, 151.0, 28.782200140963507)
(65.0, 152.0, 24.683997860509557)
(65.0, 153.0, 27.25596742473661)
(65.0, 154.0, 26.539817615022574)
(65.0, 155.0, 24.890514362320229)
(65.0, 156.0, 24.779754981885887)
(65.0, 157.0, 27.783999416319343)
(65.0, 158.0, 26.334476114959593)
(65.0, 159.0, 26.745565624556015)
(65.0, 160.0, 23.650383026882487)
(65.0, 161.0, 24.570060844756096)
(65.0, 162.0, 26.515179895436688)
(65.0, 163.0, 21.425030624598591)
(65.0, 164.0, 24.81904234470041)
(65.0, 165.0, 26.060081371165488)
(65.0, 166.0, 27.977158041753626)
(65.0, 167.0, 24.949125776156482)
(65.0, 168.0, 25.807236329940245)
(65.0, 169.0, 24.466622164932733)
(65.0, 170.0, 22.119630856837389)
(65.0, 171.0, 26.413603149728992)
(65.0, 172.0, 27.294992303788241)
(65.0, 173.0, 26.470296464595069)
(65.0, 174.0, 22.144531921237572)
(65.0, 175.0, 26.535523894390014)
(65.0, 176.0, 24.578348120964947)
(65.0, 177.0, 26.20563758058999)
(65.0, 178.0, 24.014116778029869)
(65.0, 179.0, 26.223081476464237)
(65.0, 180.0, 25.091432466904394)
(65.0, 181.0, 25.463231615068125)
(65.0, 182.0, 26.565068849362312)
(65.0, 183.0, 24.740824266893526)
(65.0, 184.0, 24.579720414319294)
(65.0, 185.0, 25.93068119758604)
(65.0, 186.0, 23.658398009311401)
(65.0, 187.0, 27.458162212731864)
(65.0, 188.0, 24.306040679742644)
(65.0, 189.0, 28.068494747811798)
(65.0, 190.0, 27.247096900606739)
(65.0, 191.0, 23.623884481086215)
(65.0, 192.0, 25.914941258142118)
(65.0, 193.0, 26.3093132366253)
(65.0, 194.0, 26.943612334711005)
(65.0, 195.0, 25.219022488313293)
(65.0, 196.0, 26.532813863025861)
(65.0, 197.0, 25.74756038663023)
(65.0, 198.0, 24.587202766842079)
(65.0, 199.0, 25.359787312325185)
(66.0, 0.0, 22.731248641946017)
(66.0, 1.0, 25.893336801651987)
(66.0, 2.0, 23.96020990294949)
(66.0, 3.0, 27.4921198740455)
(66.0, 4.0, 25.356016878113774)
(66.0, 5.0, 25.759032173125341)
(66.0, 6.0, 28.257173365676096)
(66.0, 7.0, 26.960325434521629)
(66.0, 8.0, 22.220101573653402)
(66.0, 9.0, 26.440337872950089)
(66.0, 10.0, 24.592491636097755)
(66.0, 11.0, 27.277905132321013)
(66.0, 12.0, 26.041143327266635)
(66.0, 13.0, 26.092527001410744)
(66.0, 14.0, 26.479192788747071)
(66.0, 15.0, 25.848311409172798)
(66.0, 16.0, 25.150365850087848)
(66.0, 17.0, 26.479589671853049)
(66.0, 18.0, 26.798642870967477)
(66.0, 19.0, 29.281482240883641)
(66.0, 20.0, 27.622544215298944)
(66.0, 21.0, 26.196630658794014)
(66.0, 22.0, 27.935328733711415)
(66.0, 23.0, 27.750834563697481)
(66.0, 24.0, 21.558621053428368)
(66.0, 25.0, 22.751858651218594)
(66.0, 26.0, 25.011150327567002)
(66.0, 27.0, 31.140014441421222)
(66.0, 28.0, 28.809456465791104)
(66.0, 29.0, 25.60280744893408)
(66.0, 30.0, 24.375867183481677)
(66.0, 31.0, 24.190484081589659)
(66.0, 32.0, 27.415216946730283)
(66.0, 33.0, 26.160572732189213)
(66.0, 34.0, 26.750988778015163)
(66.0, 35.0, 27.856500946200818)
(66.0, 36.0, 23.00565709872544)
(66.0, 37.0, 28.185537964808784)
(66.0, 38.0, 28.18554221499004)
(66.0, 39.0, 23.118953888992184)
(66.0, 40.0, 24.712626586061237)
(66.0, 41.0, 25.810970874616075)
(66.0, 42.0, 24.720342206722332)
(66.0, 43.0, 27.662219182344344)
(66.0, 44.0, 29.735926339081786)
(66.0, 45.0, 27.385425965764497)
(66.0, 46.0, 27.04094382279008)
(66.0, 47.0, 24.602730173784089)
(66.0, 48.0, 25.502704223739798)
(66.0, 49.0, 27.802860824794539)
(66.0, 50.0, 28.187513694030315)
(66.0, 51.0, 26.753583962764722)
(66.0, 52.0, 26.548110075119162)
(66.0, 53.0, 25.788586521960521)
(66.0, 54.0, 25.56239713011249)
(66.0, 55.0, 24.511434548198441)
(66.0, 56.0, 27.772702932016685)
(66.0, 57.0, 25.243270840677926)
(66.0, 58.0, 24.717001095081233)
(66.0, 59.0, 24.980308776245494)
(66.0, 60.0, 26.935275456357395)
(66.0, 61.0, 24.367380098507393)
(66.0, 62.0, 27.856865085606156)
(66.0, 63.0, 25.009891976524589)
(66.0, 64.0, 24.117290373938154)
(66.0, 65.0, 25.127910350926292)
(66.0, 66.0, 27.897161882945781)
(66.0, 67.0, 25.052447046901051)
(66.0, 68.0, 27.686021351528531)
(66.0, 69.0, 26.179398737817046)
(66.0, 70.0, 28.066962100413825)
(66.0, 71.0, 26.321233775877715)
(66.0, 72.0, 22.747605939941245)
(66.0, 73.0, 23.812423446542674)
(66.0, 74.0, 25.75150727055378)
(66.0, 75.0, 26.666869437496516)
(66.0, 76.0, 25.531878252246116)
(66.0, 77.0, 24.39103546786621)
(66.0, 78.0, 25.26399622473847)
(66.0, 79.0, 24.077585765105137)
(66.0, 80.0, 27.100675534728818)
(66.0, 81.0, 22.731756391154558)
(66.0, 82.0, 23.17773530613038)
(66.0, 83.0, 25.47617751606542)
(66.0, 84.0, 26.936538792204313)
(66.0, 85.0, 25.953918444042397)
(66.0, 86.0, 27.380012237321921)
(66.0, 87.0, 24.694088575871437)
(66.0, 88.0, 24.880854610834572)
(66.0, 89.0, 27.03839937790114)
(66.0, 90.0, 25.292938360993301)
(66.0, 91.0, 25.110336146464761)
(66.0, 92.0, 25.506090942547008)
(66.0, 93.0, 26.866235213454203)
(66.0, 94.0, 27.025375405423087)
(66.0, 95.0, 24.922765801851096)
(66.0, 96.0, 24.821591443189099)
(66.0, 97.0, 25.989931304845999)
(66.0, 98.0, 25.457299245996182)
(66.0, 99.0, 26.92886265131424)
(66.0, 100.0, 27.081165161572777)
(66.0, 101.0, 24.616088714728868)
(66.0, 102.0, 26.601994809286651)
(66.0, 103.0, 28.521264484276685)
(66.0, 104.0, 29.708876813808004)
(66.0, 105.0, 25.788633237065341)
(66.0, 106.0, 24.414385936439484)
(66.0, 107.0, 25.283776737987349)
(66.0, 108.0, 24.515146479401029)
(66.0, 109.0, 25.145230314884124)
(66.0, 110.0, 26.31912205421904)
(66.0, 111.0, 27.419925623433208)
(66.0, 112.0, 29.745604200582115)
(66.0, 113.0, 26.967844114982455)
(66.0, 114.0, 26.659619783789474)
(66.0, 115.0, 27.18684768956053)
(66.0, 116.0, 24.310475899873168)
(66.0, 117.0, 24.529059678084248)
(66.0, 118.0, 27.412180419257552)
(66.0, 119.0, 27.168376892586469)
(66.0, 120.0, 26.622501078300797)
(66.0, 121.0, 27.725686376934377)
(66.0, 122.0, 24.815444989143177)
(66.0, 123.0, 29.725210890790265)
(66.0, 124.0, 25.958239474082184)
(66.0, 125.0, 29.095904967413489)
(66.0, 126.0, 26.240481045970718)
(66.0, 127.0, 28.652666195467859)
(66.0, 128.0, 24.824367998047286)
(66.0, 129.0, 26.87887281161116)
(66.0, 130.0, 26.575127072556505)
(66.0, 131.0, 26.544902943578457)
(66.0, 132.0, 22.304685097992344)
(66.0, 133.0, 22.972050153094447)
(66.0, 134.0, 27.838684595581128)
(66.0, 135.0, 25.095478452284496)
(66.0, 136.0, 25.939887912865796)
(66.0, 137.0, 26.340479524130163)
(66.0, 138.0, 23.665812432755455)
(66.0, 139.0, 29.471682850716551)
(66.0, 140.0, 28.945171073201962)
(66.0, 141.0, 26.738030253015292)
(66.0, 142.0, 25.676522355355431)
(66.0, 143.0, 27.818062443723356)
(66.0, 144.0, 25.00486390119524)
(66.0, 145.0, 27.047798181752043)
(66.0, 146.0, 29.164351314414859)
(66.0, 147.0, 23.318726560354104)
(66.0, 148.0, 25.500288716714568)
(66.0, 149.0, 27.163735025397273)
(66.0, 150.0, 28.139081700971555)
(66.0, 151.0, 29.20147238364515)
(66.0, 152.0, 27.191174993180592)
(66.0, 153.0, 27.00874780104207)
(66.0, 154.0, 26.8179034127973)
(66.0, 155.0, 26.322123702232012)
(66.0, 156.0, 25.817783691941127)
(66.0, 157.0, 29.388851092285567)
(66.0, 158.0, 29.186274751153679)
(66.0, 159.0, 27.887051564491745)
(66.0, 160.0, 25.49302287048172)
(66.0, 161.0, 27.256778337732886)
(66.0, 162.0, 26.479055886269265)
(66.0, 163.0, 22.273957287603373)
(66.0, 164.0, 26.817014404994794)
(66.0, 165.0, 28.587116609889048)
(66.0, 166.0, 27.711522352377635)
(66.0, 167.0, 25.710992148221401)
(66.0, 168.0, 25.497136592148468)
(66.0, 169.0, 26.807156118758066)
(66.0, 170.0, 24.116220245243433)
(66.0, 171.0, 28.092619585722581)
(66.0, 172.0, 29.63004581167948)
(66.0, 173.0, 26.982720416504282)
(66.0, 174.0, 22.693509613719137)
(66.0, 175.0, 28.176030856350554)
(66.0, 176.0, 26.37894899157849)
(66.0, 177.0, 26.517324579158572)
(66.0, 178.0, 24.251280674662915)
(66.0, 179.0, 28.255873946837312)
(66.0, 180.0, 26.62726438986865)
(66.0, 181.0, 26.215338516911896)
(66.0, 182.0, 26.193061222919752)
(66.0, 183.0, 26.001760005682023)
(66.0, 184.0, 23.704436924144321)
(66.0, 185.0, 27.740947365901718)
(66.0, 186.0, 27.026355568449986)
(66.0, 187.0, 28.500269634423159)
(66.0, 188.0, 26.049831512058052)
(66.0, 189.0, 28.888979345269124)
(66.0, 190.0, 28.18729705168689)
(66.0, 191.0, 25.905751682589337)
(66.0, 192.0, 25.826585132568169)
(66.0, 193.0, 26.609220873003235)
(66.0, 194.0, 25.717706928901766)
(66.0, 195.0, 27.526835735334764)
(66.0, 196.0, 26.776161292734447)
(66.0, 197.0, 26.886438776208138)
(66.0, 198.0, 26.349333474508484)
(66.0, 199.0, 25.85221512629839)
(67.0, 0.0, 23.871168135271631)
(67.0, 1.0, 27.475273700522003)
(67.0, 2.0, 25.02968167889922)
(67.0, 3.0, 27.579795223346196)
(67.0, 4.0, 25.432001241658387)
(67.0, 5.0, 26.945825326426402)
(67.0, 6.0, 30.262449155373869)
(67.0, 7.0, 28.602319173229613)
(67.0, 8.0, 23.295619588436146)
(67.0, 9.0, 27.105657079775472)
(67.0, 10.0, 26.236032748116116)
(67.0, 11.0, 28.0100978295064)
(67.0, 12.0, 26.622559271915755)
(67.0, 13.0, 27.003269185148643)
(67.0, 14.0, 28.407862820040474)
(67.0, 15.0, 25.725182164562916)
(67.0, 16.0, 25.139774325366158)
(67.0, 17.0, 27.65719560695597)
(67.0, 18.0, 28.795600158818608)
(67.0, 19.0, 31.927580080941325)
(67.0, 20.0, 26.855902121263448)
(67.0, 21.0, 26.188695241201536)
(67.0, 22.0, 28.442280328041925)
(67.0, 23.0, 29.299727125731678)
(67.0, 24.0, 21.698515718819976)
(67.0, 25.0, 22.918764057599361)
(67.0, 26.0, 25.280946476359404)
(67.0, 27.0, 29.601740449722314)
(67.0, 28.0, 26.689012572838578)
(67.0, 29.0, 25.422294149042628)
(67.0, 30.0, 27.442261185642018)
(67.0, 31.0, 24.740030897716856)
(67.0, 32.0, 27.762537033581467)
(67.0, 33.0, 27.652694413452174)
(67.0, 34.0, 27.352622279829745)
(67.0, 35.0, 26.743895066014392)
(67.0, 36.0, 25.006649703134411)
(67.0, 37.0, 28.777094434586342)
(67.0, 38.0, 28.93911643639839)
(67.0, 39.0, 23.737514438214323)
(67.0, 40.0, 24.559087125442137)
(67.0, 41.0, 27.581185813482755)
(67.0, 42.0, 26.390700477130224)
(67.0, 43.0, 28.792544734183924)
(67.0, 44.0, 31.283436349727545)
(67.0, 45.0, 27.449689162064015)
(67.0, 46.0, 26.451847324546023)
(67.0, 47.0, 25.032431144538052)
(67.0, 48.0, 25.957226127007758)
(67.0, 49.0, 30.33538999230359)
(67.0, 50.0, 28.838541969714633)
(67.0, 51.0, 28.108953708156566)
(67.0, 52.0, 28.420567905271174)
(67.0, 53.0, 26.443373360269032)
(67.0, 54.0, 26.91641742853826)
(67.0, 55.0, 25.617467262734554)
(67.0, 56.0, 30.121879679361122)
(67.0, 57.0, 26.075798895773143)
(67.0, 58.0, 24.902620641830346)
(67.0, 59.0, 27.10335359483647)
(67.0, 60.0, 27.893697838760158)
(67.0, 61.0, 25.948570920173314)
(67.0, 62.0, 28.822019542788269)
(67.0, 63.0, 24.659579704002475)
(67.0, 64.0, 24.853094599800261)
(67.0, 65.0, 28.556839151497616)
(67.0, 66.0, 25.483757632237836)
(67.0, 67.0, 26.053218937334886)
(67.0, 68.0, 29.116863582520068)
(67.0, 69.0, 26.267386096738992)
(67.0, 70.0, 29.361832986775859)
(67.0, 71.0, 26.280025714613494)
(67.0, 72.0, 22.980424117300938)
(67.0, 73.0, 25.892404063004143)
(67.0, 74.0, 27.229490084868047)
(67.0, 75.0, 28.261451765969483)
(67.0, 76.0, 27.227825190052371)
(67.0, 77.0, 25.113612855038589)
(67.0, 78.0, 26.901319549371163)
(67.0, 79.0, 26.141903593261688)
(67.0, 80.0, 27.567424770836642)
(67.0, 81.0, 22.671644460845801)
(67.0, 82.0, 24.39652176292963)
(67.0, 83.0, 25.68868414356557)
(67.0, 84.0, 28.816908821099467)
(67.0, 85.0, 29.631730650833148)
(67.0, 86.0, 29.041034618595354)
(67.0, 87.0, 26.50635100837458)
(67.0, 88.0, 25.535077670711928)
(67.0, 89.0, 28.064491846200472)
(67.0, 90.0, 26.95730389397561)
(67.0, 91.0, 25.227863175467395)
(67.0, 92.0, 25.992166284069036)
(67.0, 93.0, 27.446588558321501)
(67.0, 94.0, 26.886040047547414)
(67.0, 95.0, 25.599591318675564)
(67.0, 96.0, 26.495811476190969)
(67.0, 97.0, 27.606837304471405)
(67.0, 98.0, 25.363119439430896)
(67.0, 99.0, 28.418476721797546)
(67.0, 100.0, 28.469644821186222)
(67.0, 101.0, 26.360868919479543)
(67.0, 102.0, 27.080297538796394)
(67.0, 103.0, 28.896956072636819)
(67.0, 104.0, 29.489340311839918)
(67.0, 105.0, 27.760030730634266)
(67.0, 106.0, 25.998740237480661)
(67.0, 107.0, 25.23518890931248)
(67.0, 108.0, 27.27434748396395)
(67.0, 109.0, 26.789289815876792)
(67.0, 110.0, 26.060434607596747)
(67.0, 111.0, 27.508624397411658)
(67.0, 112.0, 28.565283076032934)
(67.0, 113.0, 28.173643922463615)
(67.0, 114.0, 27.615231009998929)
(67.0, 115.0, 26.18890091205499)
(67.0, 116.0, 25.879552584438805)
(67.0, 117.0, 23.676939269345279)
(67.0, 118.0, 29.40956801635566)
(67.0, 119.0, 27.695424341073068)
(67.0, 120.0, 28.270052926235643)
(67.0, 121.0, 26.894692989646174)
(67.0, 122.0, 24.653518246453832)
(67.0, 123.0, 29.150541010235976)
(67.0, 124.0, 28.070630746628002)
(67.0, 125.0, 28.18981639273224)
(67.0, 126.0, 26.341840510093821)
(67.0, 127.0, 28.637326714172268)
(67.0, 128.0, 26.384312978421043)
(67.0, 129.0, 28.847409769935219)
(67.0, 130.0, 26.819409426871957)
(67.0, 131.0, 27.137448730765506)
(67.0, 132.0, 21.426417045945623)
(67.0, 133.0, 24.808736966872427)
(67.0, 134.0, 27.964501467951919)
(67.0, 135.0, 27.966723063931926)
(67.0, 136.0, 27.582662025118697)
(67.0, 137.0, 26.933287942742904)
(67.0, 138.0, 25.638599560109263)
(67.0, 139.0, 30.572349370447181)
(67.0, 140.0, 28.766316545884301)
(67.0, 141.0, 26.528434764416605)
(67.0, 142.0, 26.656586512377629)
(67.0, 143.0, 28.369262424359079)
(67.0, 144.0, 26.248995066164074)
(67.0, 145.0, 27.948841493008498)
(67.0, 146.0, 28.871022292279836)
(67.0, 147.0, 26.465355270697469)
(67.0, 148.0, 26.400422822363993)
(67.0, 149.0, 28.126535573098881)
(67.0, 150.0, 32.561527059382115)
(67.0, 151.0, 29.980913484775257)
(67.0, 152.0, 27.962721304252895)
(67.0, 153.0, 30.57539039250587)
(67.0, 154.0, 28.984696990038692)
(67.0, 155.0, 28.783434619303058)
(67.0, 156.0, 27.299404503203828)
(67.0, 157.0, 30.383237340779125)
(67.0, 158.0, 28.32881638371299)
(67.0, 159.0, 27.32727971643429)
(67.0, 160.0, 26.77758717464134)
(67.0, 161.0, 28.699678221891809)
(67.0, 162.0, 27.221059322848394)
(67.0, 163.0, 26.02156094994405)
(67.0, 164.0, 27.257901270354612)
(67.0, 165.0, 27.508434661697898)
(67.0, 166.0, 29.106235291192313)
(67.0, 167.0, 25.942884374063393)
(67.0, 168.0, 28.333804856405617)
(67.0, 169.0, 27.977503744770271)
(67.0, 170.0, 25.771846345886431)
(67.0, 171.0, 28.102413617956088)
(67.0, 172.0, 30.666006454617133)
(67.0, 173.0, 26.625794757913734)
(67.0, 174.0, 25.430105935322921)
(67.0, 175.0, 28.28475659597083)
(67.0, 176.0, 25.961093107835055)
(67.0, 177.0, 27.530055523989645)
(67.0, 178.0, 24.910483145897025)
(67.0, 179.0, 31.040093449959205)
(67.0, 180.0, 28.590437087154896)
(67.0, 181.0, 29.481313444359419)
(67.0, 182.0, 28.643563696475091)
(67.0, 183.0, 26.317349934542033)
(67.0, 184.0, 25.375108810456531)
(67.0, 185.0, 26.487446166426828)
(67.0, 186.0, 28.572914653757763)
(67.0, 187.0, 29.191886010328091)
(67.0, 188.0, 27.425179161550393)
(67.0, 189.0, 29.926318593829613)
(67.0, 190.0, 28.335085326897023)
(67.0, 191.0, 26.132862291297279)
(67.0, 192.0, 26.421744357864654)
(67.0, 193.0, 27.560806953815188)
(67.0, 194.0, 29.297261301760543)
(67.0, 195.0, 27.920442589308713)
(67.0, 196.0, 27.833364696896531)
(67.0, 197.0, 27.825520606603682)
(67.0, 198.0, 26.865301229533515)
(67.0, 199.0, 26.765205508873755)
(68.0, 0.0, 21.153066259237061)
(68.0, 1.0, 23.035569407326562)
(68.0, 2.0, 23.754680713637278)
(68.0, 3.0, 25.871229557079772)
(68.0, 4.0, 22.825899098851306)
(68.0, 5.0, 25.175536115587178)
(68.0, 6.0, 26.704184364772125)
(68.0, 7.0, 26.220365370205329)
(68.0, 8.0, 21.976424609333932)
(68.0, 9.0, 24.313418983048489)
(68.0, 10.0, 23.584689848819931)
(68.0, 11.0, 25.520394896168987)
(68.0, 12.0, 25.017320752246331)
(68.0, 13.0, 22.875028242429593)
(68.0, 14.0, 24.620634676567935)
(68.0, 15.0, 22.592160435760533)
(68.0, 16.0, 21.624264370069863)
(68.0, 17.0, 25.162557825842018)
(68.0, 18.0, 26.337889098373687)
(68.0, 19.0, 28.617654767659573)
(68.0, 20.0, 24.299215907159496)
(68.0, 21.0, 23.041200615129366)
(68.0, 22.0, 26.324882670349346)
(68.0, 23.0, 25.990089338857942)
(68.0, 24.0, 18.9218428701544)
(68.0, 25.0, 20.361488182690437)
(68.0, 26.0, 24.64864049656634)
(68.0, 27.0, 27.088405136820736)
(68.0, 28.0, 25.62989084936882)
(68.0, 29.0, 23.716947805822006)
(68.0, 30.0, 22.967938774257643)
(68.0, 31.0, 23.528020769434644)
(68.0, 32.0, 24.114929069320624)
(68.0, 33.0, 26.210308401334988)
(68.0, 34.0, 24.418158349874737)
(68.0, 35.0, 26.034945820610545)
(68.0, 36.0, 22.948267672769365)
(68.0, 37.0, 26.708566716589722)
(68.0, 38.0, 25.892208096522086)
(68.0, 39.0, 21.506836791273784)
(68.0, 40.0, 25.060690937559286)
(68.0, 41.0, 24.958755243338938)
(68.0, 42.0, 23.650376051709188)
(68.0, 43.0, 24.944943544773022)
(68.0, 44.0, 27.186645751422088)
(68.0, 45.0, 26.486056145352851)
(68.0, 46.0, 25.233448751308021)
(68.0, 47.0, 24.189932215825152)
(68.0, 48.0, 23.829913197567581)
(68.0, 49.0, 27.223232431631786)
(68.0, 50.0, 27.32669633319761)
(68.0, 51.0, 25.071598852976724)
(68.0, 52.0, 25.677226433111979)
(68.0, 53.0, 25.145432055921404)
(68.0, 54.0, 22.379941468754598)
(68.0, 55.0, 22.812157243102693)
(68.0, 56.0, 25.899924481482408)
(68.0, 57.0, 22.8835360844914)
(68.0, 58.0, 21.551273955958749)
(68.0, 59.0, 23.170573818617616)
(68.0, 60.0, 25.119599636842263)
(68.0, 61.0, 22.865311248195315)
(68.0, 62.0, 24.291790426991675)
(68.0, 63.0, 23.243661820548891)
(68.0, 64.0, 24.510565271490087)
(68.0, 65.0, 24.60869494577544)
(68.0, 66.0, 24.267674946446967)
(68.0, 67.0, 25.014947522530509)
(68.0, 68.0, 26.56495988533128)
(68.0, 69.0, 24.995957323002244)
(68.0, 70.0, 26.21062134381058)
(68.0, 71.0, 23.716482616394789)
(68.0, 72.0, 22.759374339605166)
(68.0, 73.0, 23.582562104478377)
(68.0, 74.0, 24.206793933091479)
(68.0, 75.0, 26.3882060663658)
(68.0, 76.0, 24.017535985670897)
(68.0, 77.0, 21.966325598605167)
(68.0, 78.0, 24.869892204314361)
(68.0, 79.0, 23.062262817332382)
(68.0, 80.0, 24.761493477239842)
(68.0, 81.0, 20.491334854029677)
(68.0, 82.0, 21.283393724555204)
(68.0, 83.0, 23.238987986462579)
(68.0, 84.0, 25.483593128778967)
(68.0, 85.0, 25.655766099731466)
(68.0, 86.0, 25.213843521574582)
(68.0, 87.0, 23.555904653767943)
(68.0, 88.0, 24.617965066181732)
(68.0, 89.0, 25.527355975790389)
(68.0, 90.0, 22.833949440721067)
(68.0, 91.0, 24.34997914685859)
(68.0, 92.0, 21.644375014953734)
(68.0, 93.0, 24.735031234541804)
(68.0, 94.0, 24.502932403193501)
(68.0, 95.0, 22.044560847980534)
(68.0, 96.0, 22.065306956906724)
(68.0, 97.0, 25.381711155564918)
(68.0, 98.0, 24.300796867651091)
(68.0, 99.0, 24.846253008507837)
(68.0, 100.0, 25.981932899349246)
(68.0, 101.0, 22.430893846812623)
(68.0, 102.0, 25.470627375956386)
(68.0, 103.0, 26.744199690082215)
(68.0, 104.0, 27.931106231611452)
(68.0, 105.0, 25.238049624266736)
(68.0, 106.0, 22.45899707818544)
(68.0, 107.0, 22.999091613632448)
(68.0, 108.0, 22.937466528824984)
(68.0, 109.0, 25.004855212953125)
(68.0, 110.0, 23.543289671743338)
(68.0, 111.0, 25.305181976317826)
(68.0, 112.0, 26.631522923622345)
(68.0, 113.0, 26.255175162702695)
(68.0, 114.0, 24.824856408716958)
(68.0, 115.0, 24.456178752655529)
(68.0, 116.0, 22.81590460983471)
(68.0, 117.0, 20.53831908409958)
(68.0, 118.0, 25.869280017702128)
(68.0, 119.0, 24.291940101169075)
(68.0, 120.0, 25.695786525485268)
(68.0, 121.0, 25.752840392192667)
(68.0, 122.0, 24.168562258618437)
(68.0, 123.0, 27.397770169196132)
(68.0, 124.0, 26.114234792439895)
(68.0, 125.0, 24.747835185273008)
(68.0, 126.0, 22.374327995078055)
(68.0, 127.0, 24.575234691018323)
(68.0, 128.0, 25.635128358875701)
(68.0, 129.0, 26.164931960745832)
(68.0, 130.0, 24.875223282557627)
(68.0, 131.0, 23.400048683664636)
(68.0, 132.0, 20.760989169348822)
(68.0, 133.0, 22.444991791742822)
(68.0, 134.0, 26.192090333545508)
(68.0, 135.0, 22.866132927930899)
(68.0, 136.0, 26.416378725198513)
(68.0, 137.0, 24.238816256671363)
(68.0, 138.0, 22.020010247884862)
(68.0, 139.0, 25.591077476181198)
(68.0, 140.0, 29.062224081400299)
(68.0, 141.0, 22.743118904734516)
(68.0, 142.0, 22.786077236746923)
(68.0, 143.0, 25.696352075342606)
(68.0, 144.0, 22.198792031169504)
(68.0, 145.0, 24.580384376933004)
(68.0, 146.0, 26.055622281631791)
(68.0, 147.0, 23.213429059604806)
(68.0, 148.0, 25.789923468466089)
(68.0, 149.0, 25.079212770853545)
(68.0, 150.0, 27.255676902831816)
(68.0, 151.0, 28.900383340252819)
(68.0, 152.0, 25.935650217403918)
(68.0, 153.0, 27.506944210605958)
(68.0, 154.0, 25.500092024703942)
(68.0, 155.0, 26.599721671909322)
(68.0, 156.0, 25.283368338677324)
(68.0, 157.0, 26.562694478182969)
(68.0, 158.0, 25.884732756966358)
(68.0, 159.0, 26.312317533452688)
(68.0, 160.0, 23.443352244301135)
(68.0, 161.0, 24.979170229377235)
(68.0, 162.0, 26.327892093431977)
(68.0, 163.0, 22.972632035949147)
(68.0, 164.0, 24.227192401501448)
(68.0, 165.0, 24.435195791208088)
(68.0, 166.0, 25.946212464250543)
(68.0, 167.0, 23.520476655708556)
(68.0, 168.0, 23.98277279722118)
(68.0, 169.0, 24.524548871055561)
(68.0, 170.0, 22.896494727030483)
(68.0, 171.0, 26.753978025227195)
(68.0, 172.0, 26.379720004508137)
(68.0, 173.0, 25.924665413174161)
(68.0, 174.0, 21.532499536166473)
(68.0, 175.0, 25.842765367285725)
(68.0, 176.0, 23.175129789370253)
(68.0, 177.0, 26.394720971993813)
(68.0, 178.0, 23.703395542208931)
(68.0, 179.0, 26.522055347672058)
(68.0, 180.0, 25.156051641679706)
(68.0, 181.0, 26.105483195433692)
(68.0, 182.0, 25.192467959967132)
(68.0, 183.0, 24.885519432178363)
(68.0, 184.0, 23.84969378466764)
(68.0, 185.0, 23.789748310840437)
(68.0, 186.0, 25.343288591643493)
(68.0, 187.0, 26.781589314001746)
(68.0, 188.0, 24.986131752094067)
(68.0, 189.0, 26.8382239895484)
(68.0, 190.0, 25.32969071569519)
(68.0, 191.0, 23.467895643391977)
(68.0, 192.0, 26.039683840922724)
(68.0, 193.0, 24.79101670187578)
(68.0, 194.0, 25.062044772216563)
(68.0, 195.0, 25.624982833974592)
(68.0, 196.0, 24.463151570456148)
(68.0, 197.0, 26.148878989011195)
(68.0, 198.0, 23.925281387778746)
(68.0, 199.0, 24.251572095970719)
(69.0, 0.0, 19.437510460811986)
(69.0, 1.0, 23.550289815406725)
(69.0, 2.0, 22.172384462487464)
(69.0, 3.0, 23.285819447108594)
(69.0, 4.0, 21.080899618495732)
(69.0, 5.0, 24.531590921177088)
(69.0, 6.0, 26.488272189042906)
(69.0, 7.0, 23.337493434241129)
(69.0, 8.0, 21.070317823757634)
(69.0, 9.0, 23.402545381602778)
(69.0, 10.0, 22.332776817260513)
(69.0, 11.0, 25.160186857000241)
(69.0, 12.0, 22.356901418640263)
(69.0, 13.0, 24.184821606385917)
(69.0, 14.0, 21.976365052512563)
(69.0, 15.0, 20.029943086214836)
(69.0, 16.0, 21.913001191933716)
(69.0, 17.0, 23.698953400540155)
(69.0, 18.0, 23.140092534403252)
(69.0, 19.0, 26.807566504635254)
(69.0, 20.0, 23.843853794452585)
(69.0, 21.0, 22.404775019207051)
(69.0, 22.0, 23.4949049395711)
(69.0, 23.0, 24.97220665797801)
(69.0, 24.0, 19.687977218354519)
(69.0, 25.0, 19.324392077950819)
(69.0, 26.0, 21.572501798991873)
(69.0, 27.0, 26.940042671529348)
(69.0, 28.0, 22.560582303433129)
(69.0, 29.0, 23.282774654519855)
(69.0, 30.0, 22.60208900875109)
(69.0, 31.0, 21.02594225296717)
(69.0, 32.0, 23.040093193279528)
(69.0, 33.0, 24.000105474872058)
(69.0, 34.0, 25.16545079126578)
(69.0, 35.0, 24.570103863032106)
(69.0, 36.0, 20.524392989709789)
(69.0, 37.0, 24.667736425365725)
(69.0, 38.0, 25.290411501640172)
(69.0, 39.0, 21.481444296821774)
(69.0, 40.0, 21.342215134017387)
(69.0, 41.0, 24.159884391936174)
(69.0, 42.0, 22.656746702093734)
(69.0, 43.0, 25.046769288084338)
(69.0, 44.0, 24.954266471026173)
(69.0, 45.0, 24.225193233625745)
(69.0, 46.0, 23.655282762705617)
(69.0, 47.0, 22.670227167660627)
(69.0, 48.0, 20.951352813410438)
(69.0, 49.0, 24.868914444635344)
(69.0, 50.0, 25.934387183904253)
(69.0, 51.0, 24.157059460243605)
(69.0, 52.0, 23.92580265163167)
(69.0, 53.0, 21.751368520966196)
(69.0, 54.0, 21.352179270157542)
(69.0, 55.0, 23.155136979009001)
(69.0, 56.0, 24.357148658554685)
(69.0, 57.0, 22.49316657013685)
(69.0, 58.0, 22.71021899091275)
(69.0, 59.0, 22.904053171732066)
(69.0, 60.0, 23.746452455142133)
(69.0, 61.0, 21.384378853937122)
(69.0, 62.0, 23.394666510948483)
(69.0, 63.0, 22.626305593297804)
(69.0, 64.0, 21.730378301898114)
(69.0, 65.0, 23.67278961347354)
(69.0, 66.0, 23.852455984936007)
(69.0, 67.0, 24.057389569083107)
(69.0, 68.0, 24.474951643331273)
(69.0, 69.0, 24.624350815507494)
(69.0, 70.0, 24.101713806618232)
(69.0, 71.0, 22.58117083920661)
(69.0, 72.0, 20.94945294496031)
(69.0, 73.0, 20.990621705442781)
(69.0, 74.0, 24.635852539011168)
(69.0, 75.0, 22.648734996998069)
(69.0, 76.0, 23.102473051216236)
(69.0, 77.0, 22.278804456468976)
(69.0, 78.0, 22.838352641596352)
(69.0, 79.0, 21.226720622905745)
(69.0, 80.0, 27.281541753986183)
(69.0, 81.0, 20.548520817416591)
(69.0, 82.0, 20.503283479678966)
(69.0, 83.0, 20.729542636121025)
(69.0, 84.0, 22.429571270236593)
(69.0, 85.0, 25.491842291700763)
(69.0, 86.0, 23.641972243411544)
(69.0, 87.0, 24.185427026064829)
(69.0, 88.0, 22.243209409535666)
(69.0, 89.0, 22.608148148214926)
(69.0, 90.0, 23.533263575284096)
(69.0, 91.0, 22.955220902417199)
(69.0, 92.0, 22.152851463546138)
(69.0, 93.0, 24.07715616391765)
(69.0, 94.0, 23.090605007973693)
(69.0, 95.0, 23.593463357821818)
(69.0, 96.0, 20.660113671964965)
(69.0, 97.0, 21.689100855937276)
(69.0, 98.0, 23.017505150020838)
(69.0, 99.0, 21.950629680421905)
(69.0, 100.0, 24.632023491343649)
(69.0, 101.0, 22.798889796078566)
(69.0, 102.0, 23.023889858309239)
(69.0, 103.0, 24.686884486732868)
(69.0, 104.0, 25.453102196403325)
(69.0, 105.0, 22.582154757063119)
(69.0, 106.0, 22.267697959708581)
(69.0, 107.0, 20.19362220138774)
(69.0, 108.0, 24.120318755161943)
(69.0, 109.0, 21.964081388143843)
(69.0, 110.0, 23.090460303528793)
(69.0, 111.0, 24.710219902005939)
(69.0, 112.0, 26.448614427663372)
(69.0, 113.0, 23.951881365425997)
(69.0, 114.0, 24.922176864112942)
(69.0, 115.0, 24.545405594357241)
(69.0, 116.0, 22.081981431423305)
(69.0, 117.0, 21.371106779785549)
(69.0, 118.0, 25.249854761173484)
(69.0, 119.0, 22.950314351274663)
(69.0, 120.0, 24.711476838189405)
(69.0, 121.0, 24.605543382976229)
(69.0, 122.0, 21.0478863480825)
(69.0, 123.0, 25.341838065138774)
(69.0, 124.0, 24.673704336406484)
(69.0, 125.0, 26.12754352451423)
(69.0, 126.0, 23.335432794954052)
(69.0, 127.0, 24.204884268267218)
(69.0, 128.0, 22.413922987431317)
(69.0, 129.0, 24.231428019576619)
(69.0, 130.0, 23.640365186173295)
(69.0, 131.0, 23.914767341257452)
(69.0, 132.0, 19.978030832303467)
(69.0, 133.0, 21.214120694854849)
(69.0, 134.0, 24.604151805301903)
(69.0, 135.0, 24.926633422411854)
(69.0, 136.0, 24.209372751485805)
(69.0, 137.0, 23.929843776483395)
(69.0, 138.0, 21.657908857450295)
(69.0, 139.0, 25.412982970965256)
(69.0, 140.0, 26.269094741730747)
(69.0, 141.0, 24.244468742520304)
(69.0, 142.0, 23.102759897872744)
(69.0, 143.0, 23.958959198158936)
(69.0, 144.0, 22.198690827359812)
(69.0, 145.0, 23.623639042860866)
(69.0, 146.0, 27.741805616716462)
(69.0, 147.0, 21.950979463407705)
(69.0, 148.0, 21.192970285219399)
(69.0, 149.0, 23.205709772940896)
(69.0, 150.0, 26.202401411113691)
(69.0, 151.0, 26.604403690955643)
(69.0, 152.0, 23.949547312634596)
(69.0, 153.0, 23.713313704178205)
(69.0, 154.0, 24.402115314898595)
(69.0, 155.0, 22.561596422458418)
(69.0, 156.0, 24.390991720444021)
(69.0, 157.0, 24.182711883667523)
(69.0, 158.0, 25.408018692716411)
(69.0, 159.0, 24.754395378489498)
(69.0, 160.0, 23.38719773125943)
(69.0, 161.0, 24.17528054276038)
(69.0, 162.0, 23.272471297152435)
(69.0, 163.0, 22.493167091756781)
(69.0, 164.0, 24.175340977170666)
(69.0, 165.0, 24.306137011723106)
(69.0, 166.0, 23.55460474971542)
