(49.0, 22.0, 25.252781191175917)
(49.0, 23.0, 29.154052873653079)
(49.0, 24.0, 20.005701955216622)
(49.0, 25.0, 20.889992501565544)
(49.0, 26.0, 23.922837921802074)
(49.0, 27.0, 25.242974426144276)
(49.0, 28.0, 23.562179777270568)
(49.0, 29.0, 26.154899974319747)
(49.0, 30.0, 24.773727404867426)
(49.0, 31.0, 22.039628629800635)
(49.0, 32.0, 23.446982310505906)
(49.0, 33.0, 24.387150470832104)
(49.0, 34.0, 25.095995508454642)
(49.0, 35.0, 26.470889972571658)
(49.0, 36.0, 23.476463036465415)
(49.0, 37.0, 24.969670775937495)
(49.0, 38.0, 25.407197811735806)
(49.0, 39.0, 22.053480020988165)
(49.0, 40.0, 22.936449721211787)
(49.0, 41.0, 23.292226601026524)
(49.0, 42.0, 23.869060464127777)
(49.0, 43.0, 25.960263201006057)
(49.0, 44.0, 26.048252042370503)
(49.0, 45.0, 24.544557728552132)
(49.0, 46.0, 24.189370797977922)
(49.0, 47.0, 24.375116115212393)
(49.0, 48.0, 22.220212049709492)
(49.0, 49.0, 27.03805138828179)
(49.0, 50.0, 26.561058702313815)
(49.0, 51.0, 26.710811103982572)
(49.0, 52.0, 23.792910440712568)
(49.0, 53.0, 24.607960876438746)
(49.0, 54.0, 23.821285179883425)
(49.0, 55.0, 23.85147468556988)
(49.0, 56.0, 25.766009827452599)
(49.0, 57.0, 24.868426103817406)
(49.0, 58.0, 24.084313261259865)
(49.0, 59.0, 24.37258800394488)
(49.0, 60.0, 24.256456121234223)
(49.0, 61.0, 21.624106946718555)
(49.0, 62.0, 24.712914155845564)
(49.0, 63.0, 23.31403857356927)
(49.0, 64.0, 22.601394765201878)
(49.0, 65.0, 22.51465395960378)
(49.0, 66.0, 24.381058329132959)
(49.0, 67.0, 23.007904478219402)
(49.0, 68.0, 25.290305036401509)
(49.0, 69.0, 22.906245980016411)
(49.0, 70.0, 26.752494852620938)
(49.0, 71.0, 21.827693409347404)
(49.0, 72.0, 20.631026133706388)
(49.0, 73.0, 22.702658900455805)
(49.0, 74.0, 25.672568279824898)
(49.0, 75.0, 26.177014613884243)
(49.0, 76.0, 23.731037187506129)
(49.0, 77.0, 20.95025873444942)
(49.0, 78.0, 23.054529636205782)
(49.0, 79.0, 23.083482291045765)
(49.0, 80.0, 25.691712860990013)
(49.0, 81.0, 19.498088644693762)
(49.0, 82.0, 20.614328407708758)
(49.0, 83.0, 25.088032770377911)
(49.0, 84.0, 26.920314141320851)
(49.0, 85.0, 26.038091190922383)
(49.0, 86.0, 25.537955438120889)
(49.0, 87.0, 23.871724237796123)
(49.0, 88.0, 23.41619390124287)
(49.0, 89.0, 25.633206800788113)
(49.0, 90.0, 23.552480433148538)
(49.0, 91.0, 25.874108397146831)
(49.0, 92.0, 22.717293723649906)
(49.0, 93.0, 23.807936746959353)
(49.0, 94.0, 25.3141081737405)
(49.0, 95.0, 24.383448866433813)
(49.0, 96.0, 21.272468715612728)
(49.0, 97.0, 24.380664859921655)
(49.0, 98.0, 22.56692948059467)
(49.0, 99.0, 24.778539264257553)
(49.0, 100.0, 26.268725494129949)
(49.0, 101.0, 24.890243311562436)
(49.0, 102.0, 23.537099105300946)
(49.0, 103.0, 25.608698389193435)
(49.0, 104.0, 27.370078093502261)
(49.0, 105.0, 24.824381655962007)
(49.0, 106.0, 24.4146596001898)
(49.0, 107.0, 22.373079512443653)
(49.0, 108.0, 24.43615125891683)
(49.0, 109.0, 22.936010580695743)
(49.0, 110.0, 24.934432800499856)
(49.0, 111.0, 25.043468364309717)
(49.0, 112.0, 24.348082920499021)
(49.0, 113.0, 24.079757980704837)
(49.0, 114.0, 24.051139157678239)
(49.0, 115.0, 23.425877603940084)
(49.0, 116.0, 22.380425038272616)
(49.0, 117.0, 22.22903771016583)
(49.0, 118.0, 26.732827857535419)
(49.0, 119.0, 25.17444011335769)
(49.0, 120.0, 25.721172041090892)
(49.0, 121.0, 26.959462838529952)
(49.0, 122.0, 24.02977344033733)
(49.0, 123.0, 25.543216123370776)
(49.0, 124.0, 23.598453615070319)
(49.0, 125.0, 26.852970349283837)
(49.0, 126.0, 24.168174485190097)
(49.0, 127.0, 22.936226187887314)
(49.0, 128.0, 23.141915745080727)
(49.0, 129.0, 26.912252911755694)
(49.0, 130.0, 24.404827597781491)
(49.0, 131.0, 25.157320706472923)
(49.0, 132.0, 21.072798668989975)
(49.0, 133.0, 20.955895526427241)
(49.0, 134.0, 25.267224887639777)
(49.0, 135.0, 23.117550304906679)
(49.0, 136.0, 24.912982155453047)
(49.0, 137.0, 25.724590180000877)
(49.0, 138.0, 22.036712536095621)
(49.0, 139.0, 27.052175657061039)
(49.0, 140.0, 27.790334600473297)
(49.0, 141.0, 22.686561135104817)
(49.0, 142.0, 24.129509113472171)
(49.0, 143.0, 24.890444499884659)
(49.0, 144.0, 24.34252526649982)
(49.0, 145.0, 25.641272133430256)
(49.0, 146.0, 26.828236137853743)
(49.0, 147.0, 22.405486757091875)
(49.0, 148.0, 23.792990202352833)
(49.0, 149.0, 26.188010797139384)
(49.0, 150.0, 28.567884404425889)
(49.0, 151.0, 26.964868940501916)
(49.0, 152.0, 23.240838865507676)
(49.0, 153.0, 25.917739736265958)
(49.0, 154.0, 24.93486896522684)
(49.0, 155.0, 25.972857059087289)
(49.0, 156.0, 25.743035923679379)
(49.0, 157.0, 26.178159151876049)
(49.0, 158.0, 25.922750556047248)
(49.0, 159.0, 23.933147799283571)
(49.0, 160.0, 22.3266935053718)
(49.0, 161.0, 25.135939842101386)
(49.0, 162.0, 24.648680379282823)
(49.0, 163.0, 22.779387397651156)
(49.0, 164.0, 22.967514574396585)
(49.0, 165.0, 24.058173871242101)
(49.0, 166.0, 25.746399075144005)
(49.0, 167.0, 23.120131212900542)
(49.0, 168.0, 25.726232082870411)
(49.0, 169.0, 24.412943672192771)
(49.0, 170.0, 22.277598106902573)
(49.0, 171.0, 26.598378827498884)
(49.0, 172.0, 26.857092659004259)
(49.0, 173.0, 24.188928494102218)
(49.0, 174.0, 22.877318729433938)
(49.0, 175.0, 25.715687673100945)
(49.0, 176.0, 25.248425190091467)
(49.0, 177.0, 25.665558925638447)
(49.0, 178.0, 23.591534947760188)
(49.0, 179.0, 25.163605884746048)
(49.0, 180.0, 25.216807374950879)
(49.0, 181.0, 26.18146880480975)
(49.0, 182.0, 24.083504790875885)
(49.0, 183.0, 23.439522999401149)
(49.0, 184.0, 24.568111256347898)
(49.0, 185.0, 23.235554852650587)
(49.0, 186.0, 22.643763653190796)
(49.0, 187.0, 24.607922517147873)
(49.0, 188.0, 24.631207367355554)
(49.0, 189.0, 27.795284905164102)
(49.0, 190.0, 25.699431871719778)
(49.0, 191.0, 22.223758282198801)
(49.0, 192.0, 22.51360473729186)
(49.0, 193.0, 24.506484553143949)
(49.0, 194.0, 25.754377017852622)
(49.0, 195.0, 24.94102889660665)
(49.0, 196.0, 23.85236254630917)
(49.0, 197.0, 24.722375359001898)
(49.0, 198.0, 22.458746306380782)
(49.0, 199.0, 23.452707185394072)
(50.0, 0.0, 22.123546201334939)
(50.0, 1.0, 24.780631576951144)
(50.0, 2.0, 21.640092089013734)
(50.0, 3.0, 26.635782992986762)
(50.0, 4.0, 22.888175970591252)
(50.0, 5.0, 24.379483105553522)
(50.0, 6.0, 27.422091606726386)
(50.0, 7.0, 26.248758382442166)
(50.0, 8.0, 21.894577043949461)
(50.0, 9.0, 27.862393814723657)
(50.0, 10.0, 23.892882281201885)
(50.0, 11.0, 26.654403751001702)
(50.0, 12.0, 25.644821189547493)
(50.0, 13.0, 26.440775735194602)
(50.0, 14.0, 26.377338838080377)
(50.0, 15.0, 24.43256561752106)
(50.0, 16.0, 24.369275746632713)
(50.0, 17.0, 26.171427047833792)
(50.0, 18.0, 26.24521898917002)
(50.0, 19.0, 28.643352258457536)
(50.0, 20.0, 23.714904884651961)
(50.0, 21.0, 26.238791715191198)
(50.0, 22.0, 26.859843366288054)
(50.0, 23.0, 27.73171316688541)
(50.0, 24.0, 21.661270460872451)
(50.0, 25.0, 23.419936836332102)
(50.0, 26.0, 24.955898375524029)
(50.0, 27.0, 28.696048297139825)
(50.0, 28.0, 25.623108097284238)
(50.0, 29.0, 24.411545573328947)
(50.0, 30.0, 25.141584234173948)
(50.0, 31.0, 22.311801300621724)
(50.0, 32.0, 27.481895312315157)
(50.0, 33.0, 25.803858722766872)
(50.0, 34.0, 25.739995002409675)
(50.0, 35.0, 25.952725986405817)
(50.0, 36.0, 23.025515512282368)
(50.0, 37.0, 26.840430190317768)
(50.0, 38.0, 27.535581816353112)
(50.0, 39.0, 22.024399710170425)
(50.0, 40.0, 23.401089054862016)
(50.0, 41.0, 25.786579853166483)
(50.0, 42.0, 24.017925397907753)
(50.0, 43.0, 27.773948608591091)
(50.0, 44.0, 29.262909138751585)
(50.0, 45.0, 27.041997120084076)
(50.0, 46.0, 25.240846387973839)
(50.0, 47.0, 24.667130338450399)
(50.0, 48.0, 24.022155220336955)
(50.0, 49.0, 29.110301058419388)
(50.0, 50.0, 26.905093753849357)
(50.0, 51.0, 26.54245520604152)
(50.0, 52.0, 28.09033028855864)
(50.0, 53.0, 25.898639374661382)
(50.0, 54.0, 25.670781116148405)
(50.0, 55.0, 25.311718875324217)
(50.0, 56.0, 28.014394284045736)
(50.0, 57.0, 25.430475855986604)
(50.0, 58.0, 23.669439685489362)
(50.0, 59.0, 25.434963982665586)
(50.0, 60.0, 27.524293677296896)
(50.0, 61.0, 24.54544326714376)
(50.0, 62.0, 25.372519966698547)
(50.0, 63.0, 24.110991501431453)
(50.0, 64.0, 24.205078036992646)
(50.0, 65.0, 27.264823700640214)
(50.0, 66.0, 25.054484913078436)
(50.0, 67.0, 23.993037261116474)
(50.0, 68.0, 25.513228591212687)
(50.0, 69.0, 24.7458492964195)
(50.0, 70.0, 27.260143124290572)
(50.0, 71.0, 25.244892483604424)
(50.0, 72.0, 23.092730799456792)
(50.0, 73.0, 23.335898073039992)
(50.0, 74.0, 25.101411344437697)
(50.0, 75.0, 25.986076207999073)
(50.0, 76.0, 25.397834950383917)
(50.0, 77.0, 22.790515127446454)
(50.0, 78.0, 23.986236729784867)
(50.0, 79.0, 26.170794116058701)
(50.0, 80.0, 27.566131687614416)
(50.0, 81.0, 23.162478814112276)
(50.0, 82.0, 21.580632656340189)
(50.0, 83.0, 24.545149825531272)
(50.0, 84.0, 26.782341507942384)
(50.0, 85.0, 27.193935281766191)
(50.0, 86.0, 25.90680778366038)
(50.0, 87.0, 24.347675903957356)
(50.0, 88.0, 24.924273824866241)
(50.0, 89.0, 28.364297196643257)
(50.0, 90.0, 26.527670535008923)
(50.0, 91.0, 23.922895742851338)
(50.0, 92.0, 25.012554272886536)
(50.0, 93.0, 24.711900283773531)
(50.0, 94.0, 26.132531261278146)
(50.0, 95.0, 24.521640533557065)
(50.0, 96.0, 23.444656320563222)
(50.0, 97.0, 25.793168446532285)
(50.0, 98.0, 24.849526151366046)
(50.0, 99.0, 25.493076214353103)
(50.0, 100.0, 26.556192961288289)
(50.0, 101.0, 23.160344452982056)
(50.0, 102.0, 26.014829084914712)
(50.0, 103.0, 25.918692315253566)
(50.0, 104.0, 26.580622530326028)
(50.0, 105.0, 26.782188164913627)
(50.0, 106.0, 25.782905678137841)
(50.0, 107.0, 24.899599249554797)
(50.0, 108.0, 25.499538443700217)
(50.0, 109.0, 25.33746466197621)
(50.0, 110.0, 26.159462696415087)
(50.0, 111.0, 26.131861891854406)
(50.0, 112.0, 27.43183243151784)
(50.0, 113.0, 27.398503584780727)
(50.0, 114.0, 25.743009492022004)
(50.0, 115.0, 24.555321203521274)
(50.0, 116.0, 23.380924855200536)
(50.0, 117.0, 23.044807052310443)
(50.0, 118.0, 26.794802892899053)
(50.0, 119.0, 25.213668129837647)
(50.0, 120.0, 27.262699066322398)
(50.0, 121.0, 26.757023400410702)
(50.0, 122.0, 23.366687093381159)
(50.0, 123.0, 26.841641310577554)
(50.0, 124.0, 26.547437498938468)
(50.0, 125.0, 28.991840419076773)
(50.0, 126.0, 25.110050406586588)
(50.0, 127.0, 26.106176972299849)
(50.0, 128.0, 23.999512152710111)
(50.0, 129.0, 27.572181937183199)
(50.0, 130.0, 26.301304389404173)
(50.0, 131.0, 25.144896418516318)
(50.0, 132.0, 22.031213717110983)
(50.0, 133.0, 24.263283873039157)
(50.0, 134.0, 26.291881458822562)
(50.0, 135.0, 25.858833300761162)
(50.0, 136.0, 27.345393293625214)
(50.0, 137.0, 24.390542934534754)
(50.0, 138.0, 23.546295131043195)
(50.0, 139.0, 27.985599953074729)
(50.0, 140.0, 27.074585333039416)
(50.0, 141.0, 25.176929438020281)
(50.0, 142.0, 26.196085261878864)
(50.0, 143.0, 27.676783660882514)
(50.0, 144.0, 25.795897483749798)
(50.0, 145.0, 26.30828892573842)
(50.0, 146.0, 28.856092883198741)
(50.0, 147.0, 23.829447745575671)
(50.0, 148.0, 24.360928503871929)
(50.0, 149.0, 26.967782110350083)
(50.0, 150.0, 30.2115251209188)
(50.0, 151.0, 29.389416107126511)
(50.0, 152.0, 25.159709762611769)
(50.0, 153.0, 26.918217563612842)
(50.0, 154.0, 27.529914765478793)
(50.0, 155.0, 26.303593321623943)
(50.0, 156.0, 27.369148777888373)
(50.0, 157.0, 28.909999483915342)
(50.0, 158.0, 28.906862540845765)
(50.0, 159.0, 24.802666010707327)
(50.0, 160.0, 24.771322076640743)
(50.0, 161.0, 25.877723650021462)
(50.0, 162.0, 25.173325185811045)
(50.0, 163.0, 23.707864075516259)
(50.0, 164.0, 25.158893020451348)
(50.0, 165.0, 26.714423239903947)
(50.0, 166.0, 27.622424156024582)
(50.0, 167.0, 26.520778902106798)
(50.0, 168.0, 24.369482611475508)
(50.0, 169.0, 26.685866702101059)
(50.0, 170.0, 23.959259115701098)
(50.0, 171.0, 26.012725134856634)
(50.0, 172.0, 28.463970277967245)
(50.0, 173.0, 26.303018420452556)
(50.0, 174.0, 22.832570701689722)
(50.0, 175.0, 25.895386488022286)
(50.0, 176.0, 26.436273636168668)
(50.0, 177.0, 26.944960574595807)
(50.0, 178.0, 23.472607708411374)
(50.0, 179.0, 26.565008326538027)
(50.0, 180.0, 25.579225376379735)
(50.0, 181.0, 29.113913853922909)
(50.0, 182.0, 27.468010926539336)
(50.0, 183.0, 25.125280226350814)
(50.0, 184.0, 23.663837767322455)
(50.0, 185.0, 24.462117158208141)
(50.0, 186.0, 24.989290853123038)
(50.0, 187.0, 27.84101271525363)
(50.0, 188.0, 26.940242464860617)
(50.0, 189.0, 26.193832854323336)
(50.0, 190.0, 26.03323612734718)
(50.0, 191.0, 26.227863952923354)
(50.0, 192.0, 27.295408447255426)
(50.0, 193.0, 26.349945231045993)
(50.0, 194.0, 28.637186308944916)
(50.0, 195.0, 26.722984611780642)
(50.0, 196.0, 25.470027405546098)
(50.0, 197.0, 25.642129050022618)
(50.0, 198.0, 22.658336853162076)
(50.0, 199.0, 25.460314248346144)
(51.0, 0.0, 22.739546711372039)
(51.0, 1.0, 25.973646575443496)
(51.0, 2.0, 24.265218898631502)
(51.0, 3.0, 27.902072697523366)
(51.0, 4.0, 23.411979503481433)
(51.0, 5.0, 24.720928442896401)
(51.0, 6.0, 27.310122396286737)
(51.0, 7.0, 26.921177242602809)
(51.0, 8.0, 20.46790719551959)
(51.0, 9.0, 25.66467179701008)
(51.0, 10.0, 24.897451939163155)
(51.0, 11.0, 27.52448751739108)
(51.0, 12.0, 24.357440897847731)
(51.0, 13.0, 25.520106327811583)
(51.0, 14.0, 25.610358382104856)
(51.0, 15.0, 23.876359853932364)
(51.0, 16.0, 22.89884462293335)
(51.0, 17.0, 26.433056359529644)
(51.0, 18.0, 28.783689457357589)
(51.0, 19.0, 29.86258935474271)
(51.0, 20.0, 25.115184663646161)
(51.0, 21.0, 25.222453897549304)
(51.0, 22.0, 27.871197845270778)
(51.0, 23.0, 26.219534455568507)
(51.0, 24.0, 20.18161729568132)
(51.0, 25.0, 20.503539652567369)
(51.0, 26.0, 23.358153466836988)
(51.0, 27.0, 29.115940161222916)
(51.0, 28.0, 23.836877574508534)
(51.0, 29.0, 24.44250541773615)
(51.0, 30.0, 24.621064631445368)
(51.0, 31.0, 23.890271641327011)
(51.0, 32.0, 25.259600850588122)
(51.0, 33.0, 25.149888767612595)
(51.0, 34.0, 25.164249863210024)
(51.0, 35.0, 27.034704012201754)
(51.0, 36.0, 24.118452964220207)
(51.0, 37.0, 25.984532228002863)
(51.0, 38.0, 26.719444617615316)
(51.0, 39.0, 21.375704151873897)
(51.0, 40.0, 23.238475763343089)
(51.0, 41.0, 23.032240022552703)
(51.0, 42.0, 23.18688834119623)
(51.0, 43.0, 26.260443752656645)
(51.0, 44.0, 30.233686293611605)
(51.0, 45.0, 26.102021958616241)
(51.0, 46.0, 26.519397383749883)
(51.0, 47.0, 22.163486117290329)
(51.0, 48.0, 23.065574927779746)
(51.0, 49.0, 28.246419719948602)
(51.0, 50.0, 29.098794087175957)
(51.0, 51.0, 28.318504627748492)
(51.0, 52.0, 26.166291434594818)
(51.0, 53.0, 23.322424329654432)
(51.0, 54.0, 23.713180727257772)
(51.0, 55.0, 23.639950031071077)
(51.0, 56.0, 25.396644440805986)
(51.0, 57.0, 22.985472414330481)
(51.0, 58.0, 23.763507394028007)
(51.0, 59.0, 23.927747885906154)
(51.0, 60.0, 27.050514546009868)
(51.0, 61.0, 24.305883742607065)
(51.0, 62.0, 25.708855974664225)
(51.0, 63.0, 24.600102268626159)
(51.0, 64.0, 21.495459836382228)
(51.0, 65.0, 24.622692085806271)
(51.0, 66.0, 25.237582877946487)
(51.0, 67.0, 24.016560253793966)
(51.0, 68.0, 27.296032948850765)
(51.0, 69.0, 25.201810404056275)
(51.0, 70.0, 27.144812817728024)
(51.0, 71.0, 24.695573146258052)
(51.0, 72.0, 22.469458936685463)
(51.0, 73.0, 23.188186742892615)
(51.0, 74.0, 24.838162153565765)
(51.0, 75.0, 25.358191170035685)
(51.0, 76.0, 24.702559587864052)
(51.0, 77.0, 21.852867726562476)
(51.0, 78.0, 24.867637284238754)
(51.0, 79.0, 24.166306282366364)
(51.0, 80.0, 27.305174829285779)
(51.0, 81.0, 22.893345411775154)
(51.0, 82.0, 20.419336448162063)
(51.0, 83.0, 24.17843662832064)
(51.0, 84.0, 28.253757775371348)
(51.0, 85.0, 26.426047613020081)
(51.0, 86.0, 26.471452391835527)
(51.0, 87.0, 25.371087031953486)
(51.0, 88.0, 23.791226933612307)
(51.0, 89.0, 26.616808528114383)
(51.0, 90.0, 25.678610835537881)
(51.0, 91.0, 24.878188773586007)
(51.0, 92.0, 25.985180332046731)
(51.0, 93.0, 24.420867430267553)
(51.0, 94.0, 26.2449466986345)
(51.0, 95.0, 24.434174046888391)
(51.0, 96.0, 23.709544525837071)
(51.0, 97.0, 26.270982906266983)
(51.0, 98.0, 21.741012937984866)
(51.0, 99.0, 25.010807532628622)
(51.0, 100.0, 26.470661772652232)
(51.0, 101.0, 22.482141668841749)
(51.0, 102.0, 25.221601058545723)
(51.0, 103.0, 27.883461735854691)
(51.0, 104.0, 26.345051536850384)
(51.0, 105.0, 26.184310933172043)
(51.0, 106.0, 23.520443895603385)
(51.0, 107.0, 24.118143448984629)
(51.0, 108.0, 24.487495497158555)
(51.0, 109.0, 23.132115191670835)
(51.0, 110.0, 23.939348823939305)
(51.0, 111.0, 27.343639355996519)
(51.0, 112.0, 28.830068315371626)
(51.0, 113.0, 26.061803594443408)
(51.0, 114.0, 25.752066560736012)
(51.0, 115.0, 26.360887286075386)
(51.0, 116.0, 23.680660285965427)
(51.0, 117.0, 21.345226120995012)
(51.0, 118.0, 28.495158597975731)
(51.0, 119.0, 24.581854246662875)
(51.0, 120.0, 24.427899662259453)
(51.0, 121.0, 28.149962856634843)
(51.0, 122.0, 25.199578417646492)
(51.0, 123.0, 26.99806379947562)
(51.0, 124.0, 25.069662575064246)
(51.0, 125.0, 27.064544626556952)
(51.0, 126.0, 24.587977244696177)
(51.0, 127.0, 26.258964542738926)
(51.0, 128.0, 23.219305224680316)
(51.0, 129.0, 25.461812099025405)
(51.0, 130.0, 26.279452672826707)
(51.0, 131.0, 25.006699918226825)
(51.0, 132.0, 21.354658349778383)
(51.0, 133.0, 21.486571794629242)
(51.0, 134.0, 25.632400587243211)
(51.0, 135.0, 23.360256501113994)
(51.0, 136.0, 25.368975297805928)
(51.0, 137.0, 23.653428643825155)
(51.0, 138.0, 20.614020599311317)
(51.0, 139.0, 27.676513923372212)
(51.0, 140.0, 28.494052296910759)
(51.0, 141.0, 24.558385070943928)
(51.0, 142.0, 24.922749353406076)
(51.0, 143.0, 25.570460482714623)
(51.0, 144.0, 23.367581754859273)
(51.0, 145.0, 26.175158809198965)
(51.0, 146.0, 26.52237510567803)
(51.0, 147.0, 22.964499583956812)
(51.0, 148.0, 25.837724117089643)
(51.0, 149.0, 26.41530439325744)
(51.0, 150.0, 29.315075098987265)
(51.0, 151.0, 27.716121904556793)
(51.0, 152.0, 25.390839768294136)
(51.0, 153.0, 26.300745691984925)
(51.0, 154.0, 27.888224705399246)
(51.0, 155.0, 28.562465156008333)
(51.0, 156.0, 25.237601196423647)
(51.0, 157.0, 28.523312584309931)
(51.0, 158.0, 28.662116548395389)
(51.0, 159.0, 26.996748016730962)
(51.0, 160.0, 25.319520847185125)
(51.0, 161.0, 25.379024511715642)
(51.0, 162.0, 25.438171813500922)
(51.0, 163.0, 22.624959440418436)
(51.0, 164.0, 23.828062360009699)
(51.0, 165.0, 25.601077282280706)
(51.0, 166.0, 27.108305030199286)
(51.0, 167.0, 24.333131106502666)
(51.0, 168.0, 26.216186305288854)
(51.0, 169.0, 26.631939195677884)
(51.0, 170.0, 22.64064690589187)
(51.0, 171.0, 25.473253813814519)
(51.0, 172.0, 27.462852285333042)
(51.0, 173.0, 26.553650299627098)
(51.0, 174.0, 22.338712250435997)
(51.0, 175.0, 26.483551682796286)
(51.0, 176.0, 26.084960023379981)
(51.0, 177.0, 26.089983463633043)
(51.0, 178.0, 24.562885263507152)
(51.0, 179.0, 27.776495628706488)
(51.0, 180.0, 24.634374917742136)
(51.0, 181.0, 26.154325011156615)
(51.0, 182.0, 25.574474062218567)
(51.0, 183.0, 24.043701888779591)
(51.0, 184.0, 24.652959827750134)
(51.0, 185.0, 25.029484655830597)
(51.0, 186.0, 23.986929359681454)
(51.0, 187.0, 26.70177782678466)
(51.0, 188.0, 25.001427856206583)
(51.0, 189.0, 26.552360226901556)
(51.0, 190.0, 26.488339536603341)
(51.0, 191.0, 24.371936752748759)
(51.0, 192.0, 24.38470233659346)
(51.0, 193.0, 26.417103798279705)
(51.0, 194.0, 26.727160435825525)
(51.0, 195.0, 25.115852093955073)
(51.0, 196.0, 25.310504340205622)
(51.0, 197.0, 26.506191141266058)
(51.0, 198.0, 25.090220067482569)
(51.0, 199.0, 25.081640720090196)
(52.0, 0.0, 20.957267093806379)
(52.0, 1.0, 24.5860125929613)
(52.0, 2.0, 22.786151935310723)
(52.0, 3.0, 26.157319266479195)
(52.0, 4.0, 23.024129928558317)
(52.0, 5.0, 24.431547615203336)
(52.0, 6.0, 26.243283881495643)
(52.0, 7.0, 26.798249346351003)
(52.0, 8.0, 21.447686607198161)
(52.0, 9.0, 26.058754581196315)
(52.0, 10.0, 22.866123969390451)
(52.0, 11.0, 25.973698072801938)
(52.0, 12.0, 25.855524086715185)
(52.0, 13.0, 25.512820982065726)
(52.0, 14.0, 25.759751042017182)
(52.0, 15.0, 22.933191002988092)
(52.0, 16.0, 24.175041286292117)
(52.0, 17.0, 25.214225709742131)
(52.0, 18.0, 22.898510786958692)
(52.0, 19.0, 28.537834722740609)
(52.0, 20.0, 25.783674744197853)
(52.0, 21.0, 24.320922999585303)
(52.0, 22.0, 25.652594657920993)
(52.0, 23.0, 26.473557414216252)
(52.0, 24.0, 20.232517621277587)
(52.0, 25.0, 21.131116506945542)
(52.0, 26.0, 23.341690018270736)
(52.0, 27.0, 29.393811020886837)
(52.0, 28.0, 23.882043279982526)
(52.0, 29.0, 25.716261699997585)
(52.0, 30.0, 25.150764200322062)
(52.0, 31.0, 23.130610447931033)
(52.0, 32.0, 25.495192407332841)
(52.0, 33.0, 25.985230646285359)
(52.0, 34.0, 25.709028311187716)
(52.0, 35.0, 26.482479787267017)
(52.0, 36.0, 23.374339439656726)
(52.0, 37.0, 26.857597607006198)
(52.0, 38.0, 25.421229136742539)
(52.0, 39.0, 22.014887383316427)
(52.0, 40.0, 22.836758845332394)
(52.0, 41.0, 24.191146195558012)
(52.0, 42.0, 23.942614590645746)
(52.0, 43.0, 25.381473846591092)
(52.0, 44.0, 28.14568051453324)
(52.0, 45.0, 26.461633980671941)
(52.0, 46.0, 23.354828925815845)
(52.0, 47.0, 23.202761749150717)
(52.0, 48.0, 23.21946812550933)
(52.0, 49.0, 27.592090493023715)
(52.0, 50.0, 27.484663334451461)
(52.0, 51.0, 25.878119308270694)
(52.0, 52.0, 25.329757048867073)
(52.0, 53.0, 24.932954571120071)
(52.0, 54.0, 24.679491239337175)
(52.0, 55.0, 23.245988406012405)
(52.0, 56.0, 27.252185430383541)
(52.0, 57.0, 24.998603674616461)
(52.0, 58.0, 24.056808197081899)
(52.0, 59.0, 26.133661573372329)
(52.0, 60.0, 25.479990242052061)
(52.0, 61.0, 21.668474737974567)
(52.0, 62.0, 26.757190045425396)
(52.0, 63.0, 22.394109420996212)
(52.0, 64.0, 22.68336935095865)
(52.0, 65.0, 23.630695493126879)
(52.0, 66.0, 24.480172190961415)
(52.0, 67.0, 24.794297137228469)
(52.0, 68.0, 26.41093223777931)
(52.0, 69.0, 23.920469251210321)
(52.0, 70.0, 26.83856719359299)
(52.0, 71.0, 23.930140731488557)
(52.0, 72.0, 22.674490519488476)
(52.0, 73.0, 23.347483230997739)
(52.0, 74.0, 25.415854719622526)
(52.0, 75.0, 26.777608145778441)
(52.0, 76.0, 25.037794204935544)
(52.0, 77.0, 24.110078948149571)
(52.0, 78.0, 24.490709732213492)
(52.0, 79.0, 24.218828239508731)
(52.0, 80.0, 27.091271472661681)
(52.0, 81.0, 21.820441891127448)
(52.0, 82.0, 22.205978398564014)
(52.0, 83.0, 23.118191059604584)
(52.0, 84.0, 24.8816319205627)
(52.0, 85.0, 26.721589682442691)
(52.0, 86.0, 26.34164784141679)
(52.0, 87.0, 24.156662464332367)
(52.0, 88.0, 24.920424093210276)
(52.0, 89.0, 25.460089464641239)
(52.0, 90.0, 24.309310772299419)
(52.0, 91.0, 23.966149038082325)
(52.0, 92.0, 25.090831611629394)
(52.0, 93.0, 25.051910983879225)
(52.0, 94.0, 23.166360513723138)
(52.0, 95.0, 23.700573891604655)
(52.0, 96.0, 22.634164787450498)
(52.0, 97.0, 24.565078923452852)
(52.0, 98.0, 24.520173937045904)
(52.0, 99.0, 24.736846629632787)
(52.0, 100.0, 25.934468666201777)
(52.0, 101.0, 23.149866565406374)
(52.0, 102.0, 25.039049010889347)
(52.0, 103.0, 26.808326427209611)
(52.0, 104.0, 27.3437154097548)
(52.0, 105.0, 25.681022489949278)
(52.0, 106.0, 23.062000307904007)
(52.0, 107.0, 21.404924920257834)
(52.0, 108.0, 24.808701593130905)
(52.0, 109.0, 24.110046438161611)
(52.0, 110.0, 24.202036067812507)
(52.0, 111.0, 25.326790383187845)
(52.0, 112.0, 26.677015777320214)
(52.0, 113.0, 25.387833565985634)
(52.0, 114.0, 24.610756431826346)
(52.0, 115.0, 23.799080222842836)
(52.0, 116.0, 23.208239685797984)
(52.0, 117.0, 22.478195721061493)
(52.0, 118.0, 26.235807102602024)
(52.0, 119.0, 24.842235671203031)
(52.0, 120.0, 26.193960788140309)
(52.0, 121.0, 27.133398714560759)
(52.0, 122.0, 24.231073067795506)
(52.0, 123.0, 28.221122410432095)
(52.0, 124.0, 26.52177776144709)
(52.0, 125.0, 27.642251139874077)
(52.0, 126.0, 25.197162387419752)
(52.0, 127.0, 25.184182112653943)
(52.0, 128.0, 23.845666202873328)
(52.0, 129.0, 26.839581536671567)
(52.0, 130.0, 25.194002706486877)
(52.0, 131.0, 26.667446928555936)
(52.0, 132.0, 21.86573864118305)
(52.0, 133.0, 24.034657208071426)
(52.0, 134.0, 25.470042853118546)
(52.0, 135.0, 24.570261315819348)
(52.0, 136.0, 25.354170983504225)
(52.0, 137.0, 25.568338888421671)
(52.0, 138.0, 22.669283526772759)
(52.0, 139.0, 27.80716618164454)
(52.0, 140.0, 26.906603463800337)
(52.0, 141.0, 24.89632116537458)
(52.0, 142.0, 25.563176137199594)
(52.0, 143.0, 26.792062454219586)
(52.0, 144.0, 24.074158976697326)
(52.0, 145.0, 25.554197584234036)
(52.0, 146.0, 27.580568583438563)
(52.0, 147.0, 24.152796678931246)
(52.0, 148.0, 23.50436707978745)
(52.0, 149.0, 26.108250512416941)
(52.0, 150.0, 27.092565264857981)
(52.0, 151.0, 29.997574274622277)
(52.0, 152.0, 25.242247353657739)
(52.0, 153.0, 26.76568461506681)
(52.0, 154.0, 26.302413631226411)
(52.0, 155.0, 26.412936531981028)
(52.0, 156.0, 24.475441463393786)
(52.0, 157.0, 26.89970893252023)
(52.0, 158.0, 25.810746886134847)
(52.0, 159.0, 26.211294900738832)
(52.0, 160.0, 23.548717890980399)
(52.0, 161.0, 26.836170964009067)
(52.0, 162.0, 24.783788118319031)
(52.0, 163.0, 23.282645201634963)
(52.0, 164.0, 25.241024766080649)
(52.0, 165.0, 24.723688785025008)
(52.0, 166.0, 27.128420328903562)
(52.0, 167.0, 24.746654116934561)
(52.0, 168.0, 25.028617763975674)
(52.0, 169.0, 24.296185779968706)
(52.0, 170.0, 24.622487455695804)
(52.0, 171.0, 25.979969792741951)
(52.0, 172.0, 26.893437566661035)
(52.0, 173.0, 24.620747668901856)
(52.0, 174.0, 23.076399971598644)
(52.0, 175.0, 24.434181422534689)
(52.0, 176.0, 23.345472804786091)
(52.0, 177.0, 26.743392182868792)
(52.0, 178.0, 22.132315302414423)
(52.0, 179.0, 26.81038073291916)
(52.0, 180.0, 26.199392193772219)
(52.0, 181.0, 25.860865550764441)
(52.0, 182.0, 25.255417298689125)
(52.0, 183.0, 25.078725542700585)
(52.0, 184.0, 24.572293520471955)
(52.0, 185.0, 24.082513365138759)
(52.0, 186.0, 24.85247928570837)
(52.0, 187.0, 24.642958775223111)
(52.0, 188.0, 24.270740753126269)
(52.0, 189.0, 27.13851368657734)
(52.0, 190.0, 25.064270212007759)
(52.0, 191.0, 24.506175788837211)
(52.0, 192.0, 23.988165734471625)
(52.0, 193.0, 24.67807157978309)
(52.0, 194.0, 26.674241746644689)
(52.0, 195.0, 24.414152682113684)
(52.0, 196.0, 24.590649885387201)
(52.0, 197.0, 26.748625625539859)
(52.0, 198.0, 23.419451159677056)
(52.0, 199.0, 25.055952498946422)
(53.0, 0.0, 21.46275580526061)
(53.0, 1.0, 25.141669261057135)
(53.0, 2.0, 24.679984375632564)
(53.0, 3.0, 26.266234430305904)
(53.0, 4.0, 23.625950843060437)
(53.0, 5.0, 23.502916576285301)
(53.0, 6.0, 26.133788588430164)
(53.0, 7.0, 27.616766006668136)
(53.0, 8.0, 23.861234319060607)
(53.0, 9.0, 27.09387132189822)
(53.0, 10.0, 23.669919517098023)
(53.0, 11.0, 26.586604114081624)
(53.0, 12.0, 25.029577595680326)
(53.0, 13.0, 25.303858266546882)
(53.0, 14.0, 24.509275540560999)
(53.0, 15.0, 23.886491625610226)
(53.0, 16.0, 23.633118602523243)
(53.0, 17.0, 25.175806632550426)
(53.0, 18.0, 25.473014798754441)
(53.0, 19.0, 29.09985648461231)
(53.0, 20.0, 26.065508616207786)
(53.0, 21.0, 24.780263476071706)
(53.0, 22.0, 27.515873220077502)
(53.0, 23.0, 26.766976354283035)
(53.0, 24.0, 20.411877845216665)
(53.0, 25.0, 22.110743975203615)
(53.0, 26.0, 23.916437014189988)
(53.0, 27.0, 29.774627541711695)
(53.0, 28.0, 25.131101547963492)
(53.0, 29.0, 26.023142845862751)
(53.0, 30.0, 25.623661262486145)
(53.0, 31.0, 25.0937547403901)
(53.0, 32.0, 25.083485215288896)
(53.0, 33.0, 23.749257084404356)
(53.0, 34.0, 26.535957927666729)
(53.0, 35.0, 26.701794126567066)
(53.0, 36.0, 23.374920442502415)
(53.0, 37.0, 26.489764713977848)
(53.0, 38.0, 25.850868967156348)
(53.0, 39.0, 22.282477692842939)
(53.0, 40.0, 22.825987568096924)
(53.0, 41.0, 25.484729480151543)
(53.0, 42.0, 24.503427198640875)
(53.0, 43.0, 25.755397479658239)
(53.0, 44.0, 29.505657392471807)
(53.0, 45.0, 25.365422534614584)
(53.0, 46.0, 24.488561988293434)
(53.0, 47.0, 24.655664612511899)
(53.0, 48.0, 23.552389842507424)
(53.0, 49.0, 27.028296528780352)
(53.0, 50.0, 27.859908532805299)
(53.0, 51.0, 28.135889436332111)
(53.0, 52.0, 26.44661394954311)
(53.0, 53.0, 24.291015580028013)
(53.0, 54.0, 24.289976125366234)
(53.0, 55.0, 24.213163335277905)
(53.0, 56.0, 25.983390590465774)
(53.0, 57.0, 25.187790903520913)
(53.0, 58.0, 24.369148111653843)
(53.0, 59.0, 25.642794308762877)
(53.0, 60.0, 26.900602179889717)
(53.0, 61.0, 22.203035670670843)
(53.0, 62.0, 25.532349417175759)
(53.0, 63.0, 25.302294908266504)
(53.0, 64.0, 24.293194479050225)
(53.0, 65.0, 23.604320342900355)
(53.0, 66.0, 24.263212131095109)
(53.0, 67.0, 24.453718289535487)
(53.0, 68.0, 27.261472712814925)
(53.0, 69.0, 24.61872005749446)
(53.0, 70.0, 27.120871966446416)
(53.0, 71.0, 24.589807535260945)
(53.0, 72.0, 22.48787907157827)
(53.0, 73.0, 23.224215986093085)
(53.0, 74.0, 26.246161778909801)
(53.0, 75.0, 26.735837741917759)
(53.0, 76.0, 25.126607123649045)
(53.0, 77.0, 22.362471534922939)
(53.0, 78.0, 24.539362678361048)
(53.0, 79.0, 26.038508129506205)
(53.0, 80.0, 28.337462043630236)
(53.0, 81.0, 21.566820080376765)
(53.0, 82.0, 21.989909657578696)
(53.0, 83.0, 24.884549414814828)
(53.0, 84.0, 27.802383984047356)
(53.0, 85.0, 27.456128662667073)
(53.0, 86.0, 27.746383777222107)
(53.0, 87.0, 23.389060607321834)
(53.0, 88.0, 22.85342441329092)
(53.0, 89.0, 26.366132288245485)
(53.0, 90.0, 26.038954365244553)
(53.0, 91.0, 24.183165353994596)
(53.0, 92.0, 24.827470633436651)
(53.0, 93.0, 26.361344714226171)
(53.0, 94.0, 25.728632583666489)
(53.0, 95.0, 25.008691142266162)
(53.0, 96.0, 23.874944747558708)
(53.0, 97.0, 25.497779264153213)
(53.0, 98.0, 23.950624490118162)
(53.0, 99.0, 25.742271858066303)
(53.0, 100.0, 27.60798719319645)
(53.0, 101.0, 21.857604848176635)
(53.0, 102.0, 24.577430275617239)
(53.0, 103.0, 26.653700978298581)
(53.0, 104.0, 27.730307515085006)
(53.0, 105.0, 25.358304014229343)
(53.0, 106.0, 23.476376499026323)
(53.0, 107.0, 24.437776274814517)
(53.0, 108.0, 24.391027389286538)
(53.0, 109.0, 23.275045213569811)
(53.0, 110.0, 24.388932925755547)
(53.0, 111.0, 26.397916430124738)
(53.0, 112.0, 26.748780082450626)
(53.0, 113.0, 26.64733130988148)
(53.0, 114.0, 26.043627733191599)
(53.0, 115.0, 24.418643523613365)
(53.0, 116.0, 24.572477707060997)
(53.0, 117.0, 22.431207277087807)
(53.0, 118.0, 28.102855934780681)
(53.0, 119.0, 25.517046052382899)
(53.0, 120.0, 26.027623401712958)
(53.0, 121.0, 26.411294734428122)
(53.0, 122.0, 26.401642606019518)
(53.0, 123.0, 27.420196480992686)
(53.0, 124.0, 24.951808365022455)
(53.0, 125.0, 26.705290818306466)
(53.0, 126.0, 25.555377574503385)
(53.0, 127.0, 26.384040783339564)
(53.0, 128.0, 24.897200914751128)
(53.0, 129.0, 25.529665913020889)
(53.0, 130.0, 25.834596633037336)
(53.0, 131.0, 26.901418341929983)
(53.0, 132.0, 22.540246360792271)
(53.0, 133.0, 21.231620325122194)
(53.0, 134.0, 24.639731417179895)
(53.0, 135.0, 24.65823822043027)
(53.0, 136.0, 25.631029609270918)
(53.0, 137.0, 25.811661695523018)
(53.0, 138.0, 24.47461712855106)
(53.0, 139.0, 30.038586002541376)
(53.0, 140.0, 28.039683272254685)
(53.0, 141.0, 24.997853757647505)
(53.0, 142.0, 24.53589081212413)
(53.0, 143.0, 25.492584782230466)
(53.0, 144.0, 24.494966700024442)
(53.0, 145.0, 27.28179054701922)
(53.0, 146.0, 28.682049830019707)
(53.0, 147.0, 23.50079730269481)
(53.0, 148.0, 26.465049622997661)
(53.0, 149.0, 27.217298823864201)
(53.0, 150.0, 28.786913598423343)
(53.0, 151.0, 28.626381963478092)
(53.0, 152.0, 26.839493282111107)
(53.0, 153.0, 26.751399862083524)
(53.0, 154.0, 26.468688098197688)
(53.0, 155.0, 28.752410726334055)
(53.0, 156.0, 27.46011573615537)
(53.0, 157.0, 27.502658719687727)
(53.0, 158.0, 27.70741465381689)
(53.0, 159.0, 25.240999743601847)
(53.0, 160.0, 23.883604545598917)
(53.0, 161.0, 24.930299044197348)
(53.0, 162.0, 26.817585314415027)
(53.0, 163.0, 21.958048534311494)
(53.0, 164.0, 25.422789689558424)
(53.0, 165.0, 25.940138443373456)
(53.0, 166.0, 26.302537203115442)
(53.0, 167.0, 25.905669258552422)
(53.0, 168.0, 26.713092749432874)
(53.0, 169.0, 25.363134101119705)
(53.0, 170.0, 23.488902504698594)
(53.0, 171.0, 26.6195283886141)
(53.0, 172.0, 28.124033371864847)
(53.0, 173.0, 25.227451170457243)
(53.0, 174.0, 22.902873764775933)
(53.0, 175.0, 27.540567715622775)
(53.0, 176.0, 24.855387456808117)
(53.0, 177.0, 29.327027202772442)
(53.0, 178.0, 24.199226854946211)
(53.0, 179.0, 27.196018936850805)
(53.0, 180.0, 26.150407216085391)
(53.0, 181.0, 25.955218887886993)
(53.0, 182.0, 24.250996841609965)
(53.0, 183.0, 24.548020922127655)
(53.0, 184.0, 24.500941242436088)
(53.0, 185.0, 24.368706612815252)
(53.0, 186.0, 25.107023493583469)
(53.0, 187.0, 27.117924141819167)
(53.0, 188.0, 25.796964356957211)
(53.0, 189.0, 27.01438737095927)
(53.0, 190.0, 27.168403729197948)
(53.0, 191.0, 26.148893788016441)
(53.0, 192.0, 24.359002889517456)
(53.0, 193.0, 25.453285108939113)
(53.0, 194.0, 27.107930075773702)
(53.0, 195.0, 27.538397001027974)
(53.0, 196.0, 25.157454711844924)
(53.0, 197.0, 27.798773573571307)
(53.0, 198.0, 24.818905272108417)
(53.0, 199.0, 24.879549941414957)
(54.0, 0.0, 20.144553248436093)
(54.0, 1.0, 24.793889666958197)
(54.0, 2.0, 22.483587651220972)
(54.0, 3.0, 25.231154395747613)
(54.0, 4.0, 21.424429390908152)
(54.0, 5.0, 24.178180747090153)
(54.0, 6.0, 26.856819823168053)
(54.0, 7.0, 23.947547227604108)
(54.0, 8.0, 21.507719342370759)
(54.0, 9.0, 24.018425605596178)
(54.0, 10.0, 23.184145807585523)
(54.0, 11.0, 24.104327731208784)
(54.0, 12.0, 24.368879543423255)
(54.0, 13.0, 23.83429133407278)
(54.0, 14.0, 24.568964260627666)
(54.0, 15.0, 22.703999810948602)
(54.0, 16.0, 22.1768535538055)
(54.0, 17.0, 25.883315582320453)
(54.0, 18.0, 24.596604349465508)
(54.0, 19.0, 28.230442029440781)
(54.0, 20.0, 24.970000464747354)
(54.0, 21.0, 25.229918391424466)
(54.0, 22.0, 24.515109075320961)
(54.0, 23.0, 26.18432312757206)
(54.0, 24.0, 18.992428002574645)
(54.0, 25.0, 21.38744369780197)
(54.0, 26.0, 22.304277423681384)
(54.0, 27.0, 26.948172923146402)
(54.0, 28.0, 23.802260980575106)
(54.0, 29.0, 24.101981581984852)
(54.0, 30.0, 23.583709954734896)
(54.0, 31.0, 21.637462640538427)
(54.0, 32.0, 24.657733753708733)
(54.0, 33.0, 22.029895378997917)
(54.0, 34.0, 24.96834000887489)
(54.0, 35.0, 24.910520979899896)
(54.0, 36.0, 22.869867708219683)
(54.0, 37.0, 25.792232294918737)
(54.0, 38.0, 25.154516201250384)
(54.0, 39.0, 21.943997150575324)
(54.0, 40.0, 22.441778496237859)
(54.0, 41.0, 24.172646094974951)
(54.0, 42.0, 25.252229633495894)
(54.0, 43.0, 26.290499427429026)
(54.0, 44.0, 25.61837507380146)
(54.0, 45.0, 23.321436085905376)
(54.0, 46.0, 22.402447944630108)
(54.0, 47.0, 22.902523576115716)
(54.0, 48.0, 21.302700452739522)
(54.0, 49.0, 26.173235356261909)
(54.0, 50.0, 25.936610608204134)
(54.0, 51.0, 25.387385097231)
(54.0, 52.0, 25.104616305681763)
(54.0, 53.0, 24.069582031257408)
(54.0, 54.0, 23.531062791715648)
(54.0, 55.0, 22.972514098396356)
(54.0, 56.0, 24.761446373397018)
(54.0, 57.0, 24.210947623051336)
(54.0, 58.0, 23.436070937216165)
(54.0, 59.0, 24.067050348635437)
(54.0, 60.0, 25.576278028996981)
(54.0, 61.0, 21.785929757956115)
(54.0, 62.0, 26.704588463096439)
(54.0, 63.0, 24.049509831423833)
(54.0, 64.0, 21.120515744095417)
(54.0, 65.0, 23.346894006478045)
(54.0, 66.0, 21.636424237564018)
(54.0, 67.0, 24.255684267490089)
(54.0, 68.0, 25.130907929669114)
(54.0, 69.0, 24.341111581469615)
(54.0, 70.0, 26.174685306185676)
(54.0, 71.0, 24.355712561253075)
(54.0, 72.0, 20.803497415923534)
(54.0, 73.0, 21.933653280810908)
(54.0, 74.0, 23.564117739469218)
(54.0, 75.0, 24.897109600428188)
(54.0, 76.0, 24.072018781347502)
(54.0, 77.0, 22.26375114671907)
(54.0, 78.0, 24.656422551652817)
(54.0, 79.0, 22.041031512688498)
(54.0, 80.0, 24.893742647048665)
(54.0, 81.0, 19.803329968984066)
(54.0, 82.0, 21.411222017117161)
(54.0, 83.0, 23.715505656731427)
(54.0, 84.0, 24.77639958376232)
(54.0, 85.0, 24.962138768840909)
(54.0, 86.0, 24.925631575233766)
(54.0, 87.0, 22.273000013190295)
(54.0, 88.0, 23.710006054565529)
(54.0, 89.0, 24.575925519386189)
(54.0, 90.0, 24.326478412491021)
(54.0, 91.0, 22.576457226696579)
(54.0, 92.0, 22.460254940718173)
(54.0, 93.0, 25.212381842527112)
(54.0, 94.0, 24.265911047837786)
(54.0, 95.0, 22.391963836716585)
(54.0, 96.0, 20.870995538234865)
(54.0, 97.0, 24.189947501226776)
(54.0, 98.0, 23.557564967566044)
(54.0, 99.0, 24.074300382956103)
(54.0, 100.0, 24.927861189708203)
(54.0, 101.0, 22.157581847258946)
(54.0, 102.0, 24.183111006015341)
(54.0, 103.0, 24.913078283828508)
(54.0, 104.0, 28.090839703430703)
(54.0, 105.0, 23.163896265344519)
(54.0, 106.0, 22.896470112607677)
(54.0, 107.0, 23.023222379914486)
(54.0, 108.0, 23.832604579896159)
(54.0, 109.0, 22.625605466767826)
(54.0, 110.0, 22.561206716443792)
(54.0, 111.0, 25.034856454970672)
(54.0, 112.0, 25.915268678689955)
(54.0, 113.0, 22.620816144140331)
(54.0, 114.0, 24.370761792204497)
(54.0, 115.0, 24.303939522670106)
(54.0, 116.0, 20.615230893826102)
(54.0, 117.0, 22.458599792437404)
(54.0, 118.0, 25.467387943043065)
(54.0, 119.0, 23.481568213036141)
(54.0, 120.0, 24.361706503602317)
(54.0, 121.0, 24.601962711867547)
(54.0, 122.0, 22.810249142870184)
(54.0, 123.0, 26.550274658051492)
(54.0, 124.0, 24.460893397517548)
(54.0, 125.0, 26.141648138694883)
(54.0, 126.0, 25.194590203648314)
(54.0, 127.0, 24.578236857040615)
(54.0, 128.0, 23.318530629569189)
(54.0, 129.0, 25.040510942605113)
(54.0, 130.0, 24.204842158826864)
(54.0, 131.0, 24.171184312343144)
(54.0, 132.0, 20.225937454242779)
(54.0, 133.0, 21.407925187983864)
(54.0, 134.0, 24.469771225291947)
(54.0, 135.0, 23.001369202153164)
(54.0, 136.0, 23.982250904658851)
(54.0, 137.0, 24.305998168188648)
(54.0, 138.0, 22.059489689111413)
(54.0, 139.0, 27.189719988432756)
(54.0, 140.0, 26.078436666237124)
(54.0, 141.0, 24.612685286906675)
(54.0, 142.0, 24.751669540113198)
(54.0, 143.0, 23.147207560092436)
(54.0, 144.0, 23.72085209732278)
(54.0, 145.0, 24.596050940765046)
(54.0, 146.0, 25.616975730695607)
(54.0, 147.0, 20.61084451366029)
(54.0, 148.0, 23.558545586896162)
(54.0, 149.0, 24.735927115932569)
(54.0, 150.0, 26.607293812950939)
(54.0, 151.0, 27.609537740054364)
(54.0, 152.0, 25.186601501754595)
(54.0, 153.0, 26.109856082953534)
(54.0, 154.0, 24.712653818448729)
(54.0, 155.0, 24.923626097205762)
(54.0, 156.0, 25.289819062045506)
(54.0, 157.0, 27.732225193031272)
(54.0, 158.0, 26.310929879983952)
(54.0, 159.0, 24.033012484647266)
(54.0, 160.0, 23.670998553724822)
(54.0, 161.0, 24.584757906980087)
(54.0, 162.0, 23.441246224460748)
(54.0, 163.0, 21.428943205664503)
(54.0, 164.0, 23.358640997644031)
(54.0, 165.0, 26.117725504497226)
(54.0, 166.0, 26.679237771163329)
(54.0, 167.0, 22.664656530720574)
(54.0, 168.0, 26.334959943384675)
(54.0, 169.0, 22.928070047027234)
(54.0, 170.0, 22.162545222050877)
(54.0, 171.0, 25.545689899804085)
(54.0, 172.0, 25.194899869363244)
(54.0, 173.0, 24.670834757035735)
(54.0, 174.0, 23.197924861840363)
(54.0, 175.0, 25.433993251573224)
(54.0, 176.0, 24.827602309205087)
(54.0, 177.0, 26.890392368321042)
(54.0, 178.0, 23.145978483884981)
(54.0, 179.0, 26.742629210168907)
(54.0, 180.0, 24.948920058861692)
(54.0, 181.0, 25.019585361092044)
(54.0, 182.0, 23.089163748246239)
(54.0, 183.0, 21.559312416342273)
(54.0, 184.0, 23.875367011798364)
(54.0, 185.0, 23.451744072544223)
(54.0, 186.0, 23.726425259888028)
(54.0, 187.0, 25.238029087167284)
(54.0, 188.0, 24.573234793149165)
(54.0, 189.0, 25.841486121500409)
(54.0, 190.0, 25.07415239344467)
(54.0, 191.0, 25.024471911891506)
(54.0, 192.0, 24.513619788854495)
(54.0, 193.0, 23.893955346772721)
(54.0, 194.0, 26.886945313048148)
(54.0, 195.0, 25.500979545075811)
(54.0, 196.0, 25.962632992522106)
(54.0, 197.0, 25.530212797225186)
(54.0, 198.0, 23.11435217860604)
(54.0, 199.0, 22.544688796297276)
(55.0, 0.0, 19.569270583888411)
(55.0, 1.0, 22.979507959912421)
(55.0, 2.0, 19.460444404270692)
(55.0, 3.0, 23.242277213428363)
(55.0, 4.0, 20.108401749966333)
(55.0, 5.0, 22.928384438004276)
(55.0, 6.0, 23.380683968164007)
(55.0, 7.0, 23.110970546555929)
(55.0, 8.0, 19.183714835488914)
(55.0, 9.0, 21.963058986910024)
(55.0, 10.0, 20.730429810762892)
(55.0, 11.0, 21.831900452448245)
(55.0, 12.0, 21.257187575254786)
(55.0, 13.0, 21.89083204689128)
(55.0, 14.0, 21.673763048348007)
(55.0, 15.0, 19.746916257238283)
(55.0, 16.0, 21.675991544818729)
(55.0, 17.0, 22.906529325218724)
(55.0, 18.0, 21.788735382719778)
(55.0, 19.0, 27.503383546620302)
(55.0, 20.0, 22.931753410858683)
(55.0, 21.0, 19.310688381232808)
(55.0, 22.0, 23.696380889245972)
(55.0, 23.0, 24.669591098029475)
(55.0, 24.0, 17.969099132411618)
(55.0, 25.0, 20.155192664305947)
(55.0, 26.0, 20.524596857175332)
(55.0, 27.0, 26.442782390811335)
(55.0, 28.0, 21.761198556425356)
(55.0, 29.0, 21.42924548638247)
(55.0, 30.0, 21.854117870132558)
(55.0, 31.0, 20.980750271073337)
(55.0, 32.0, 22.965667094300905)
(55.0, 33.0, 21.868396251251514)
(55.0, 34.0, 22.071444018694645)
(55.0, 35.0, 22.983934371459775)
(55.0, 36.0, 19.901035340620318)
(55.0, 37.0, 23.717382045055963)
(55.0, 38.0, 23.969274485969827)
(55.0, 39.0, 20.220267864230241)
(55.0, 40.0, 19.079858603119391)
(55.0, 41.0, 21.008698769938899)
(55.0, 42.0, 20.426063440305011)
(55.0, 43.0, 22.521577937158554)
(55.0, 44.0, 24.671545038947031)
(55.0, 45.0, 22.865192906451739)
(55.0, 46.0, 23.188465731582813)
(55.0, 47.0, 20.972257995371098)
(55.0, 48.0, 20.35811600842916)
(55.0, 49.0, 22.990866383750845)
(55.0, 50.0, 23.493546513130024)
(55.0, 51.0, 24.000826259788699)
(55.0, 52.0, 21.195605962465347)
(55.0, 53.0, 20.437762170017436)
(55.0, 54.0, 20.789973222271744)
(55.0, 55.0, 22.288494024676989)
(55.0, 56.0, 23.365277726207452)
(55.0, 57.0, 21.150224440770796)
(55.0, 58.0, 21.769515825534519)
(55.0, 59.0, 20.787136125200607)
(55.0, 60.0, 23.021177812520733)
(55.0, 61.0, 20.029096524309338)
(55.0, 62.0, 22.611505174931352)
(55.0, 63.0, 21.053836058709621)
(55.0, 64.0, 19.208174376290575)
(55.0, 65.0, 21.226924188300728)
(55.0, 66.0, 22.028982491582447)
(55.0, 67.0, 22.157134504487225)
(55.0, 68.0, 24.338658104961901)
(55.0, 69.0, 22.715794762995088)
(55.0, 70.0, 23.561666111138646)
(55.0, 71.0, 21.618974286703722)
(55.0, 72.0, 19.948775462745619)
(55.0, 73.0, 19.431998793086454)
(55.0, 74.0, 21.882309506180412)
(55.0, 75.0, 22.627543060711936)
(55.0, 76.0, 21.169457145110513)
(55.0, 77.0, 20.516714279187827)
(55.0, 78.0, 22.335534028431418)
(55.0, 79.0, 21.112365103963675)
(55.0, 80.0, 25.318458344858698)
(55.0, 81.0, 18.657805871268209)
(55.0, 82.0, 19.011450546258814)
(55.0, 83.0, 20.746724429958171)
(55.0, 84.0, 23.70209595221543)
(55.0, 85.0, 23.468181909951859)
(55.0, 86.0, 23.563533149538692)
(55.0, 87.0, 21.788933485207529)
(55.0, 88.0, 21.897534738280783)
(55.0, 89.0, 22.984163196291394)
(55.0, 90.0, 21.450571120119662)
(55.0, 91.0, 23.820326916936423)
(55.0, 92.0, 21.048514940488964)
(55.0, 93.0, 22.329965799590397)
(55.0, 94.0, 21.628266960453693)
(55.0, 95.0, 21.085487033248576)
(55.0, 96.0, 20.841677973375056)
(55.0, 97.0, 21.550305862390399)
(55.0, 98.0, 20.79215121440723)
(55.0, 99.0, 22.311916501553696)
(55.0, 100.0, 21.175109848958748)
(55.0, 101.0, 20.802988947783202)
(55.0, 102.0, 23.017208856620748)
(55.0, 103.0, 25.301462010551237)
(55.0, 104.0, 23.126998351893562)
(55.0, 105.0, 21.647561584866843)
(55.0, 106.0, 21.700263902435342)
(55.0, 107.0, 20.612569549836408)
(55.0, 108.0, 23.115766717996724)
(55.0, 109.0, 21.122901866749867)
(55.0, 110.0, 21.543710440395099)
(55.0, 111.0, 23.526599244055816)
(55.0, 112.0, 24.861760185838307)
(55.0, 113.0, 22.977711606815312)
(55.0, 114.0, 22.631136942707979)
(55.0, 115.0, 21.353669214713303)
(55.0, 116.0, 21.203005158757474)
(55.0, 117.0, 18.250914319722828)
(55.0, 118.0, 22.765994074456842)
(55.0, 119.0, 22.383644006071631)
(55.0, 120.0, 24.470975337115743)
(55.0, 121.0, 23.151997040056905)
(55.0, 122.0, 22.359932339646083)
(55.0, 123.0, 23.380976408430882)
(55.0, 124.0, 21.939825396465228)
(55.0, 125.0, 23.274625684278163)
(55.0, 126.0, 22.263574356768917)
(55.0, 127.0, 22.111536501046857)
(55.0, 128.0, 21.67279736121932)
(55.0, 129.0, 23.391672682254217)
(55.0, 130.0, 23.127960157207387)
(55.0, 131.0, 21.695936015576979)
(55.0, 132.0, 18.892142807941973)
(55.0, 133.0, 18.774828135435051)
(55.0, 134.0, 24.334725342521736)
(55.0, 135.0, 23.231803178355115)
(55.0, 136.0, 22.444730287897031)
(55.0, 137.0, 22.299599670778658)
(55.0, 138.0, 18.691567253461795)
(55.0, 139.0, 24.63143176643036)
(55.0, 140.0, 25.19940000246261)
(55.0, 141.0, 21.567905308240761)
(55.0, 142.0, 23.380855353373022)
(55.0, 143.0, 23.322158267526618)
(55.0, 144.0, 21.475536463617409)
(55.0, 145.0, 22.176947218541638)
(55.0, 146.0, 25.392523333472713)
(55.0, 147.0, 20.337869279127577)
(55.0, 148.0, 19.770581130210033)
(55.0, 149.0, 23.330528370459742)
(55.0, 150.0, 24.948542846877039)
(55.0, 151.0, 25.486311565772926)
(55.0, 152.0, 22.047672024863282)
(55.0, 153.0, 24.021244662012958)
(55.0, 154.0, 24.161200990698561)
(55.0, 155.0, 23.688054832207211)
(55.0, 156.0, 22.981059668290357)
(55.0, 157.0, 25.645568727444282)
(55.0, 158.0, 25.088026624853327)
(55.0, 159.0, 22.732650928200716)
(55.0, 160.0, 21.440770214620485)
(55.0, 161.0, 22.161733762934873)
(55.0, 162.0, 22.226755259303378)
(55.0, 163.0, 21.245564740246667)
(55.0, 164.0, 21.677847521199027)
(55.0, 165.0, 21.776282083282023)
(55.0, 166.0, 23.724673360545239)
(55.0, 167.0, 20.990726762761803)
(55.0, 168.0, 22.247273402830221)
(55.0, 169.0, 21.296796944114746)
(55.0, 170.0, 20.1254078178033)
(55.0, 171.0, 23.425732456881256)
(55.0, 172.0, 23.554247956002392)
(55.0, 173.0, 21.882215682429049)
(55.0, 174.0, 19.019546403117619)
(55.0, 175.0, 21.782898176623483)
(55.0, 176.0, 22.544959378411747)
(55.0, 177.0, 22.815681577160412)
(55.0, 178.0, 20.939012346298469)
(55.0, 179.0, 25.29263606879913)
(55.0, 180.0, 22.339512960705655)
(55.0, 181.0, 21.791272638879001)
(55.0, 182.0, 22.759504469621589)
(55.0, 183.0, 20.087177169734929)
(55.0, 184.0, 21.307688643346467)
(55.0, 185.0, 21.924077250101067)
(55.0, 186.0, 23.076887934784729)
(55.0, 187.0, 23.385289539349515)
(55.0, 188.0, 20.947286538645944)
(55.0, 189.0, 23.720340865482626)
(55.0, 190.0, 22.737405817494214)
(55.0, 191.0, 21.802201061378703)
(55.0, 192.0, 21.589075870731534)
(55.0, 193.0, 21.706337610262562)
(55.0, 194.0, 22.43585281913386)
(55.0, 195.0, 21.845153797277646)
(55.0, 196.0, 23.362743481569531)
(55.0, 197.0, 23.320109097435108)
(55.0, 198.0, 21.789465135542297)
(55.0, 199.0, 21.09371432561138)
(56.0, 0.0, 21.841100803255951)
(56.0, 1.0, 24.922082891060057)
(56.0, 2.0, 24.563495593877867)
(56.0, 3.0, 26.717952002310685)
(56.0, 4.0, 22.751386823342383)
(56.0, 5.0, 26.032056874924589)
(56.0, 6.0, 28.620881905112345)
(56.0, 7.0, 26.92786473283897)
(56.0, 8.0, 23.182332895271081)
(56.0, 9.0, 27.011863095614039)
(56.0, 10.0, 25.151304130111257)
(56.0, 11.0, 24.900478349240149)
(56.0, 12.0, 25.839339249776806)
(56.0, 13.0, 25.342073506595224)
(56.0, 14.0, 25.609135630306064)
(56.0, 15.0, 23.258182963619408)
(56.0, 16.0, 23.395281797843229)
(56.0, 17.0, 27.324414066031878)
(56.0, 18.0, 27.136040031590298)
(56.0, 19.0, 29.401283892327726)
(56.0, 20.0, 26.222865724036996)
(56.0, 21.0, 24.717668480770108)
(56.0, 22.0, 28.192660785982014)
(56.0, 23.0, 26.520483544702127)
(56.0, 24.0, 19.736135725748241)
(56.0, 25.0, 22.390482799556576)
(56.0, 26.0, 24.956868735989318)
(56.0, 27.0, 27.981915354239607)
(56.0, 28.0, 25.484415011237608)
(56.0, 29.0, 24.622944880961541)
(56.0, 30.0, 25.001449175846037)
(56.0, 31.0, 22.62875124348729)
(56.0, 32.0, 25.466757735560247)
(56.0, 33.0, 25.679014828884078)
(56.0, 34.0, 26.980359063995536)
(56.0, 35.0, 26.231766237064463)
(56.0, 36.0, 22.616374470665622)
(56.0, 37.0, 27.033042554926208)
(56.0, 38.0, 26.612890587371954)
(56.0, 39.0, 22.605092659461405)
(56.0, 40.0, 24.528994423022567)
(56.0, 41.0, 25.471386290346722)
(56.0, 42.0, 24.2749341853423)
(56.0, 43.0, 27.145299557749816)
(56.0, 44.0, 27.533194969622489)
(56.0, 45.0, 27.829240657984798)
(56.0, 46.0, 25.671544005286112)
(56.0, 47.0, 25.696153387985209)
(56.0, 48.0, 24.945683346122301)
(56.0, 49.0, 29.178018189111523)
(56.0, 50.0, 27.565850871684592)
(56.0, 51.0, 26.981916608201455)
(56.0, 52.0, 26.050993154114582)
(56.0, 53.0, 26.09638522862182)
(56.0, 54.0, 24.966850292039588)
(56.0, 55.0, 23.507817942259567)
(56.0, 56.0, 28.068522313186264)
(56.0, 57.0, 25.206693683238814)
(56.0, 58.0, 24.050625074574072)
(56.0, 59.0, 25.742819753043921)
(56.0, 60.0, 27.508861874810446)
(56.0, 61.0, 23.20036251110669)
(56.0, 62.0, 25.15515521460253)
(56.0, 63.0, 26.099064867720315)
(56.0, 64.0, 25.340069454725349)
(56.0, 65.0, 25.529038319332074)
(56.0, 66.0, 25.401760755564446)
(56.0, 67.0, 25.798313689097274)
(56.0, 68.0, 28.04749953882575)
(56.0, 69.0, 24.724088785311352)
(56.0, 70.0, 27.451584232295179)
(56.0, 71.0, 23.939856201540575)
(56.0, 72.0, 24.513120971095322)
(56.0, 73.0, 23.807448435928997)
(56.0, 74.0, 26.2238293498053)
(56.0, 75.0, 25.913451487458925)
(56.0, 76.0, 25.446605489264044)
(56.0, 77.0, 22.232529830529138)
(56.0, 78.0, 25.130465124226966)
(56.0, 79.0, 26.434200683501146)
(56.0, 80.0, 27.165141058872344)
(56.0, 81.0, 21.211991922973937)
(56.0, 82.0, 21.907402715754227)
(56.0, 83.0, 24.757207556343005)
(56.0, 84.0, 28.325451806593382)
(56.0, 85.0, 27.702540901285261)
(56.0, 86.0, 27.131269047282441)
(56.0, 87.0, 25.266912205861129)
(56.0, 88.0, 25.814622908006637)
(56.0, 89.0, 27.368945303781722)
(56.0, 90.0, 25.039094575011564)
(56.0, 91.0, 24.940260361295586)
(56.0, 92.0, 23.532557454236688)
(56.0, 93.0, 25.7697796409945)
(56.0, 94.0, 26.636555211688957)
(56.0, 95.0, 24.728972032655232)
(56.0, 96.0, 23.179199882991451)
(56.0, 97.0, 25.860349920786518)
(56.0, 98.0, 24.613040728615847)
(56.0, 99.0, 24.664047753249669)
(56.0, 100.0, 25.772075887928473)
(56.0, 101.0, 24.903344077106475)
(56.0, 102.0, 26.097741703170175)
(56.0, 103.0, 26.020026733109368)
(56.0, 104.0, 28.499458991875159)
(56.0, 105.0, 25.984840168828711)
(56.0, 106.0, 24.535600188990422)
(56.0, 107.0, 25.117822909072959)
(56.0, 108.0, 23.181957280072787)
(56.0, 109.0, 23.992160417510792)
(56.0, 110.0, 26.4196279529788)
(56.0, 111.0, 25.478314348334617)
(56.0, 112.0, 27.177853987578565)
(56.0, 113.0, 27.048626545792022)
(56.0, 114.0, 27.19066521383143)
(56.0, 115.0, 26.242933302816962)
(56.0, 116.0, 24.541511033296288)
(56.0, 117.0, 22.752536114252621)
(56.0, 118.0, 27.264007710763938)
(56.0, 119.0, 27.041639388141704)
(56.0, 120.0, 26.484547823355758)
(56.0, 121.0, 27.94927430609377)
(56.0, 122.0, 24.9624832091373)
(56.0, 123.0, 28.414467895242122)
(56.0, 124.0, 26.402730884592938)
(56.0, 125.0, 26.566204604041388)
(56.0, 126.0, 24.423633308416836)
(56.0, 127.0, 25.729316635295852)
(56.0, 128.0, 24.960372243326486)
(56.0, 129.0, 28.819447366158862)
(56.0, 130.0, 26.777849062843451)
(56.0, 131.0, 26.766611594657878)
(56.0, 132.0, 22.145745715311605)
(56.0, 133.0, 21.1094716298566)
(56.0, 134.0, 27.048452109238426)
(56.0, 135.0, 25.712125617596158)
(56.0, 136.0, 26.799586401151743)
(56.0, 137.0, 26.81279815596988)
(56.0, 138.0, 23.489478668663445)
(56.0, 139.0, 27.790610121601258)
(56.0, 140.0, 29.480513766957746)
(56.0, 141.0, 26.250042076055717)
(56.0, 142.0, 25.24314782108182)
(56.0, 143.0, 27.935121935696653)
(56.0, 144.0, 23.495428736110714)
(56.0, 145.0, 25.977428598720419)
(56.0, 146.0, 29.180120265624115)
(56.0, 147.0, 24.729544767241652)
(56.0, 148.0, 25.392054250057406)
(56.0, 149.0, 27.087672415723976)
(56.0, 150.0, 28.547206716625691)
(56.0, 151.0, 27.840979294538922)
(56.0, 152.0, 26.105350840793591)
(56.0, 153.0, 27.225937329829097)
(56.0, 154.0, 26.606927309148631)
(56.0, 155.0, 25.944519741415906)
(56.0, 156.0, 26.866212298737491)
(56.0, 157.0, 28.762928134924525)
(56.0, 158.0, 27.489609961515633)
(56.0, 159.0, 26.326770656310693)
(56.0, 160.0, 23.605571378804274)
(56.0, 161.0, 27.295883662938138)
(56.0, 162.0, 27.140967427490136)
(56.0, 163.0, 24.230260228942534)
(56.0, 164.0, 26.534338568957587)
(56.0, 165.0, 25.663489518770728)
(56.0, 166.0, 25.774688008297275)
(56.0, 167.0, 27.049394560031494)
(56.0, 168.0, 25.72062587986477)
(56.0, 169.0, 25.847761935829784)
(56.0, 170.0, 24.658757599233887)
(56.0, 171.0, 27.544982996158033)
(56.0, 172.0, 27.49026535506318)
(56.0, 173.0, 25.090512291783622)
(56.0, 174.0, 23.549926470097251)
(56.0, 175.0, 28.322258570812817)
(56.0, 176.0, 25.385241275404759)
(56.0, 177.0, 27.792574554030587)
(56.0, 178.0, 25.219630754850606)
(56.0, 179.0, 26.252824380661526)
(56.0, 180.0, 26.681911839276548)
(56.0, 181.0, 26.35042364123499)
(56.0, 182.0, 26.959999840351585)
(56.0, 183.0, 25.408754221790375)
(56.0, 184.0, 22.245763805448238)
(56.0, 185.0, 26.185903752844133)
(56.0, 186.0, 25.870303574078978)
(56.0, 187.0, 29.184043029282957)
(56.0, 188.0, 26.665577123552183)
(56.0, 189.0, 28.175695458920501)
(56.0, 190.0, 27.941156949497515)
(56.0, 191.0, 24.926266901929079)
(56.0, 192.0, 26.170602095986105)
(56.0, 193.0, 25.986948801473218)
(56.0, 194.0, 27.171294872297125)
(56.0, 195.0, 26.855037044573226)
(56.0, 196.0, 26.207918478937852)
(56.0, 197.0, 25.815854158835236)
(56.0, 198.0, 24.52032093783022)
(56.0, 199.0, 26.245385991831625)
(57.0, 0.0, 20.302578997255598)
(57.0, 1.0, 23.696032625546078)
(57.0, 2.0, 22.935512172060132)
(57.0, 3.0, 25.270899855752134)
(57.0, 4.0, 21.689093816007304)
(57.0, 5.0, 25.261605327792903)
(57.0, 6.0, 26.242607937223902)
(57.0, 7.0, 26.084570012814126)
(57.0, 8.0, 22.270416583049954)
(57.0, 9.0, 24.769529895645022)
(57.0, 10.0, 23.115989994735585)
(57.0, 11.0, 26.272787326626677)
(57.0, 12.0, 24.470163492391954)
(57.0, 13.0, 25.150761808191284)
(57.0, 14.0, 24.640155147061957)
(57.0, 15.0, 23.094051640366043)
(57.0, 16.0, 23.346669788311683)
(57.0, 17.0, 25.991036540739351)
(57.0, 18.0, 24.647886780423391)
(57.0, 19.0, 28.158978406662769)
(57.0, 20.0, 25.783531302571191)
(57.0, 21.0, 22.988469379428189)
(57.0, 22.0, 26.893564952278115)
(57.0, 23.0, 27.561645838550067)
(57.0, 24.0, 19.743182369530341)
(57.0, 25.0, 20.662316294910909)
(57.0, 26.0, 22.015283390243312)
(57.0, 27.0, 27.611364555842126)
(57.0, 28.0, 24.341821976653719)
(57.0, 29.0, 24.396670208650946)
(57.0, 30.0, 24.140713891056937)
(57.0, 31.0, 23.04952974359318)
(57.0, 32.0, 24.973824932534072)
(57.0, 33.0, 25.078555640069045)
(57.0, 34.0, 25.850026348629726)
(57.0, 35.0, 25.899609724507048)
(57.0, 36.0, 22.346793634316473)
(57.0, 37.0, 25.084719413490703)
(57.0, 38.0, 25.818857208430313)
(57.0, 39.0, 22.213753389455778)
(57.0, 40.0, 22.172335867405984)
(57.0, 41.0, 24.968115714656065)
(57.0, 42.0, 22.812036980227486)
(57.0, 43.0, 26.304068635182176)
(57.0, 44.0, 28.588746586034059)
(57.0, 45.0, 27.009058518622794)
(57.0, 46.0, 26.167242854271731)
(57.0, 47.0, 24.618200924512941)
(57.0, 48.0, 22.387471845131834)
(57.0, 49.0, 26.607643119628108)
(57.0, 50.0, 27.526329689055967)
(57.0, 51.0, 27.336830700000075)
(57.0, 52.0, 24.374704197213418)
(57.0, 53.0, 23.068439311498608)
(57.0, 54.0, 22.703521233140389)
(57.0, 55.0, 23.115191171383351)
(57.0, 56.0, 26.345608750872522)
(57.0, 57.0, 23.912522740260457)
(57.0, 58.0, 23.667059506281507)
(57.0, 59.0, 24.674065896970909)
(57.0, 60.0, 25.967930616212179)
(57.0, 61.0, 22.081056386205276)
(57.0, 62.0, 26.582675719091277)
(57.0, 63.0, 24.70588368319428)
(57.0, 64.0, 24.295311811426213)
(57.0, 65.0, 22.879890438296052)
(57.0, 66.0, 25.41471841114334)
(57.0, 67.0, 24.237262536821586)
(57.0, 68.0, 26.211020630943356)
(57.0, 69.0, 25.534721951732003)
(57.0, 70.0, 27.560725992914804)
(57.0, 71.0, 22.454939766740289)
(57.0, 72.0, 22.508673455851291)
(57.0, 73.0, 23.019815937279684)
(57.0, 74.0, 25.780083393549653)
(57.0, 75.0, 26.170395648677399)
(57.0, 76.0, 25.497584644109192)
(57.0, 77.0, 23.144105216812854)
(57.0, 78.0, 24.763293926882334)
(57.0, 79.0, 24.601577745969664)
(57.0, 80.0, 27.909293178739201)
(57.0, 81.0, 21.79319694560807)
(57.0, 82.0, 20.371020292535739)
(57.0, 83.0, 23.295270862125179)
(57.0, 84.0, 27.37572034488495)
(57.0, 85.0, 25.368242964311793)
(57.0, 86.0, 25.153291086020872)
(57.0, 87.0, 23.603474995376384)
(57.0, 88.0, 24.383525378659741)
(57.0, 89.0, 26.922597406992423)
(57.0, 90.0, 24.502975738953637)
(57.0, 91.0, 23.692384651280818)
(57.0, 92.0, 22.973595005987757)
(57.0, 93.0, 25.832384695139147)
(57.0, 94.0, 25.298534740612745)
(57.0, 95.0, 23.085931093079456)
(57.0, 96.0, 23.337043378787854)
(57.0, 97.0, 24.634629679569645)
(57.0, 98.0, 22.586295319626171)
(57.0, 99.0, 22.380774051949082)
(57.0, 100.0, 25.020107395560885)
(57.0, 101.0, 23.106508166122399)
(57.0, 102.0, 26.000478061089936)
(57.0, 103.0, 25.426075626201456)
(57.0, 104.0, 26.315904762141205)
(57.0, 105.0, 24.629602812256621)
(57.0, 106.0, 23.414875732829209)
(57.0, 107.0, 23.06927929915468)
(57.0, 108.0, 25.200736711629109)
(57.0, 109.0, 24.640784734441702)
(57.0, 110.0, 23.105966718183375)
(57.0, 111.0, 25.704799820811314)
(57.0, 112.0, 26.797524373590299)
(57.0, 113.0, 24.722434805893911)
(57.0, 114.0, 25.847526049622516)
(57.0, 115.0, 25.198502209123639)
(57.0, 116.0, 20.957864319950524)
(57.0, 117.0, 20.564716389744575)
(57.0, 118.0, 26.613484826310749)
(57.0, 119.0, 25.867288005723456)
(57.0, 120.0, 25.005461914450972)
(57.0, 121.0, 24.717641326979475)
(57.0, 122.0, 23.380167826553908)
(57.0, 123.0, 26.644304695260054)
(57.0, 124.0, 25.655939581098355)
(57.0, 125.0, 26.415658546859738)
(57.0, 126.0, 23.612346567162501)
(57.0, 127.0, 24.657465233815188)
(57.0, 128.0, 23.627379396884336)
(57.0, 129.0, 25.625367650518573)
(57.0, 130.0, 23.751569205373144)
(57.0, 131.0, 25.6115810491983)
(57.0, 132.0, 21.812034205062126)
(57.0, 133.0, 23.480654489732501)
(57.0, 134.0, 24.596503456998839)
(57.0, 135.0, 25.54970599700404)
(57.0, 136.0, 25.312969614096854)
(57.0, 137.0, 24.216216583021385)
(57.0, 138.0, 21.550301789904246)
(57.0, 139.0, 27.769553938209668)
(57.0, 140.0, 28.487011310175845)
(57.0, 141.0, 23.661565295500846)
(57.0, 142.0, 24.546757058619406)
(57.0, 143.0, 26.021712451882017)
(57.0, 144.0, 24.714082987004005)
(57.0, 145.0, 25.440403118754443)
(57.0, 146.0, 26.12451404827781)
(57.0, 147.0, 24.674411010077012)
(57.0, 148.0, 23.206214162625624)
(57.0, 149.0, 26.024375754410155)
(57.0, 150.0, 27.543540492952712)
(57.0, 151.0, 25.633600786173602)
(57.0, 152.0, 24.6050361601806)
(57.0, 153.0, 27.686970313482391)
(57.0, 154.0, 26.563091164138264)
(57.0, 155.0, 25.971724322924452)
(57.0, 156.0, 26.017486660639253)
(57.0, 157.0, 26.851851342527663)
(57.0, 158.0, 27.389443432112593)
(57.0, 159.0, 24.367900642383042)
(57.0, 160.0, 24.450936420895168)
(57.0, 161.0, 25.18509593984119)
(57.0, 162.0, 25.917927120302657)
(57.0, 163.0, 22.916901137300677)
(57.0, 164.0, 23.682880563447355)
(57.0, 165.0, 24.726024964984109)
(57.0, 166.0, 27.059340394156202)
(57.0, 167.0, 23.689039580820996)
(57.0, 168.0, 26.765541678951468)
(57.0, 169.0, 24.425967101444609)
(57.0, 170.0, 22.979343286292561)
(57.0, 171.0, 26.442093375338942)
(57.0, 172.0, 27.212918913948503)
(57.0, 173.0, 23.867631409329682)
(57.0, 174.0, 23.704943755269397)
(57.0, 175.0, 25.084192245008857)
(57.0, 176.0, 22.742261972719671)
(57.0, 177.0, 27.14841601740995)
(57.0, 178.0, 23.622249107319472)
(57.0, 179.0, 26.728328984331704)
(57.0, 180.0, 24.649474354000397)
(57.0, 181.0, 24.331561004143428)
(57.0, 182.0, 25.575326449702438)
(57.0, 183.0, 23.979747628111511)
(57.0, 184.0, 23.499977824341762)
(57.0, 185.0, 24.176533369549333)
(57.0, 186.0, 23.513133783365408)
(57.0, 187.0, 26.775052347467824)
(57.0, 188.0, 23.728206160343323)
(57.0, 189.0, 27.376370989726968)
(57.0, 190.0, 25.358471951088795)
(57.0, 191.0, 24.252975958662756)
(57.0, 192.0, 24.689584404024785)
(57.0, 193.0, 24.798701898544078)
(57.0, 194.0, 27.309361980003835)
(57.0, 195.0, 25.491232344400281)
(57.0, 196.0, 25.893187283689731)
(57.0, 197.0, 26.420038346362254)
(57.0, 198.0, 24.255579204310337)
(57.0, 199.0, 24.053315540138506)
(58.0, 0.0, 18.977743042533859)
(58.0, 1.0, 22.307701152098854)
(58.0, 2.0, 21.529782050012866)
(58.0, 3.0, 23.678898073507209)
(58.0, 4.0, 20.614256027157854)
(58.0, 5.0, 24.875168125533328)
(58.0, 6.0, 24.504130767946965)
(58.0, 7.0, 24.753493769097314)
(58.0, 8.0, 20.512048821571341)
(58.0, 9.0, 22.715967892362965)
(58.0, 10.0, 21.49606460612501)
(58.0, 11.0, 23.600743783988719)
(58.0, 12.0, 22.977195834827111)
(58.0, 13.0, 24.275493365125914)
(58.0, 14.0, 21.658213147085348)
(58.0, 15.0, 21.11256223377605)
(58.0, 16.0, 22.21754368768427)
(58.0, 17.0, 24.024328474076807)
(58.0, 18.0, 23.542724676597061)
(58.0, 19.0, 25.568229143247951)
(58.0, 20.0, 23.809720004995583)
(58.0, 21.0, 21.915461840800106)
(58.0, 22.0, 24.473948502666588)
(58.0, 23.0, 25.003908213261671)
(58.0, 24.0, 18.737834040099735)
(58.0, 25.0, 20.67286750828103)
(58.0, 26.0, 23.528155129252383)
(58.0, 27.0, 24.932862664022124)
(58.0, 28.0, 24.077881135590626)
(58.0, 29.0, 22.335045889557293)
(58.0, 30.0, 23.377528507342433)
(58.0, 31.0, 20.778461028576686)
(58.0, 32.0, 22.466336149894559)
(58.0, 33.0, 21.577405599175609)
(58.0, 34.0, 23.984615674069808)
(58.0, 35.0, 22.891380773398097)
(58.0, 36.0, 20.546144417100198)
(58.0, 37.0, 24.680719370663169)
(58.0, 38.0, 23.552188255361873)
(58.0, 39.0, 21.497528962133952)
(58.0, 40.0, 20.911735449992705)
(58.0, 41.0, 23.16295924596535)
(58.0, 42.0, 21.924249649809166)
(58.0, 43.0, 23.805110824549715)
(58.0, 44.0, 26.537546397388997)
(58.0, 45.0, 24.778777125933793)
(58.0, 46.0, 23.823872617618918)
(58.0, 47.0, 21.952561786447774)
(58.0, 48.0, 21.833251446630754)
(58.0, 49.0, 25.73768834984056)
(58.0, 50.0, 23.57189206694099)
(58.0, 51.0, 24.648695505365854)
(58.0, 52.0, 23.752818246034742)
(58.0, 53.0, 21.878078430264612)
(58.0, 54.0, 21.491923101240083)
(58.0, 55.0, 21.571067407923223)
(58.0, 56.0, 25.399106282312395)
(58.0, 57.0, 22.398547619367839)
(58.0, 58.0, 22.235882561229872)
(58.0, 59.0, 24.209926151621904)
(58.0, 60.0, 25.442288192716809)
(58.0, 61.0, 21.322076405437368)
(58.0, 62.0, 23.1471700379089)
(58.0, 63.0, 22.087916099479443)
(58.0, 64.0, 21.897291439108354)
(58.0, 65.0, 23.382129365683742)
(58.0, 66.0, 22.394356893465119)
(58.0, 67.0, 23.538195807595486)
(58.0, 68.0, 24.812662523823541)
(58.0, 69.0, 22.376672808911131)
(58.0, 70.0, 24.252336872956299)
(58.0, 71.0, 23.464475645164921)
(58.0, 72.0, 21.19758322483413)
(58.0, 73.0, 21.174212837688511)
(58.0, 74.0, 23.650040043376734)
(58.0, 75.0, 23.665975424266815)
(58.0, 76.0, 22.572448413276607)
(58.0, 77.0, 21.454874459795565)
(58.0, 78.0, 23.37698865754059)
(58.0, 79.0, 23.326106772888906)
(58.0, 80.0, 24.024468903268989)
(58.0, 81.0, 19.025786271309311)
(58.0, 82.0, 19.712317079268939)
(58.0, 83.0, 21.507705027994213)
(58.0, 84.0, 25.316629929839745)
(58.0, 85.0, 23.750154371460276)
(58.0, 86.0, 23.977989388331451)
(58.0, 87.0, 23.31053459278456)
(58.0, 88.0, 22.889837265326744)
(58.0, 89.0, 25.688862566220372)
(58.0, 90.0, 22.097305777205609)
(58.0, 91.0, 21.334859091550278)
(58.0, 92.0, 21.121657621626142)
(58.0, 93.0, 24.918004762105113)
(58.0, 94.0, 23.317595230964571)
(58.0, 95.0, 21.098608933577744)
(58.0, 96.0, 22.002547561994302)
(58.0, 97.0, 23.359123160940996)
(58.0, 98.0, 20.98251800250782)
(58.0, 99.0, 22.229669431508299)
(58.0, 100.0, 24.258675623453481)
(58.0, 101.0, 21.589374227078419)
(58.0, 102.0, 23.523032620906992)
(58.0, 103.0, 22.955829316681044)
(58.0, 104.0, 24.619594362917336)
(58.0, 105.0, 21.898050392701943)
(58.0, 106.0, 20.780801242313085)
(58.0, 107.0, 22.287118287617659)
(58.0, 108.0, 22.871624267543623)
(58.0, 109.0, 23.533322490809415)
(58.0, 110.0, 22.198274628136506)
(58.0, 111.0, 23.077466039860994)
(58.0, 112.0, 24.979606218315421)
(58.0, 113.0, 23.279334280914718)
(58.0, 114.0, 24.912623777104713)
(58.0, 115.0, 23.657059753144477)
(58.0, 116.0, 20.768152751137801)
(58.0, 117.0, 20.17629057483277)
(58.0, 118.0, 23.890806055143997)
(58.0, 119.0, 22.905239865215229)
(58.0, 120.0, 24.482664616538415)
(58.0, 121.0, 24.005533522761517)
(58.0, 122.0, 23.19181126803559)
(58.0, 123.0, 24.359336984252309)
(58.0, 124.0, 23.058797336652059)
(58.0, 125.0, 23.01233863812903)
(58.0, 126.0, 22.886934966441949)
(58.0, 127.0, 23.148786152781803)
(58.0, 128.0, 22.771610543775118)
(58.0, 129.0, 23.550475003459034)
(58.0, 130.0, 23.338187790952112)
(58.0, 131.0, 23.962621187263927)
(58.0, 132.0, 19.493679068552755)
(58.0, 133.0, 19.73433189780415)
(58.0, 134.0, 24.154996287010452)
(58.0, 135.0, 24.855246032043414)
(58.0, 136.0, 24.248684620848739)
(58.0, 137.0, 23.68179845587516)
(58.0, 138.0, 21.595231084482361)
(58.0, 139.0, 25.341723401584645)
(58.0, 140.0, 25.74106758779806)
(58.0, 141.0, 22.256179951224162)
(58.0, 142.0, 21.879206830736106)
(58.0, 143.0, 23.33004784848864)
(58.0, 144.0, 22.610954555093503)
(58.0, 145.0, 23.984131597050773)
(58.0, 146.0, 25.761792057855068)
(58.0, 147.0, 21.229356416691282)
(58.0, 148.0, 21.822341567302026)
(58.0, 149.0, 24.593332907171224)
(58.0, 150.0, 24.865033510754667)
(58.0, 151.0, 24.356078290721555)
(58.0, 152.0, 23.621128240380116)
(58.0, 153.0, 25.243292781797656)
(58.0, 154.0, 23.497123539237634)
(58.0, 155.0, 23.89978428226906)
(58.0, 156.0, 24.516879838381112)
(58.0, 157.0, 26.528842693519103)
(58.0, 158.0, 23.679685990821028)
(58.0, 159.0, 23.52699966526357)
(58.0, 160.0, 21.946012357130972)
(58.0, 161.0, 22.637392241357468)
(58.0, 162.0, 25.113694989691027)
(58.0, 163.0, 21.071008873762118)
(58.0, 164.0, 24.048964863535492)
(58.0, 165.0, 23.89449771486678)
(58.0, 166.0, 23.543522137484668)
(58.0, 167.0, 22.519490723352952)
(58.0, 168.0, 24.792821872646194)
(58.0, 169.0, 23.735703271851538)
(58.0, 170.0, 22.72017924555049)
(58.0, 171.0, 24.370854988502785)
(58.0, 172.0, 24.394495065979509)
(58.0, 173.0, 22.897551412887786)
(58.0, 174.0, 20.74555437384155)
(58.0, 175.0, 24.913814400933731)
(58.0, 176.0, 23.416495042090006)
(58.0, 177.0, 25.451259292703025)
(58.0, 178.0, 21.363357161849624)
(58.0, 179.0, 25.839297246570553)
(58.0, 180.0, 23.703650240532873)
(58.0, 181.0, 22.390581459882476)
(58.0, 182.0, 22.986339314594964)
(58.0, 183.0, 22.634807421217459)
(58.0, 184.0, 21.049599930905295)
(58.0, 185.0, 22.851696683746038)
(58.0, 186.0, 23.845426912249501)
(58.0, 187.0, 26.344991710259215)
(58.0, 188.0, 23.347067689179596)
(58.0, 189.0, 25.52668483044248)
(58.0, 190.0, 24.317423938025101)
(58.0, 191.0, 21.9544172682042)
(58.0, 192.0, 22.69871901191847)
(58.0, 193.0, 22.37803962553831)
(58.0, 194.0, 23.956094571545176)
(58.0, 195.0, 23.264025089599723)
(58.0, 196.0, 23.664505540277275)
(58.0, 197.0, 24.358586453519234)
(58.0, 198.0, 21.50764121921727)
(58.0, 199.0, 21.955693994231552)
(59.0, 0.0, 22.412040859991606)
(59.0, 1.0, 24.248950095616259)
(59.0, 2.0, 23.31291319042926)
(59.0, 3.0, 23.846031962071628)
(59.0, 4.0, 22.111349489622345)
(59.0, 5.0, 25.787070039034678)
(59.0, 6.0, 26.976505379898285)
(59.0, 7.0, 24.752478512321538)
(59.0, 8.0, 21.480962698361338)
(59.0, 9.0, 23.969447908524387)
(59.0, 10.0, 25.048796775570313)
(59.0, 11.0, 25.059549705659549)
(59.0, 12.0, 24.311570911284356)
(59.0, 13.0, 23.678019052790884)
(59.0, 14.0, 24.168437575959071)
(59.0, 15.0, 23.104894083049459)
(59.0, 16.0, 22.260658232067335)
(59.0, 17.0, 23.606062031117037)
(59.0, 18.0, 26.223472886182485)
(59.0, 19.0, 27.269764464459247)
(59.0, 20.0, 25.101892229807525)
(59.0, 21.0, 24.098695976906939)
(59.0, 22.0, 26.614717434645769)
(59.0, 23.0, 25.445677040784332)
(59.0, 24.0, 19.696654146440068)
(59.0, 25.0, 21.893330356797229)
(59.0, 26.0, 23.633500457957474)
(59.0, 27.0, 27.716395811009466)
(59.0, 28.0, 26.511865975793)
(59.0, 29.0, 23.519643243964925)
(59.0, 30.0, 23.991081647020554)
(59.0, 31.0, 23.64314336288253)
(59.0, 32.0, 26.142757604412292)
(59.0, 33.0, 23.772160222835641)
(59.0, 34.0, 26.478814940904925)
(59.0, 35.0, 25.507664515804706)
(59.0, 36.0, 22.406854175887652)
(59.0, 37.0, 26.596247028102557)
(59.0, 38.0, 25.068344000220719)
(59.0, 39.0, 20.683785902513975)
(59.0, 40.0, 24.182654904159776)
(59.0, 41.0, 24.617707325116196)
(59.0, 42.0, 23.816431099556919)
(59.0, 43.0, 27.2171919595418)
(59.0, 44.0, 27.138272023110282)
(59.0, 45.0, 26.299502369660676)
(59.0, 46.0, 24.81936000079568)
(59.0, 47.0, 24.08124596382476)
(59.0, 48.0, 23.160710643627088)
(59.0, 49.0, 26.222358082101426)
(59.0, 50.0, 27.432788476366913)
(59.0, 51.0, 25.81076854099036)
(59.0, 52.0, 25.808829670911528)
(59.0, 53.0, 23.664382030195668)
(59.0, 54.0, 23.5128657688503)
(59.0, 55.0, 23.397192377087606)
(59.0, 56.0, 25.690238681314661)
(59.0, 57.0, 22.759529588425863)
(59.0, 58.0, 22.576867065098234)
(59.0, 59.0, 24.527603733173393)
(59.0, 60.0, 24.475712652368305)
(59.0, 61.0, 23.26233367660241)
(59.0, 62.0, 24.91164207776653)
(59.0, 63.0, 23.473427914144398)
(59.0, 64.0, 22.855248720108214)
(59.0, 65.0, 24.635789592342874)
(59.0, 66.0, 25.27876188061051)
(59.0, 67.0, 24.356268773087002)
(59.0, 68.0, 25.959225265187108)
(59.0, 69.0, 24.125934734428476)
(59.0, 70.0, 24.755851446235489)
(59.0, 71.0, 23.983640721068561)
(59.0, 72.0, 22.583350678386211)
(59.0, 73.0, 23.126920132143958)
(59.0, 74.0, 24.145478996283039)
(59.0, 75.0, 25.753145694048079)
(59.0, 76.0, 24.749484417813818)
(59.0, 77.0, 20.974409958293784)
(59.0, 78.0, 23.423760786479431)
(59.0, 79.0, 24.611182700899345)
(59.0, 80.0, 25.463901843953678)
(59.0, 81.0, 20.964436740498954)
(59.0, 82.0, 21.547686346868215)
(59.0, 83.0, 22.2517682978491)
(59.0, 84.0, 25.571256741269938)
(59.0, 85.0, 27.012074047200571)
(59.0, 86.0, 25.390072493746899)
(59.0, 87.0, 23.307230881110502)
(59.0, 88.0, 24.028242961531042)
(59.0, 89.0, 25.061180089403123)
(59.0, 90.0, 24.334998128517302)
(59.0, 91.0, 24.156955483523813)
(59.0, 92.0, 24.142995859677349)
(59.0, 93.0, 25.60941006369924)
(59.0, 94.0, 24.408623004087481)
(59.0, 95.0, 22.68293471706323)
(59.0, 96.0, 22.245721654784838)
(59.0, 97.0, 23.879812952933943)
(59.0, 98.0, 24.088366347358047)
(59.0, 99.0, 26.078636644597484)
(59.0, 100.0, 25.70468613272017)
(59.0, 101.0, 23.271891747179453)
(59.0, 102.0, 25.076006197585226)
(59.0, 103.0, 23.723963346668949)
(59.0, 104.0, 27.682962739499779)
(59.0, 105.0, 24.819222990080394)
(59.0, 106.0, 23.626179953621314)
(59.0, 107.0, 22.765436430796264)
(59.0, 108.0, 23.751454554179443)
(59.0, 109.0, 23.395249576938284)
(59.0, 110.0, 25.310175775815082)
(59.0, 111.0, 25.256043856325224)
(59.0, 112.0, 26.840899805816715)
(59.0, 113.0, 26.092307257713252)
(59.0, 114.0, 24.842534771295625)
(59.0, 115.0, 24.475510598030155)
(59.0, 116.0, 23.009190585500257)
(59.0, 117.0, 21.806314877887488)
(59.0, 118.0, 25.946753282595513)
(59.0, 119.0, 24.62240331099969)
(59.0, 120.0, 25.922080737237884)
(59.0, 121.0, 24.595809546334618)
(59.0, 122.0, 23.748527334228982)
(59.0, 123.0, 26.864729186692273)
(59.0, 124.0, 25.505555144368014)
(59.0, 125.0, 26.349817863760084)
(59.0, 126.0, 22.958882016809525)
(59.0, 127.0, 25.548789603087897)
(59.0, 128.0, 23.342207238232582)
(59.0, 129.0, 27.776749838713144)
(59.0, 130.0, 24.857172035517863)
(59.0, 131.0, 24.349145749875948)
(59.0, 132.0, 19.782838658567449)
(59.0, 133.0, 22.112673322319356)
(59.0, 134.0, 25.721180886991785)
(59.0, 135.0, 23.621641442499559)
(59.0, 136.0, 26.239853493092276)
(59.0, 137.0, 24.153116661431064)
(59.0, 138.0, 21.795914526343029)
(59.0, 139.0, 26.427062393128779)
(59.0, 140.0, 26.460761739648969)
(59.0, 141.0, 24.564192111425179)
(59.0, 142.0, 24.739413424049502)
(59.0, 143.0, 26.937443129131111)
(59.0, 144.0, 24.106516756708615)
(59.0, 145.0, 23.787320772768002)
(59.0, 146.0, 26.522531999265475)
(59.0, 147.0, 21.571654434292508)
(59.0, 148.0, 22.995927841344123)
(59.0, 149.0, 24.771196310683759)
(59.0, 150.0, 28.452175614488311)
(59.0, 151.0, 28.154104626848639)
(59.0, 152.0, 25.324470158563187)
(59.0, 153.0, 26.08127503286924)
(59.0, 154.0, 24.712723073347327)
(59.0, 155.0, 26.168360327519668)
