(35.0, 52.0, 26.596986765543107)
(35.0, 53.0, 24.39585971872301)
(35.0, 54.0, 24.188243820125422)
(35.0, 55.0, 24.265784987608242)
(35.0, 56.0, 24.794626100906708)
(35.0, 57.0, 23.240358699950033)
(35.0, 58.0, 23.945780767066626)
(35.0, 59.0, 25.035041773343622)
(35.0, 60.0, 25.408598391369779)
(35.0, 61.0, 24.199913578180599)
(35.0, 62.0, 26.057305024031095)
(35.0, 63.0, 23.449636542886989)
(35.0, 64.0, 23.07328905664242)
(35.0, 65.0, 24.801272873043036)
(35.0, 66.0, 26.957185012659941)
(35.0, 67.0, 24.255143739580976)
(35.0, 68.0, 26.541433746564685)
(35.0, 69.0, 25.341541615074057)
(35.0, 70.0, 27.683264438067319)
(35.0, 71.0, 25.219331605988632)
(35.0, 72.0, 19.734974110842707)
(35.0, 73.0, 22.883837527821026)
(35.0, 74.0, 24.543158132423564)
(35.0, 75.0, 26.342310449559154)
(35.0, 76.0, 24.60760849667367)
(35.0, 77.0, 24.893703419218827)
(35.0, 78.0, 25.051047449444567)
(35.0, 79.0, 24.065003368249052)
(35.0, 80.0, 26.640921862705127)
(35.0, 81.0, 21.058642031584537)
(35.0, 82.0, 22.610065127604763)
(35.0, 83.0, 24.276697941998318)
(35.0, 84.0, 26.194865050152693)
(35.0, 85.0, 25.963299721908157)
(35.0, 86.0, 25.829662529781125)
(35.0, 87.0, 24.989982140139038)
(35.0, 88.0, 24.365642687376329)
(35.0, 89.0, 25.66122112930962)
(35.0, 90.0, 24.690479962755195)
(35.0, 91.0, 24.198726308379118)
(35.0, 92.0, 24.434995917241295)
(35.0, 93.0, 26.488632664891337)
(35.0, 94.0, 25.97390388630215)
(35.0, 95.0, 24.432273134049748)
(35.0, 96.0, 23.057142494175199)
(35.0, 97.0, 25.61953155755744)
(35.0, 98.0, 22.884166492557515)
(35.0, 99.0, 26.034777042961338)
(35.0, 100.0, 26.547627323891788)
(35.0, 101.0, 25.059265372102619)
(35.0, 102.0, 24.47038667113738)
(35.0, 103.0, 26.987003902513408)
(35.0, 104.0, 28.168505246578292)
(35.0, 105.0, 25.862561844991227)
(35.0, 106.0, 23.2205877785041)
(35.0, 107.0, 23.840339066962702)
(35.0, 108.0, 24.993907077787423)
(35.0, 109.0, 23.382824736799368)
(35.0, 110.0, 25.666422910052802)
(35.0, 111.0, 25.499589164061245)
(35.0, 112.0, 28.904525483084267)
(35.0, 113.0, 25.99204544401664)
(35.0, 114.0, 26.530546036665513)
(35.0, 115.0, 25.334961569161006)
(35.0, 116.0, 23.425396667925455)
(35.0, 117.0, 23.063326963322133)
(35.0, 118.0, 26.187297718896517)
(35.0, 119.0, 26.444838513114629)
(35.0, 120.0, 24.456833130800728)
(35.0, 121.0, 27.331009861812309)
(35.0, 122.0, 22.995617047786617)
(35.0, 123.0, 27.685525819897883)
(35.0, 124.0, 25.239066985394725)
(35.0, 125.0, 28.084542612701245)
(35.0, 126.0, 24.818299679180289)
(35.0, 127.0, 26.336920020575519)
(35.0, 128.0, 24.661147015654354)
(35.0, 129.0, 26.759145501870776)
(35.0, 130.0, 26.190942222830373)
(35.0, 131.0, 24.594276991202793)
(35.0, 132.0, 21.436099408039535)
(35.0, 133.0, 21.162161713651685)
(35.0, 134.0, 26.518185643146467)
(35.0, 135.0, 25.778570119540024)
(35.0, 136.0, 25.092743775170867)
(35.0, 137.0, 26.778936889763987)
(35.0, 138.0, 22.757117565969342)
(35.0, 139.0, 28.775325776818505)
(35.0, 140.0, 28.498595588623697)
(35.0, 141.0, 24.895960207688887)
(35.0, 142.0, 24.866757325827386)
(35.0, 143.0, 25.986486947485613)
(35.0, 144.0, 22.830512874224272)
(35.0, 145.0, 26.562256787548481)
(35.0, 146.0, 27.500177808932719)
(35.0, 147.0, 23.969340552099588)
(35.0, 148.0, 24.001016152426189)
(35.0, 149.0, 25.998163467531278)
(35.0, 150.0, 29.301100045921437)
(35.0, 151.0, 28.087470530018258)
(35.0, 152.0, 26.036430789126911)
(35.0, 153.0, 26.99777189374921)
(35.0, 154.0, 27.001097555404669)
(35.0, 155.0, 26.820148507077086)
(35.0, 156.0, 25.942848835167055)
(35.0, 157.0, 26.937608864709595)
(35.0, 158.0, 26.479157641718206)
(35.0, 159.0, 26.195108920434269)
(35.0, 160.0, 24.119224194233443)
(35.0, 161.0, 27.249830110832605)
(35.0, 162.0, 25.113646363115105)
(35.0, 163.0, 24.088175608724303)
(35.0, 164.0, 25.858460309691885)
(35.0, 165.0, 26.212259634255595)
(35.0, 166.0, 26.642086201955355)
(35.0, 167.0, 23.231108160044482)
(35.0, 168.0, 25.190957146935656)
(35.0, 169.0, 25.851137324576268)
(35.0, 170.0, 23.010359594651387)
(35.0, 171.0, 27.332107865471606)
(35.0, 172.0, 27.991840715411808)
(35.0, 173.0, 25.093990740274862)
(35.0, 174.0, 23.08358397069361)
(35.0, 175.0, 28.053684551973234)
(35.0, 176.0, 24.205907564139657)
(35.0, 177.0, 25.675809866530049)
(35.0, 178.0, 24.252194112840957)
(35.0, 179.0, 26.510478911401123)
(35.0, 180.0, 26.464636163796136)
(35.0, 181.0, 25.908427371962212)
(35.0, 182.0, 24.10437204694729)
(35.0, 183.0, 25.494498003939661)
(35.0, 184.0, 22.857401953118522)
(35.0, 185.0, 25.187593264613707)
(35.0, 186.0, 23.228020002559894)
(35.0, 187.0, 27.85854564996858)
(35.0, 188.0, 25.70188404532005)
(35.0, 189.0, 26.936366071004905)
(35.0, 190.0, 26.206333633183164)
(35.0, 191.0, 23.952368558997559)
(35.0, 192.0, 25.521361026277781)
(35.0, 193.0, 25.610745151097884)
(35.0, 194.0, 27.798842948675379)
(35.0, 195.0, 25.696116470649109)
(35.0, 196.0, 25.912999792640658)
(35.0, 197.0, 25.713434719175666)
(35.0, 198.0, 25.202186750336168)
(35.0, 199.0, 24.281515266330914)
(36.0, 0.0, 22.024493773315093)
(36.0, 1.0, 25.028590085470704)
(36.0, 2.0, 23.123686089885862)
(36.0, 3.0, 25.493350624009125)
(36.0, 4.0, 24.235849461258113)
(36.0, 5.0, 25.395419771412108)
(36.0, 6.0, 27.533450191053859)
(36.0, 7.0, 25.988475688763462)
(36.0, 8.0, 20.855588570300892)
(36.0, 9.0, 26.755261010551575)
(36.0, 10.0, 24.681498302473521)
(36.0, 11.0, 27.153884232918198)
(36.0, 12.0, 26.837899207111985)
(36.0, 13.0, 25.51121339068024)
(36.0, 14.0, 27.35887949203185)
(36.0, 15.0, 23.87690528546354)
(36.0, 16.0, 24.09402281756854)
(36.0, 17.0, 26.210143783688807)
(36.0, 18.0, 24.797695626892825)
(36.0, 19.0, 29.867774171681468)
(36.0, 20.0, 23.846720911034119)
(36.0, 21.0, 23.817894905067995)
(36.0, 22.0, 26.208365643604147)
(36.0, 23.0, 27.072094418980143)
(36.0, 24.0, 21.239605264361387)
(36.0, 25.0, 22.76959105181124)
(36.0, 26.0, 24.79292482749095)
(36.0, 27.0, 28.832075351497515)
(36.0, 28.0, 26.19581264260432)
(36.0, 29.0, 24.896371238829353)
(36.0, 30.0, 24.533403806347938)
(36.0, 31.0, 21.982351447987188)
(36.0, 32.0, 26.451803915039243)
(36.0, 33.0, 24.008067509954746)
(36.0, 34.0, 25.438464890092778)
(36.0, 35.0, 25.401259391363109)
(36.0, 36.0, 23.246024848787073)
(36.0, 37.0, 27.080707122897206)
(36.0, 38.0, 25.231573999533381)
(36.0, 39.0, 24.092923748606591)
(36.0, 40.0, 23.392378630909811)
(36.0, 41.0, 24.888459180578863)
(36.0, 42.0, 24.777850639963933)
(36.0, 43.0, 26.860692638253251)
(36.0, 44.0, 29.433869150061938)
(36.0, 45.0, 26.001918560315314)
(36.0, 46.0, 24.266857148618339)
(36.0, 47.0, 23.837321785216474)
(36.0, 48.0, 23.844199064825009)
(36.0, 49.0, 29.229752440823468)
(36.0, 50.0, 26.268792715868322)
(36.0, 51.0, 26.764955189792978)
(36.0, 52.0, 26.196598434745908)
(36.0, 53.0, 24.49270744758752)
(36.0, 54.0, 24.216837810303126)
(36.0, 55.0, 25.401068505509333)
(36.0, 56.0, 27.287235498225058)
(36.0, 57.0, 24.437361305680273)
(36.0, 58.0, 23.300456903841052)
(36.0, 59.0, 23.59439580047146)
(36.0, 60.0, 27.575785852605936)
(36.0, 61.0, 22.481164556171962)
(36.0, 62.0, 26.553430791463402)
(36.0, 63.0, 24.143270377889579)
(36.0, 64.0, 23.653230799014523)
(36.0, 65.0, 26.113224347033643)
(36.0, 66.0, 24.381301118767588)
(36.0, 67.0, 25.853828154689751)
(36.0, 68.0, 26.486105779809833)
(36.0, 69.0, 24.607354682324015)
(36.0, 70.0, 26.853863507952752)
(36.0, 71.0, 22.876064482801297)
(36.0, 72.0, 23.168839588950302)
(36.0, 73.0, 23.900844953448164)
(36.0, 74.0, 25.603840946849921)
(36.0, 75.0, 25.687943829616202)
(36.0, 76.0, 23.20866068729751)
(36.0, 77.0, 22.651390695396294)
(36.0, 78.0, 24.870720870341618)
(36.0, 79.0, 25.809751351966483)
(36.0, 80.0, 28.113786149570636)
(36.0, 81.0, 22.862477564162848)
(36.0, 82.0, 21.850772820219035)
(36.0, 83.0, 21.960632517363575)
(36.0, 84.0, 26.451440730574589)
(36.0, 85.0, 27.478566160302215)
(36.0, 86.0, 24.789014682575541)
(36.0, 87.0, 23.549942837671182)
(36.0, 88.0, 25.696713666780699)
(36.0, 89.0, 25.031852943914828)
(36.0, 90.0, 25.68783792359147)
(36.0, 91.0, 23.666371179512289)
(36.0, 92.0, 23.664744981116165)
(36.0, 93.0, 26.063979894325826)
(36.0, 94.0, 23.909007135189682)
(36.0, 95.0, 23.781152483929073)
(36.0, 96.0, 23.252308470259173)
(36.0, 97.0, 25.012583421715043)
(36.0, 98.0, 23.736982997426452)
(36.0, 99.0, 26.019157891671554)
(36.0, 100.0, 27.108135867677902)
(36.0, 101.0, 23.40265377653904)
(36.0, 102.0, 25.62924323106779)
(36.0, 103.0, 27.02214515143913)
(36.0, 104.0, 27.626547194481869)
(36.0, 105.0, 25.362731498179521)
(36.0, 106.0, 25.142643938264598)
(36.0, 107.0, 22.842439982393351)
(36.0, 108.0, 25.09188216263906)
(36.0, 109.0, 25.848858482339097)
(36.0, 110.0, 24.298850144042451)
(36.0, 111.0, 26.24798690097191)
(36.0, 112.0, 29.703415431244789)
(36.0, 113.0, 26.493216846137379)
(36.0, 114.0, 26.366808469603718)
(36.0, 115.0, 24.607896878749393)
(36.0, 116.0, 24.149046895642947)
(36.0, 117.0, 21.359280567454896)
(36.0, 118.0, 25.192823436923884)
(36.0, 119.0, 25.879397773914697)
(36.0, 120.0, 26.237683283230794)
(36.0, 121.0, 25.16859566350368)
(36.0, 122.0, 24.169125816199379)
(36.0, 123.0, 27.473794778796268)
(36.0, 124.0, 25.247763220464137)
(36.0, 125.0, 27.813849990043813)
(36.0, 126.0, 24.793162711149378)
(36.0, 127.0, 25.136066154910043)
(36.0, 128.0, 23.441782970186015)
(36.0, 129.0, 26.289809173436709)
(36.0, 130.0, 26.485694538126701)
(36.0, 131.0, 25.477126723228725)
(36.0, 132.0, 21.821326196522438)
(36.0, 133.0, 23.842992703687017)
(36.0, 134.0, 26.235263256851773)
(36.0, 135.0, 25.187026053821928)
(36.0, 136.0, 26.312747668882761)
(36.0, 137.0, 23.850113538452099)
(36.0, 138.0, 24.079032295748434)
(36.0, 139.0, 25.091056736254377)
(36.0, 140.0, 28.916294836662125)
(36.0, 141.0, 24.052932605581759)
(36.0, 142.0, 24.372424394218545)
(36.0, 143.0, 25.758876904271279)
(36.0, 144.0, 25.779593001539627)
(36.0, 145.0, 26.079967324702146)
(36.0, 146.0, 28.311378406660872)
(36.0, 147.0, 24.035489006699752)
(36.0, 148.0, 25.806566398486058)
(36.0, 149.0, 26.801986935179492)
(36.0, 150.0, 30.211916069104017)
(36.0, 151.0, 28.511672238237356)
(36.0, 152.0, 26.434829019122841)
(36.0, 153.0, 27.095691511057151)
(36.0, 154.0, 27.134906603020859)
(36.0, 155.0, 27.14327473907241)
(36.0, 156.0, 26.214371583765477)
(36.0, 157.0, 29.580754352481392)
(36.0, 158.0, 26.598341571943788)
(36.0, 159.0, 25.193044224514615)
(36.0, 160.0, 24.322869982207155)
(36.0, 161.0, 24.485537637737934)
(36.0, 162.0, 26.323697786180389)
(36.0, 163.0, 23.474141408446989)
(36.0, 164.0, 24.803056543313318)
(36.0, 165.0, 24.659740889612735)
(36.0, 166.0, 27.074889050150556)
(36.0, 167.0, 25.552990614353401)
(36.0, 168.0, 24.632438126818904)
(36.0, 169.0, 26.571182579434733)
(36.0, 170.0, 23.108921030811722)
(36.0, 171.0, 26.003935301541937)
(36.0, 172.0, 27.664741804921938)
(36.0, 173.0, 25.458454406167338)
(36.0, 174.0, 21.885361099800882)
(36.0, 175.0, 24.860464405308718)
(36.0, 176.0, 24.235936858525584)
(36.0, 177.0, 27.073064749556572)
(36.0, 178.0, 24.106218886131312)
(36.0, 179.0, 26.720596207290331)
(36.0, 180.0, 26.616490598583646)
(36.0, 181.0, 26.72913422690339)
(36.0, 182.0, 27.170634574017317)
(36.0, 183.0, 23.197510450080124)
(36.0, 184.0, 24.200213266597594)
(36.0, 185.0, 24.161206550332054)
(36.0, 186.0, 24.854090402008651)
(36.0, 187.0, 27.383066274698681)
(36.0, 188.0, 24.112011529623306)
(36.0, 189.0, 28.131199806828871)
(36.0, 190.0, 25.99417549506466)
(36.0, 191.0, 23.635461233173803)
(36.0, 192.0, 25.656580000311941)
(36.0, 193.0, 25.120469378335969)
(36.0, 194.0, 25.943577552026262)
(36.0, 195.0, 24.875007518259441)
(36.0, 196.0, 25.055313400386233)
(36.0, 197.0, 25.318660673491845)
(36.0, 198.0, 23.767072995078724)
(36.0, 199.0, 25.358804913296439)
(37.0, 0.0, 22.848854012171117)
(37.0, 1.0, 25.828456872626862)
(37.0, 2.0, 24.391569910915369)
(37.0, 3.0, 27.230255113094326)
(37.0, 4.0, 23.930123306693869)
(37.0, 5.0, 28.195711020187389)
(37.0, 6.0, 26.291580717370405)
(37.0, 7.0, 26.724767153400901)
(37.0, 8.0, 22.903642206404115)
(37.0, 9.0, 27.241400895250742)
(37.0, 10.0, 25.149241868424873)
(37.0, 11.0, 27.774370179078549)
(37.0, 12.0, 27.771573808424755)
(37.0, 13.0, 26.586230611152327)
(37.0, 14.0, 26.019218025428685)
(37.0, 15.0, 25.015178098509832)
(37.0, 16.0, 24.699605112617114)
(37.0, 17.0, 27.245877719836031)
(37.0, 18.0, 27.133445812302377)
(37.0, 19.0, 30.134832349505196)
(37.0, 20.0, 26.954146537048246)
(37.0, 21.0, 22.592320338501469)
(37.0, 22.0, 28.244524593701779)
(37.0, 23.0, 28.191097105218216)
(37.0, 24.0, 20.713507034870933)
(37.0, 25.0, 21.331903552833921)
(37.0, 26.0, 24.835688778694504)
(37.0, 27.0, 28.651538450021789)
(37.0, 28.0, 26.55004833142921)
(37.0, 29.0, 27.306677311991034)
(37.0, 30.0, 25.167695809413683)
(37.0, 31.0, 22.592833656282824)
(37.0, 32.0, 25.741737413703781)
(37.0, 33.0, 27.214578823050381)
(37.0, 34.0, 25.518605996707578)
(37.0, 35.0, 27.379970821039038)
(37.0, 36.0, 24.463683924530478)
(37.0, 37.0, 27.137930730155205)
(37.0, 38.0, 29.022619506558819)
(37.0, 39.0, 23.698898492149482)
(37.0, 40.0, 23.812754710746052)
(37.0, 41.0, 26.668574538988217)
(37.0, 42.0, 24.946051640226518)
(37.0, 43.0, 28.492561817885672)
(37.0, 44.0, 29.095209376600554)
(37.0, 45.0, 27.814199911132562)
(37.0, 46.0, 27.765437026311517)
(37.0, 47.0, 25.291313155422564)
(37.0, 48.0, 23.96977016864777)
(37.0, 49.0, 28.469829585189661)
(37.0, 50.0, 28.729286440393217)
(37.0, 51.0, 27.744440546679712)
(37.0, 52.0, 25.938717674008153)
(37.0, 53.0, 25.003761819646733)
(37.0, 54.0, 24.573317503729058)
(37.0, 55.0, 24.896029282600299)
(37.0, 56.0, 27.440084012788006)
(37.0, 57.0, 26.166127479839119)
(37.0, 58.0, 25.493529927514054)
(37.0, 59.0, 25.2145367361844)
(37.0, 60.0, 27.27474706290517)
(37.0, 61.0, 22.740377585851427)
(37.0, 62.0, 27.63413470132901)
(37.0, 63.0, 25.759538214199722)
(37.0, 64.0, 24.873110685476309)
(37.0, 65.0, 23.859897278415382)
(37.0, 66.0, 26.758716710949656)
(37.0, 67.0, 24.238550719952471)
(37.0, 68.0, 29.376292399691621)
(37.0, 69.0, 26.360601746806932)
(37.0, 70.0, 28.077836789752858)
(37.0, 71.0, 23.815376740825126)
(37.0, 72.0, 23.611029342660505)
(37.0, 73.0, 21.993213903377413)
(37.0, 74.0, 26.020380823121677)
(37.0, 75.0, 27.928950804738374)
(37.0, 76.0, 27.412273381834495)
(37.0, 77.0, 24.871875711110203)
(37.0, 78.0, 27.409606033024453)
(37.0, 79.0, 23.61001233391946)
(37.0, 80.0, 27.460096064594865)
(37.0, 81.0, 22.925716972291116)
(37.0, 82.0, 21.239351897116514)
(37.0, 83.0, 24.946720085745927)
(37.0, 84.0, 28.347636368714671)
(37.0, 85.0, 27.989030840260263)
(37.0, 86.0, 27.694395399164932)
(37.0, 87.0, 25.870252280741894)
(37.0, 88.0, 27.017221707082765)
(37.0, 89.0, 26.881723965414558)
(37.0, 90.0, 26.1490115211448)
(37.0, 91.0, 26.684147111998954)
(37.0, 92.0, 25.915932883227395)
(37.0, 93.0, 26.258168819873081)
(37.0, 94.0, 27.175236290125454)
(37.0, 95.0, 24.777062252318601)
(37.0, 96.0, 24.386436988738147)
(37.0, 97.0, 26.943461967289501)
(37.0, 98.0, 25.684464744938161)
(37.0, 99.0, 24.713311527855772)
(37.0, 100.0, 26.825796719692125)
(37.0, 101.0, 24.115277811003086)
(37.0, 102.0, 26.034590756970921)
(37.0, 103.0, 26.510580081344099)
(37.0, 104.0, 25.991027505461133)
(37.0, 105.0, 25.226464874942732)
(37.0, 106.0, 24.713594586920703)
(37.0, 107.0, 23.086619813144353)
(37.0, 108.0, 26.111231255084284)
(37.0, 109.0, 24.527286961292493)
(37.0, 110.0, 25.271814335839544)
(37.0, 111.0, 28.166781706644041)
(37.0, 112.0, 28.670071292635431)
(37.0, 113.0, 26.158971373635669)
(37.0, 114.0, 27.87096670658223)
(37.0, 115.0, 25.749578981092707)
(37.0, 116.0, 24.583805144412661)
(37.0, 117.0, 23.468516440824452)
(37.0, 118.0, 29.115415763786984)
(37.0, 119.0, 25.018725524933373)
(37.0, 120.0, 26.66463304375258)
(37.0, 121.0, 27.319545664676873)
(37.0, 122.0, 25.889689287940293)
(37.0, 123.0, 28.768296971067713)
(37.0, 124.0, 27.525295161929453)
(37.0, 125.0, 28.248260226205097)
(37.0, 126.0, 24.046155382062601)
(37.0, 127.0, 27.14088797283884)
(37.0, 128.0, 26.395560829793318)
(37.0, 129.0, 26.316189705904574)
(37.0, 130.0, 26.686943867042849)
(37.0, 131.0, 26.247180707371712)
(37.0, 132.0, 21.957465531179455)
(37.0, 133.0, 24.30290438494044)
(37.0, 134.0, 26.228585018225566)
(37.0, 135.0, 27.490408133343593)
(37.0, 136.0, 27.334042897018566)
(37.0, 137.0, 26.041692250912806)
(37.0, 138.0, 22.703960156834341)
(37.0, 139.0, 28.096606103570977)
(37.0, 140.0, 29.65876176081942)
(37.0, 141.0, 26.238033695999746)
(37.0, 142.0, 27.305229859973231)
(37.0, 143.0, 27.902281080043657)
(37.0, 144.0, 25.261497739230123)
(37.0, 145.0, 26.182238494613728)
(37.0, 146.0, 28.511580988201601)
(37.0, 147.0, 23.801370689448976)
(37.0, 148.0, 26.269818148938423)
(37.0, 149.0, 27.308435233081305)
(37.0, 150.0, 29.968611853547248)
(37.0, 151.0, 29.01438978023937)
(37.0, 152.0, 25.771688082238704)
(37.0, 153.0, 28.320613322107302)
(37.0, 154.0, 26.775938240975819)
(37.0, 155.0, 26.81561310573716)
(37.0, 156.0, 26.734209101193574)
(37.0, 157.0, 29.960799731684723)
(37.0, 158.0, 27.923433568885681)
(37.0, 159.0, 26.952670170520705)
(37.0, 160.0, 24.743490222711678)
(37.0, 161.0, 26.71222562959877)
(37.0, 162.0, 26.750417578423111)
(37.0, 163.0, 24.621632325533852)
(37.0, 164.0, 26.792785909662268)
(37.0, 165.0, 27.154316514282669)
(37.0, 166.0, 28.571163099881325)
(37.0, 167.0, 26.657936653184468)
(37.0, 168.0, 28.205922154074631)
(37.0, 169.0, 25.394625215001241)
(37.0, 170.0, 24.375090319489694)
(37.0, 171.0, 27.861577906746234)
(37.0, 172.0, 29.178691324534942)
(37.0, 173.0, 25.810674207896195)
(37.0, 174.0, 24.334013861573176)
(37.0, 175.0, 27.388143377489534)
(37.0, 176.0, 23.91838379659746)
(37.0, 177.0, 26.876394619626975)
(37.0, 178.0, 25.456514699313633)
(37.0, 179.0, 28.099428346678224)
(37.0, 180.0, 27.840068538090662)
(37.0, 181.0, 26.479178797332466)
(37.0, 182.0, 27.158485739703895)
(37.0, 183.0, 25.825804924944009)
(37.0, 184.0, 22.944023914561569)
(37.0, 185.0, 25.149915601894556)
(37.0, 186.0, 24.068005646737546)
(37.0, 187.0, 28.748429212847761)
(37.0, 188.0, 24.423488179248867)
(37.0, 189.0, 27.835580885334476)
(37.0, 190.0, 26.806202278443187)
(37.0, 191.0, 24.893288694058398)
(37.0, 192.0, 26.386626223055799)
(37.0, 193.0, 26.99590632245102)
(37.0, 194.0, 28.021045216378297)
(37.0, 195.0, 25.253265520359022)
(37.0, 196.0, 27.932582954406008)
(37.0, 197.0, 26.811538944675664)
(37.0, 198.0, 24.4135853965191)
(37.0, 199.0, 26.686950115456014)
(38.0, 0.0, 19.895893094036065)
(38.0, 1.0, 22.364795755803549)
(38.0, 2.0, 24.131007422218531)
(38.0, 3.0, 24.579207891557619)
(38.0, 4.0, 21.967320487204681)
(38.0, 5.0, 25.181096408165189)
(38.0, 6.0, 26.43813368885111)
(38.0, 7.0, 26.812616596060316)
(38.0, 8.0, 22.020392997032591)
(38.0, 9.0, 24.909861778559588)
(38.0, 10.0, 23.776647425767898)
(38.0, 11.0, 25.827663810818521)
(38.0, 12.0, 25.873065529781069)
(38.0, 13.0, 24.105353487756169)
(38.0, 14.0, 25.559918507476539)
(38.0, 15.0, 23.04708854029959)
(38.0, 16.0, 22.410988568687163)
(38.0, 17.0, 24.139532483153747)
(38.0, 18.0, 23.758723331033668)
(38.0, 19.0, 27.887063801980268)
(38.0, 20.0, 24.455270455830981)
(38.0, 21.0, 22.97246486147834)
(38.0, 22.0, 26.045373721421154)
(38.0, 23.0, 24.029554031628162)
(38.0, 24.0, 18.045479749272722)
(38.0, 25.0, 19.9168008838151)
(38.0, 26.0, 22.307125487280661)
(38.0, 27.0, 28.220012078626013)
(38.0, 28.0, 25.170228153170672)
(38.0, 29.0, 24.286919271184434)
(38.0, 30.0, 24.825476048120997)
(38.0, 31.0, 21.744386417942223)
(38.0, 32.0, 24.976597606069792)
(38.0, 33.0, 25.001176439665915)
(38.0, 34.0, 26.408438899048512)
(38.0, 35.0, 25.002586596688925)
(38.0, 36.0, 22.353347967943858)
(38.0, 37.0, 24.382365874681504)
(38.0, 38.0, 26.675336387660568)
(38.0, 39.0, 20.660823520908622)
(38.0, 40.0, 21.133866575350257)
(38.0, 41.0, 24.973121105616563)
(38.0, 42.0, 22.889839524320546)
(38.0, 43.0, 25.784077931711991)
(38.0, 44.0, 27.591880281648429)
(38.0, 45.0, 26.864942448879454)
(38.0, 46.0, 25.260077588398421)
(38.0, 47.0, 23.747159832463591)
(38.0, 48.0, 22.029933765608018)
(38.0, 49.0, 25.091056092352691)
(38.0, 50.0, 26.611242118013156)
(38.0, 51.0, 26.124183223678628)
(38.0, 52.0, 26.582930461446153)
(38.0, 53.0, 24.196497546308134)
(38.0, 54.0, 23.252230619952144)
(38.0, 55.0, 24.009484579873902)
(38.0, 56.0, 26.461912214442997)
(38.0, 57.0, 22.472624210524533)
(38.0, 58.0, 21.932260929807153)
(38.0, 59.0, 24.809595697220633)
(38.0, 60.0, 25.962580226895561)
(38.0, 61.0, 20.711050243393537)
(38.0, 62.0, 26.410047525057152)
(38.0, 63.0, 22.701727380559909)
(38.0, 64.0, 23.217150723977777)
(38.0, 65.0, 23.733900737685929)
(38.0, 66.0, 24.940405388561679)
(38.0, 67.0, 24.956228611374332)
(38.0, 68.0, 25.299347648461087)
(38.0, 69.0, 24.778116725533692)
(38.0, 70.0, 26.793090122293044)
(38.0, 71.0, 22.987458662224711)
(38.0, 72.0, 21.612532396575702)
(38.0, 73.0, 22.483901823966171)
(38.0, 74.0, 24.337887513551937)
(38.0, 75.0, 26.739678846414876)
(38.0, 76.0, 25.814354573770043)
(38.0, 77.0, 22.721243418866603)
(38.0, 78.0, 24.729853149924114)
(38.0, 79.0, 22.787925800696421)
(38.0, 80.0, 26.369595099995792)
(38.0, 81.0, 21.847003873616103)
(38.0, 82.0, 22.120526851397504)
(38.0, 83.0, 24.07616760330319)
(38.0, 84.0, 26.332729253954014)
(38.0, 85.0, 26.710474290044111)
(38.0, 86.0, 23.730628717816014)
(38.0, 87.0, 24.124795704813323)
(38.0, 88.0, 22.611837421936869)
(38.0, 89.0, 25.225033263671772)
(38.0, 90.0, 22.589714613835667)
(38.0, 91.0, 24.199432178548935)
(38.0, 92.0, 24.740409293051254)
(38.0, 93.0, 24.660162533229336)
(38.0, 94.0, 24.779557567095289)
(38.0, 95.0, 24.033730432573734)
(38.0, 96.0, 21.476554360951198)
(38.0, 97.0, 24.775111078351337)
(38.0, 98.0, 25.036287384394392)
(38.0, 99.0, 24.119106295247619)
(38.0, 100.0, 25.59277399871808)
(38.0, 101.0, 23.458574933412816)
(38.0, 102.0, 23.461261393619328)
(38.0, 103.0, 25.470468840514119)
(38.0, 104.0, 25.681535472805166)
(38.0, 105.0, 24.695949766817279)
(38.0, 106.0, 22.356035053362049)
(38.0, 107.0, 23.89386482974723)
(38.0, 108.0, 25.095433737046243)
(38.0, 109.0, 24.463821207471824)
(38.0, 110.0, 24.056079298417668)
(38.0, 111.0, 25.037466912355434)
(38.0, 112.0, 27.54188268312901)
(38.0, 113.0, 23.909999890464622)
(38.0, 114.0, 25.68023573561381)
(38.0, 115.0, 23.76245739528942)
(38.0, 116.0, 22.535288143792634)
(38.0, 117.0, 20.757608837477488)
(38.0, 118.0, 25.095622244590292)
(38.0, 119.0, 24.514159163192204)
(38.0, 120.0, 24.372051862783941)
(38.0, 121.0, 25.663783038327779)
(38.0, 122.0, 22.469366188179535)
(38.0, 123.0, 26.688223360191493)
(38.0, 124.0, 24.755902881899384)
(38.0, 125.0, 25.003250198789402)
(38.0, 126.0, 22.311064081013868)
(38.0, 127.0, 25.080760584922274)
(38.0, 128.0, 22.959026681499918)
(38.0, 129.0, 25.1939740519772)
(38.0, 130.0, 25.077886668397447)
(38.0, 131.0, 25.611155499256267)
(38.0, 132.0, 19.509209192693802)
(38.0, 133.0, 22.101562582858204)
(38.0, 134.0, 24.302828241841851)
(38.0, 135.0, 24.680936940470929)
(38.0, 136.0, 26.085759327346153)
(38.0, 137.0, 24.475781369015269)
(38.0, 138.0, 21.499115438700208)
(38.0, 139.0, 26.393206505924891)
(38.0, 140.0, 27.835259690747261)
(38.0, 141.0, 22.902960771201087)
(38.0, 142.0, 24.438586723200288)
(38.0, 143.0, 25.447533991697128)
(38.0, 144.0, 21.830918400326667)
(38.0, 145.0, 24.757302837022621)
(38.0, 146.0, 26.430233184309881)
(38.0, 147.0, 22.89355420988408)
(38.0, 148.0, 22.506530713018311)
(38.0, 149.0, 23.399405697873142)
(38.0, 150.0, 27.720368824737346)
(38.0, 151.0, 27.868109418884551)
(38.0, 152.0, 25.317132705113011)
(38.0, 153.0, 25.687978098380565)
(38.0, 154.0, 25.599636079323261)
(38.0, 155.0, 25.752079470326322)
(38.0, 156.0, 26.189606899760967)
(38.0, 157.0, 27.311583106037563)
(38.0, 158.0, 26.143118381297331)
(38.0, 159.0, 25.562316591689839)
(38.0, 160.0, 24.187193759047499)
(38.0, 161.0, 25.950413095777225)
(38.0, 162.0, 25.849093913994508)
(38.0, 163.0, 23.576678260211544)
(38.0, 164.0, 24.357673166666654)
(38.0, 165.0, 25.631612535050113)
(38.0, 166.0, 25.436972485914538)
(38.0, 167.0, 24.696464944095109)
(38.0, 168.0, 22.841715632455372)
(38.0, 169.0, 23.767362525767947)
(38.0, 170.0, 22.627966950939282)
(38.0, 171.0, 25.898756821019486)
(38.0, 172.0, 25.994798267230355)
(38.0, 173.0, 24.530588643924979)
(38.0, 174.0, 21.740638225262252)
(38.0, 175.0, 25.602755023969525)
(38.0, 176.0, 24.204152259198267)
(38.0, 177.0, 25.691913061037663)
(38.0, 178.0, 23.371943297608755)
(38.0, 179.0, 26.149995803305217)
(38.0, 180.0, 24.501053975673631)
(38.0, 181.0, 22.945043070925887)
(38.0, 182.0, 25.527642378241488)
(38.0, 183.0, 23.806721393755989)
(38.0, 184.0, 23.709608893755249)
(38.0, 185.0, 22.480114807231107)
(38.0, 186.0, 23.070003840131534)
(38.0, 187.0, 25.504913947609062)
(38.0, 188.0, 23.331774439502201)
(38.0, 189.0, 25.158986131271842)
(38.0, 190.0, 25.072293632915926)
(38.0, 191.0, 22.364675853492983)
(38.0, 192.0, 25.103183829704047)
(38.0, 193.0, 24.670860653985081)
(38.0, 194.0, 26.887445833967572)
(38.0, 195.0, 25.08522718117047)
(38.0, 196.0, 25.566894625942446)
(38.0, 197.0, 25.494458254049103)
(38.0, 198.0, 22.654203790872423)
(38.0, 199.0, 24.728507731049778)
(39.0, 0.0, 20.439915255208273)
(39.0, 1.0, 23.392124903488106)
(39.0, 2.0, 22.020600305905809)
(39.0, 3.0, 26.111603058401538)
(39.0, 4.0, 21.045011605896313)
(39.0, 5.0, 23.492395993466261)
(39.0, 6.0, 25.646289421629866)
(39.0, 7.0, 25.426382166557918)
(39.0, 8.0, 21.438933953394013)
(39.0, 9.0, 25.914480783302999)
(39.0, 10.0, 23.939362077162571)
(39.0, 11.0, 24.842948181268127)
(39.0, 12.0, 25.759245664044983)
(39.0, 13.0, 24.291350134163967)
(39.0, 14.0, 23.504641784427619)
(39.0, 15.0, 22.800680384610111)
(39.0, 16.0, 23.389825570112709)
(39.0, 17.0, 24.228346143104663)
(39.0, 18.0, 25.039116673998414)
(39.0, 19.0, 28.219005263807503)
(39.0, 20.0, 24.840868890360689)
(39.0, 21.0, 23.180102125453018)
(39.0, 22.0, 26.423004355016673)
(39.0, 23.0, 26.606790512985253)
(39.0, 24.0, 20.086639133026615)
(39.0, 25.0, 19.748000237649421)
(39.0, 26.0, 22.907075307058097)
(39.0, 27.0, 27.044825325843593)
(39.0, 28.0, 22.236087242089187)
(39.0, 29.0, 24.3319749291737)
(39.0, 30.0, 24.036917370156829)
(39.0, 31.0, 20.697429583330266)
(39.0, 32.0, 23.460607479469662)
(39.0, 33.0, 24.284878888912381)
(39.0, 34.0, 23.671718066244271)
(39.0, 35.0, 25.191241560994392)
(39.0, 36.0, 22.344667044679127)
(39.0, 37.0, 25.158288780249805)
(39.0, 38.0, 24.647037429733722)
(39.0, 39.0, 21.195488276262804)
(39.0, 40.0, 22.814821629362363)
(39.0, 41.0, 23.813818647685849)
(39.0, 42.0, 23.373299073517835)
(39.0, 43.0, 25.662178455331066)
(39.0, 44.0, 26.911218846381974)
(39.0, 45.0, 23.906583080441244)
(39.0, 46.0, 24.022784929328743)
(39.0, 47.0, 22.534163692137966)
(39.0, 48.0, 22.682460491417118)
(39.0, 49.0, 27.227502608397035)
(39.0, 50.0, 26.371061275549575)
(39.0, 51.0, 26.300691387364559)
(39.0, 52.0, 23.776061895732859)
(39.0, 53.0, 24.635925944235886)
(39.0, 54.0, 23.291861409726792)
(39.0, 55.0, 23.623280105791554)
(39.0, 56.0, 24.9122626399392)
(39.0, 57.0, 23.97046924723011)
(39.0, 58.0, 23.088128008796211)
(39.0, 59.0, 23.050653272634278)
(39.0, 60.0, 24.432599342200994)
(39.0, 61.0, 20.850277484039921)
(39.0, 62.0, 23.725231136154388)
(39.0, 63.0, 23.090043705787366)
(39.0, 64.0, 23.31112021225503)
(39.0, 65.0, 22.559152075015231)
(39.0, 66.0, 25.352492701711107)
(39.0, 67.0, 22.980362257365446)
(39.0, 68.0, 26.227538489580922)
(39.0, 69.0, 22.127652112891496)
(39.0, 70.0, 25.844431225388298)
(39.0, 71.0, 21.705308024584109)
(39.0, 72.0, 21.148571380038248)
(39.0, 73.0, 20.421213271030293)
(39.0, 74.0, 24.660465693468556)
(39.0, 75.0, 24.517588427849422)
(39.0, 76.0, 25.269605975004783)
(39.0, 77.0, 21.861628303129741)
(39.0, 78.0, 25.180207652587804)
(39.0, 79.0, 23.302308424375134)
(39.0, 80.0, 26.048929929345178)
(39.0, 81.0, 20.26753784493064)
(39.0, 82.0, 20.396720845364754)
(39.0, 83.0, 24.103155848871545)
(39.0, 84.0, 25.74823914623337)
(39.0, 85.0, 25.475195588067308)
(39.0, 86.0, 25.29918175140353)
(39.0, 87.0, 21.542619247641984)
(39.0, 88.0, 22.301781450473751)
(39.0, 89.0, 24.767356624996737)
(39.0, 90.0, 24.840259838918758)
(39.0, 91.0, 22.815737964550422)
(39.0, 92.0, 23.450890012209541)
(39.0, 93.0, 24.54385850816794)
(39.0, 94.0, 24.36063792025849)
(39.0, 95.0, 23.605240508493655)
(39.0, 96.0, 22.648125589040816)
(39.0, 97.0, 25.514872716351743)
(39.0, 98.0, 23.924621616875804)
(39.0, 99.0, 24.138217691663645)
(39.0, 100.0, 24.199552947223609)
(39.0, 101.0, 23.470306909432086)
(39.0, 102.0, 23.340679056599271)
(39.0, 103.0, 24.442333901239721)
(39.0, 104.0, 25.999750899724049)
(39.0, 105.0, 25.536575786801063)
(39.0, 106.0, 24.409140848249486)
(39.0, 107.0, 22.029013025281461)
(39.0, 108.0, 23.540353700195009)
(39.0, 109.0, 23.481340940362056)
(39.0, 110.0, 23.055408791349912)
(39.0, 111.0, 24.495534948767482)
(39.0, 112.0, 26.555383549580942)
(39.0, 113.0, 25.232615924434484)
(39.0, 114.0, 24.383281218328008)
(39.0, 115.0, 23.53974082311376)
(39.0, 116.0, 22.007193125509211)
(39.0, 117.0, 20.248829523960637)
(39.0, 118.0, 25.315126597848565)
(39.0, 119.0, 24.188467111359891)
(39.0, 120.0, 25.103253129456153)
(39.0, 121.0, 25.236274444498481)
(39.0, 122.0, 24.093626352111009)
(39.0, 123.0, 25.671860693588915)
(39.0, 124.0, 25.116680906471142)
(39.0, 125.0, 27.292625920852522)
(39.0, 126.0, 23.074665063805959)
(39.0, 127.0, 25.026634427103097)
(39.0, 128.0, 22.128584904191356)
(39.0, 129.0, 26.663916592485698)
(39.0, 130.0, 23.927161712794891)
(39.0, 131.0, 23.898282834980559)
(39.0, 132.0, 19.760675793079972)
(39.0, 133.0, 22.873183581061106)
(39.0, 134.0, 25.455746665116067)
(39.0, 135.0, 23.181509069774211)
(39.0, 136.0, 26.195661832748744)
(39.0, 137.0, 23.68297233544158)
(39.0, 138.0, 22.352239035868109)
(39.0, 139.0, 26.688714086424827)
(39.0, 140.0, 27.689756183255923)
(39.0, 141.0, 24.620760787899982)
(39.0, 142.0, 25.112508032429069)
(39.0, 143.0, 25.335523233831484)
(39.0, 144.0, 23.798736772741218)
(39.0, 145.0, 26.491299220729658)
(39.0, 146.0, 23.989088431831341)
(39.0, 147.0, 23.314340443036357)
(39.0, 148.0, 24.792120388284516)
(39.0, 149.0, 24.80929125178033)
(39.0, 150.0, 27.232134687066285)
(39.0, 151.0, 26.986922986956568)
(39.0, 152.0, 24.621480523280173)
(39.0, 153.0, 23.790158707451486)
(39.0, 154.0, 24.586677670905868)
(39.0, 155.0, 25.997748050684063)
(39.0, 156.0, 25.768633753868464)
(39.0, 157.0, 26.816505214800433)
(39.0, 158.0, 25.319465374316277)
(39.0, 159.0, 24.2044755901656)
(39.0, 160.0, 22.048081586072648)
(39.0, 161.0, 24.35634402288083)
(39.0, 162.0, 23.231708745833679)
(39.0, 163.0, 22.33605186216468)
(39.0, 164.0, 23.217886691049436)
(39.0, 165.0, 23.518422016126554)
(39.0, 166.0, 25.069945010561955)
(39.0, 167.0, 22.3989682221262)
(39.0, 168.0, 23.888745126565336)
(39.0, 169.0, 23.148168061103593)
(39.0, 170.0, 22.609957990669848)
(39.0, 171.0, 26.357262474313064)
(39.0, 172.0, 26.504039595632534)
(39.0, 173.0, 23.266150474605723)
(39.0, 174.0, 21.923731694555087)
(39.0, 175.0, 25.387687194141591)
(39.0, 176.0, 23.169618244949195)
(39.0, 177.0, 25.793755613526464)
(39.0, 178.0, 23.566462186223742)
(39.0, 179.0, 24.862090830144314)
(39.0, 180.0, 24.969896431518045)
(39.0, 181.0, 25.800858103886952)
(39.0, 182.0, 25.007308824536334)
(39.0, 183.0, 22.63030370204234)
(39.0, 184.0, 22.059882742467465)
(39.0, 185.0, 24.025709855011883)
(39.0, 186.0, 23.260917715235138)
(39.0, 187.0, 26.266615114788266)
(39.0, 188.0, 24.518444666235418)
(39.0, 189.0, 25.776697161161046)
(39.0, 190.0, 24.649539722258886)
(39.0, 191.0, 23.054499171053859)
(39.0, 192.0, 24.129217313571701)
(39.0, 193.0, 23.936124609939128)
(39.0, 194.0, 26.378330083668736)
(39.0, 195.0, 26.687222588524886)
(39.0, 196.0, 24.218689787890309)
(39.0, 197.0, 24.807318713763998)
(39.0, 198.0, 22.534397346312808)
(39.0, 199.0, 23.54942197753703)
(40.0, 0.0, 21.807240764803048)
(40.0, 1.0, 23.099651674831897)
(40.0, 2.0, 22.404973097401722)
(40.0, 3.0, 23.963783698414193)
(40.0, 4.0, 21.494226451867625)
(40.0, 5.0, 24.112370503301022)
(40.0, 6.0, 24.514003581057686)
(40.0, 7.0, 26.244732689626677)
(40.0, 8.0, 21.633943923016432)
(40.0, 9.0, 23.450089420124687)
(40.0, 10.0, 22.691081069039825)
(40.0, 11.0, 27.370468814140011)
(40.0, 12.0, 22.999868652489607)
(40.0, 13.0, 23.347893965345026)
(40.0, 14.0, 23.101188165448335)
(40.0, 15.0, 22.951593868633861)
(40.0, 16.0, 23.644920966576905)
(40.0, 17.0, 25.435604907044251)
(40.0, 18.0, 25.802810691699769)
(40.0, 19.0, 28.464172779333786)
(40.0, 20.0, 25.646895734332244)
(40.0, 21.0, 23.031322072924162)
(40.0, 22.0, 27.191960009177109)
(40.0, 23.0, 25.565875665724693)
(40.0, 24.0, 19.201321329252103)
(40.0, 25.0, 20.5881837945916)
(40.0, 26.0, 21.655942518549153)
(40.0, 27.0, 26.594732643867847)
(40.0, 28.0, 25.00497289981675)
(40.0, 29.0, 23.607655105107511)
(40.0, 30.0, 22.403236998641333)
(40.0, 31.0, 21.942400048218612)
(40.0, 32.0, 25.066090343531588)
(40.0, 33.0, 23.681948407848751)
(40.0, 34.0, 25.583187557064434)
(40.0, 35.0, 25.42910220534262)
(40.0, 36.0, 21.424033381048819)
(40.0, 37.0, 25.817624072417221)
(40.0, 38.0, 26.577660737579968)
(40.0, 39.0, 23.16295273104215)
(40.0, 40.0, 23.473062156534567)
(40.0, 41.0, 23.654699734596466)
(40.0, 42.0, 23.54836822920403)
(40.0, 43.0, 26.525877809638917)
(40.0, 44.0, 26.679372520083909)
(40.0, 45.0, 25.02004563743025)
(40.0, 46.0, 24.163879141813954)
(40.0, 47.0, 22.832915772876618)
(40.0, 48.0, 23.170673159104354)
(40.0, 49.0, 26.072601603387398)
(40.0, 50.0, 26.784026492347227)
(40.0, 51.0, 26.110352902717455)
(40.0, 52.0, 23.990415293491782)
(40.0, 53.0, 23.642843722867859)
(40.0, 54.0, 24.6803178083799)
(40.0, 55.0, 20.970909493638533)
(40.0, 56.0, 25.753114330664669)
(40.0, 57.0, 22.535015274705209)
(40.0, 58.0, 21.740279719545118)
(40.0, 59.0, 25.352875462496687)
(40.0, 60.0, 25.372582854328655)
(40.0, 61.0, 22.775947830009034)
(40.0, 62.0, 24.588715762078373)
(40.0, 63.0, 23.631633810824859)
(40.0, 64.0, 21.505085417737398)
(40.0, 65.0, 24.219660107526902)
(40.0, 66.0, 23.807785387835512)
(40.0, 67.0, 25.060874501610069)
(40.0, 68.0, 25.57654732401263)
(40.0, 69.0, 25.176915067349881)
(40.0, 70.0, 25.438606262061814)
(40.0, 71.0, 23.218560446818383)
(40.0, 72.0, 21.890176248880906)
(40.0, 73.0, 22.652925699635567)
(40.0, 74.0, 23.776783571519147)
(40.0, 75.0, 25.505678501640592)
(40.0, 76.0, 24.307898460934865)
(40.0, 77.0, 23.016933125568702)
(40.0, 78.0, 23.088651936535495)
(40.0, 79.0, 23.718071666606239)
(40.0, 80.0, 24.797103446050407)
(40.0, 81.0, 20.1088385692027)
(40.0, 82.0, 21.032653043962355)
(40.0, 83.0, 22.106006918182537)
(40.0, 84.0, 26.354412033255873)
(40.0, 85.0, 26.250666195519891)
(40.0, 86.0, 25.807985842293519)
(40.0, 87.0, 23.946265074711267)
(40.0, 88.0, 23.979911232273263)
(40.0, 89.0, 25.284782708973079)
(40.0, 90.0, 23.900138533225785)
(40.0, 91.0, 24.131625924736102)
(40.0, 92.0, 22.595632739730348)
(40.0, 93.0, 26.090505001705541)
(40.0, 94.0, 24.175695792514247)
(40.0, 95.0, 21.870302847209064)
(40.0, 96.0, 23.918911713040337)
(40.0, 97.0, 23.094060641107539)
(40.0, 98.0, 21.586036663589358)
(40.0, 99.0, 24.013499222290601)
(40.0, 100.0, 25.170397742602461)
(40.0, 101.0, 21.627978922312856)
(40.0, 102.0, 26.140648987214323)
(40.0, 103.0, 24.843894243648144)
(40.0, 104.0, 27.393973661830071)
(40.0, 105.0, 24.005667203792505)
(40.0, 106.0, 22.233194235108886)
(40.0, 107.0, 24.283628607999816)
(40.0, 108.0, 25.35609411253321)
(40.0, 109.0, 22.963700793499036)
(40.0, 110.0, 25.45193676332589)
(40.0, 111.0, 25.870704443626355)
(40.0, 112.0, 26.002631902385968)
(40.0, 113.0, 24.540071397863588)
(40.0, 114.0, 25.334891475126664)
(40.0, 115.0, 25.734642355292145)
(40.0, 116.0, 21.8064185718682)
(40.0, 117.0, 20.908570171474828)
(40.0, 118.0, 25.124559239858222)
(40.0, 119.0, 24.748651831327688)
(40.0, 120.0, 24.961573326752024)
(40.0, 121.0, 23.437681512992761)
(40.0, 122.0, 24.367859560720866)
(40.0, 123.0, 27.058747075969748)
(40.0, 124.0, 25.279121637407652)
(40.0, 125.0, 24.768568212898195)
(40.0, 126.0, 22.658423801859307)
(40.0, 127.0, 25.843632933979499)
(40.0, 128.0, 25.418009686709915)
(40.0, 129.0, 25.470899360648815)
(40.0, 130.0, 25.215271006039771)
(40.0, 131.0, 23.749907571097364)
(40.0, 132.0, 21.075929552123959)
(40.0, 133.0, 21.894192749824011)
(40.0, 134.0, 23.350169500840554)
(40.0, 135.0, 24.559916070146947)
(40.0, 136.0, 24.821043514118056)
(40.0, 137.0, 24.279130294605231)
(40.0, 138.0, 22.399288336985492)
(40.0, 139.0, 26.131214445229563)
(40.0, 140.0, 26.593083339034937)
(40.0, 141.0, 23.803885891647425)
(40.0, 142.0, 24.252066212539187)
(40.0, 143.0, 24.797311633545963)
(40.0, 144.0, 22.912387637631589)
(40.0, 145.0, 25.204041052100802)
(40.0, 146.0, 25.443472828144028)
(40.0, 147.0, 22.762661275281896)
(40.0, 148.0, 23.911901545658118)
(40.0, 149.0, 24.993285650697565)
(40.0, 150.0, 27.802651157874163)
(40.0, 151.0, 27.559385673492635)
(40.0, 152.0, 26.995982843234369)
(40.0, 153.0, 26.116401478743846)
(40.0, 154.0, 26.791911431586399)
(40.0, 155.0, 26.406690901440395)
(40.0, 156.0, 25.863299166050826)
(40.0, 157.0, 26.329121404477565)
(40.0, 158.0, 27.883265535672479)
(40.0, 159.0, 24.220214967833012)
(40.0, 160.0, 23.86635715425901)
(40.0, 161.0, 23.941966337987338)
(40.0, 162.0, 26.815581622964711)
(40.0, 163.0, 24.235013397167396)
(40.0, 164.0, 25.423538771895632)
(40.0, 165.0, 26.426311349596311)
(40.0, 166.0, 24.355094385428266)
(40.0, 167.0, 26.531179410205105)
(40.0, 168.0, 24.946129734752503)
(40.0, 169.0, 25.01162150960613)
(40.0, 170.0, 21.211340840436886)
(40.0, 171.0, 26.46571134790527)
(40.0, 172.0, 27.312605968991591)
(40.0, 173.0, 26.327576397935974)
(40.0, 174.0, 21.844263929163585)
(40.0, 175.0, 25.947313771725746)
(40.0, 176.0, 25.018138582286259)
(40.0, 177.0, 27.19616478039433)
(40.0, 178.0, 23.349501843371566)
(40.0, 179.0, 26.873586470286458)
(40.0, 180.0, 23.732213876400372)
(40.0, 181.0, 24.78613339984609)
(40.0, 182.0, 24.377268111136932)
(40.0, 183.0, 23.103949167371933)
(40.0, 184.0, 22.61964799296306)
(40.0, 185.0, 23.826577631896722)
(40.0, 186.0, 22.950793818151141)
(40.0, 187.0, 26.78191523547337)
(40.0, 188.0, 24.446315548709993)
(40.0, 189.0, 27.066565491824903)
(40.0, 190.0, 26.353132590659079)
(40.0, 191.0, 25.528821955818294)
(40.0, 192.0, 24.67936605610457)
(40.0, 193.0, 24.72369160418264)
(40.0, 194.0, 26.723705755366677)
(40.0, 195.0, 25.751410527753837)
(40.0, 196.0, 27.033022035488859)
(40.0, 197.0, 24.723973848421135)
(40.0, 198.0, 24.807015718767389)
(40.0, 199.0, 24.166432222301978)
(41.0, 0.0, 24.170698153846523)
(41.0, 1.0, 27.182774328483152)
(41.0, 2.0, 27.063470547605036)
(41.0, 3.0, 30.533890345818371)
(41.0, 4.0, 25.771189246560681)
(41.0, 5.0, 29.192445211946033)
(41.0, 6.0, 28.981097090735439)
(41.0, 7.0, 30.340068275104006)
(41.0, 8.0, 24.986356065161548)
(41.0, 9.0, 28.173546869439019)
(41.0, 10.0, 26.887617873847859)
(41.0, 11.0, 30.143936156595899)
(41.0, 12.0, 28.594563785971271)
(41.0, 13.0, 27.852989689179545)
(41.0, 14.0, 27.619088793993868)
(41.0, 15.0, 25.356936689445682)
(41.0, 16.0, 26.6688480843912)
(41.0, 17.0, 29.506393568734993)
(41.0, 18.0, 29.046351725858386)
(41.0, 19.0, 32.68288556885939)
(41.0, 20.0, 28.690600931161043)
(41.0, 21.0, 27.59019712221475)
(41.0, 22.0, 30.916948047569065)
(41.0, 23.0, 29.461091477442071)
(41.0, 24.0, 22.528133430399205)
(41.0, 25.0, 23.247814248620557)
(41.0, 26.0, 27.731816094081598)
(41.0, 27.0, 32.306353436965232)
(41.0, 28.0, 29.301093977903587)
(41.0, 29.0, 26.913410113691732)
(41.0, 30.0, 26.556614189246126)
(41.0, 31.0, 25.796943226946784)
(41.0, 32.0, 28.328952534825223)
(41.0, 33.0, 27.843716594592244)
(41.0, 34.0, 26.93900200541507)
(41.0, 35.0, 29.764356407532368)
(41.0, 36.0, 25.484690649585755)
(41.0, 37.0, 30.178915117643371)
(41.0, 38.0, 30.400015249752592)
(41.0, 39.0, 23.395767325698717)
(41.0, 40.0, 26.870281607690575)
(41.0, 41.0, 27.450790747326224)
(41.0, 42.0, 25.54959983722366)
(41.0, 43.0, 29.565079741448521)
(41.0, 44.0, 31.115431295402427)
(41.0, 45.0, 31.147934040135581)
(41.0, 46.0, 29.974166621884471)
(41.0, 47.0, 26.413579803164513)
(41.0, 48.0, 26.496478895110645)
(41.0, 49.0, 29.950871631270829)
(41.0, 50.0, 29.860332627313543)
(41.0, 51.0, 29.109865667663502)
(41.0, 52.0, 28.218883348572252)
(41.0, 53.0, 28.706964124405207)
(41.0, 54.0, 26.365618983214102)
(41.0, 55.0, 26.580715666686615)
(41.0, 56.0, 29.214218123088017)
(41.0, 57.0, 27.962749933329409)
(41.0, 58.0, 27.399287046725156)
(41.0, 59.0, 28.49499152773825)
(41.0, 60.0, 29.429861722928248)
(41.0, 61.0, 25.908515807952782)
(41.0, 62.0, 29.787395351905879)
(41.0, 63.0, 26.52872882378891)
(41.0, 64.0, 24.69004334455941)
(41.0, 65.0, 27.173001919218201)
(41.0, 66.0, 28.732382558380223)
(41.0, 67.0, 28.002127192935557)
(41.0, 68.0, 31.261898760352082)
(41.0, 69.0, 27.564095595777268)
(41.0, 70.0, 30.203019154905181)
(41.0, 71.0, 25.913812494015932)
(41.0, 72.0, 26.052014938330551)
(41.0, 73.0, 25.578166480846441)
(41.0, 74.0, 28.318457596909951)
(41.0, 75.0, 30.455078620283793)
(41.0, 76.0, 28.111628568564605)
(41.0, 77.0, 25.974067828505348)
(41.0, 78.0, 27.97242363754961)
(41.0, 79.0, 26.399237095102638)
(41.0, 80.0, 29.992408277144076)
(41.0, 81.0, 23.934212633884528)
(41.0, 82.0, 23.525099070603716)
(41.0, 83.0, 27.771895838962763)
(41.0, 84.0, 30.824016830927913)
(41.0, 85.0, 28.340161163694138)
(41.0, 86.0, 29.796236376041772)
(41.0, 87.0, 26.946573953860963)
(41.0, 88.0, 27.837790126581631)
(41.0, 89.0, 30.339722670709488)
(41.0, 90.0, 27.527877860326104)
(41.0, 91.0, 26.967438062723453)
(41.0, 92.0, 26.545285758519675)
(41.0, 93.0, 28.433128241498622)
(41.0, 94.0, 28.258122942797876)
(41.0, 95.0, 26.531967637252546)
(41.0, 96.0, 27.456182742908354)
(41.0, 97.0, 28.447018303317392)
(41.0, 98.0, 27.129915622366127)
(41.0, 99.0, 28.21940338369771)
(41.0, 100.0, 28.986156999087672)
(41.0, 101.0, 26.27542982918067)
(41.0, 102.0, 28.030405564280837)
(41.0, 103.0, 29.899661968774311)
(41.0, 104.0, 30.033103910798701)
(41.0, 105.0, 28.304355630569553)
(41.0, 106.0, 27.28983596723495)
(41.0, 107.0, 25.927500323710444)
(41.0, 108.0, 28.790804294379097)
(41.0, 109.0, 28.062880338686973)
(41.0, 110.0, 28.346446802899372)
(41.0, 111.0, 28.900473763950654)
(41.0, 112.0, 32.068113566928773)
(41.0, 113.0, 29.594161521160771)
(41.0, 114.0, 29.53119460095472)
(41.0, 115.0, 29.793774963372769)
(41.0, 116.0, 26.154400827424645)
(41.0, 117.0, 24.547420435699998)
(41.0, 118.0, 29.649590904492364)
(41.0, 119.0, 28.250517240650211)
(41.0, 120.0, 29.694021385332309)
(41.0, 121.0, 30.969852970063265)
(41.0, 122.0, 28.391984569782288)
(41.0, 123.0, 30.536264518650082)
(41.0, 124.0, 28.152414614093953)
(41.0, 125.0, 30.451198441659251)
(41.0, 126.0, 26.932280231725219)
(41.0, 127.0, 30.172924132206571)
(41.0, 128.0, 27.13838945925739)
(41.0, 129.0, 30.397467956131759)
(41.0, 130.0, 28.205392825662017)
(41.0, 131.0, 27.990896819374775)
(41.0, 132.0, 24.427366359002708)
(41.0, 133.0, 26.691631879209446)
(41.0, 134.0, 29.541656324892262)
(41.0, 135.0, 27.628687326642993)
(41.0, 136.0, 29.3633377973112)
(41.0, 137.0, 28.771396206730017)
(41.0, 138.0, 25.342970041094112)
(41.0, 139.0, 30.353205998806185)
(41.0, 140.0, 31.493803112002741)
(41.0, 141.0, 27.202831760907642)
(41.0, 142.0, 29.955944593341709)
(41.0, 143.0, 29.69461109395256)
(41.0, 144.0, 27.103462076953015)
(41.0, 145.0, 29.602225570587255)
(41.0, 146.0, 30.472258041428663)
(41.0, 147.0, 26.468012327716689)
(41.0, 148.0, 26.518158197927292)
(41.0, 149.0, 29.77142471629374)
(41.0, 150.0, 31.730469314000363)
(41.0, 151.0, 31.367316194686047)
(41.0, 152.0, 28.797790820465018)
(41.0, 153.0, 29.10817322745158)
(41.0, 154.0, 29.982041663808229)
(41.0, 155.0, 29.448092444001581)
(41.0, 156.0, 29.140103275904771)
(41.0, 157.0, 30.395074004599834)
(41.0, 158.0, 29.338103936244629)
(41.0, 159.0, 30.034952524496298)
(41.0, 160.0, 27.595540043897131)
(41.0, 161.0, 28.971125005158292)
(41.0, 162.0, 29.009341620853835)
(41.0, 163.0, 25.888548109998823)
(41.0, 164.0, 28.117516035985226)
(41.0, 165.0, 27.620673788858518)
(41.0, 166.0, 29.769854948670691)
(41.0, 167.0, 28.024108977807572)
(41.0, 168.0, 29.730694364934269)
(41.0, 169.0, 27.77976095999907)
(41.0, 170.0, 25.06175142072447)
(41.0, 171.0, 30.906401611762579)
(41.0, 172.0, 32.038490380919171)
(41.0, 173.0, 28.873151572496678)
(41.0, 174.0, 25.792076417849884)
(41.0, 175.0, 30.532543742203373)
(41.0, 176.0, 27.587339729296872)
(41.0, 177.0, 29.58781075609004)
(41.0, 178.0, 27.044451551789461)
(41.0, 179.0, 30.397726941235454)
(41.0, 180.0, 27.644148605671454)
(41.0, 181.0, 28.703919887344561)
(41.0, 182.0, 29.715078498698169)
(41.0, 183.0, 27.82936880319933)
(41.0, 184.0, 27.179794534768909)
(41.0, 185.0, 28.351366977044485)
(41.0, 186.0, 28.110680695286447)
(41.0, 187.0, 30.902291873944275)
(41.0, 188.0, 27.727564246419512)
(41.0, 189.0, 31.105157918955157)
(41.0, 190.0, 28.938446720153795)
(41.0, 191.0, 27.765183222474967)
(41.0, 192.0, 29.395346124602909)
(41.0, 193.0, 28.446179781621542)
(41.0, 194.0, 30.782125044605266)
(41.0, 195.0, 29.743111971929746)
(41.0, 196.0, 30.699054497074698)
(41.0, 197.0, 29.045131403370988)
(41.0, 198.0, 27.958718201892957)
(41.0, 199.0, 28.446871946357032)
(42.0, 0.0, 20.81189505930827)
(42.0, 1.0, 23.39695820254364)
(42.0, 2.0, 24.575893631844366)
(42.0, 3.0, 26.952753348404983)
(42.0, 4.0, 21.158730053726938)
(42.0, 5.0, 24.643961252472018)
(42.0, 6.0, 26.431148160865725)
(42.0, 7.0, 25.122416171100287)
(42.0, 8.0, 20.888894967775517)
(42.0, 9.0, 26.125750621132251)
(42.0, 10.0, 24.147699505503503)
(42.0, 11.0, 24.152722644413927)
(42.0, 12.0, 23.938472251511264)
(42.0, 13.0, 25.185739212430388)
(42.0, 14.0, 23.251738737246459)
(42.0, 15.0, 22.769434737649114)
(42.0, 16.0, 22.464003426805537)
(42.0, 17.0, 23.744691907566086)
(42.0, 18.0, 25.473786912917571)
(42.0, 19.0, 27.741992992587861)
(42.0, 20.0, 24.875433745700636)
(42.0, 21.0, 24.280724589413133)
(42.0, 22.0, 24.563922682408244)
(42.0, 23.0, 26.124267637132863)
(42.0, 24.0, 21.276774623598378)
(42.0, 25.0, 20.74368247647795)
(42.0, 26.0, 22.692819438042608)
(42.0, 27.0, 28.599928608553576)
(42.0, 28.0, 24.216873499253062)
(42.0, 29.0, 24.073686090666698)
(42.0, 30.0, 23.153995807928705)
(42.0, 31.0, 22.511768919698106)
(42.0, 32.0, 24.04775282819881)
(42.0, 33.0, 23.442825884981495)
(42.0, 34.0, 23.565713779266915)
(42.0, 35.0, 25.055903501915939)
(42.0, 36.0, 22.78170720956)
(42.0, 37.0, 24.913603299623105)
(42.0, 38.0, 26.726411998372228)
(42.0, 39.0, 20.398612883265262)
(42.0, 40.0, 22.52048110242152)
(42.0, 41.0, 23.531817228653534)
(42.0, 42.0, 23.079365839000371)
(42.0, 43.0, 26.974652969035063)
(42.0, 44.0, 27.907178031231918)
(42.0, 45.0, 26.285976330504333)
(42.0, 46.0, 23.719165701795525)
(42.0, 47.0, 23.257055273736007)
(42.0, 48.0, 22.015538593860242)
(42.0, 49.0, 26.798147273209569)
(42.0, 50.0, 26.829676785167223)
(42.0, 51.0, 27.686937439342231)
(42.0, 52.0, 25.227727634344106)
(42.0, 53.0, 24.08821166824363)
(42.0, 54.0, 22.956862432042431)
(42.0, 55.0, 22.533456046035059)
(42.0, 56.0, 25.519070224899043)
(42.0, 57.0, 23.139480845378255)
(42.0, 58.0, 23.814861660813335)
(42.0, 59.0, 23.984708857647796)
(42.0, 60.0, 24.804415496882736)
(42.0, 61.0, 21.476164697626835)
(42.0, 62.0, 25.993126202871245)
(42.0, 63.0, 23.345076675246666)
(42.0, 64.0, 21.073865047319352)
(42.0, 65.0, 23.162334898293178)
(42.0, 66.0, 24.217158246603582)
(42.0, 67.0, 23.022531590176303)
(42.0, 68.0, 26.436830653147933)
(42.0, 69.0, 21.830822550076348)
(42.0, 70.0, 25.230135952180468)
(42.0, 71.0, 23.328622024438321)
(42.0, 72.0, 23.331528438232798)
(42.0, 73.0, 20.791148906062372)
(42.0, 74.0, 23.782359633979432)
(42.0, 75.0, 26.473515240540891)
(42.0, 76.0, 24.020947018409096)
(42.0, 77.0, 22.078113804128012)
(42.0, 78.0, 25.38481560626871)
(42.0, 79.0, 24.333974768101083)
(42.0, 80.0, 24.864864373576879)
(42.0, 81.0, 20.69269380590023)
(42.0, 82.0, 20.780860578669849)
(42.0, 83.0, 23.48902844826199)
(42.0, 84.0, 27.152410944479399)
(42.0, 85.0, 25.647511725147051)
(42.0, 86.0, 25.320195700805826)
(42.0, 87.0, 23.731302063267304)
(42.0, 88.0, 23.777319361886207)
(42.0, 89.0, 25.315280497562355)
(42.0, 90.0, 25.431364488996607)
(42.0, 91.0, 22.598737732612101)
(42.0, 92.0, 25.320099839248485)
(42.0, 93.0, 24.440633574081286)
(42.0, 94.0, 23.955175498695148)
(42.0, 95.0, 22.539416667636264)
(42.0, 96.0, 22.226461616883313)
(42.0, 97.0, 27.018566580622586)
(42.0, 98.0, 24.559773997449298)
(42.0, 99.0, 24.043375520647711)
(42.0, 100.0, 26.302828805231389)
(42.0, 101.0, 22.635677312067159)
(42.0, 102.0, 23.289617016926961)
(42.0, 103.0, 25.989869565217528)
(42.0, 104.0, 24.513062685121142)
(42.0, 105.0, 25.402058473321212)
(42.0, 106.0, 23.444040674023753)
(42.0, 107.0, 23.769105202864559)
(42.0, 108.0, 22.72939090504131)
(42.0, 109.0, 24.537382996147159)
(42.0, 110.0, 23.987367562514141)
(42.0, 111.0, 25.664328882966878)
(42.0, 112.0, 25.554001356494684)
(42.0, 113.0, 25.505227373604018)
(42.0, 114.0, 25.659317080156058)
(42.0, 115.0, 22.793933995261476)
(42.0, 116.0, 24.075593437386551)
(42.0, 117.0, 21.125427527811791)
(42.0, 118.0, 27.003171671327937)
(42.0, 119.0, 24.564028286310958)
(42.0, 120.0, 24.617445141401152)
(42.0, 121.0, 26.512699445819965)
(42.0, 122.0, 24.704127963651906)
(42.0, 123.0, 26.992913410731155)
(42.0, 124.0, 25.371995890363912)
(42.0, 125.0, 25.669129519177993)
(42.0, 126.0, 23.454470163971788)
(42.0, 127.0, 25.061870060941608)
(42.0, 128.0, 23.881321453042041)
(42.0, 129.0, 26.12455602265247)
(42.0, 130.0, 25.602568421691274)
(42.0, 131.0, 25.42976690992597)
(42.0, 132.0, 22.488018473293966)
(42.0, 133.0, 22.368618095486489)
(42.0, 134.0, 24.112065431070555)
(42.0, 135.0, 23.881725652772214)
(42.0, 136.0, 24.457772052857063)
(42.0, 137.0, 24.509740257638445)
(42.0, 138.0, 21.470121849242695)
(42.0, 139.0, 26.919331458223361)
(42.0, 140.0, 27.317670454517863)
(42.0, 141.0, 24.863965749748502)
(42.0, 142.0, 24.538494007932574)
(42.0, 143.0, 25.314087406125239)
(42.0, 144.0, 23.765437088866026)
(42.0, 145.0, 25.550533937829687)
(42.0, 146.0, 28.327498068703434)
(42.0, 147.0, 22.211976100363213)
(42.0, 148.0, 25.720202551485432)
(42.0, 149.0, 25.727878042075414)
(42.0, 150.0, 27.396684743796428)
(42.0, 151.0, 27.253510554864004)
(42.0, 152.0, 24.503000405495403)
(42.0, 153.0, 25.319417644478964)
(42.0, 154.0, 25.249790078383533)
(42.0, 155.0, 24.945597429002341)
(42.0, 156.0, 25.00326809667602)
(42.0, 157.0, 27.23411519201964)
(42.0, 158.0, 25.907228364349006)
(42.0, 159.0, 25.729758805537436)
(42.0, 160.0, 22.512847242668151)
(42.0, 161.0, 24.169322785625408)
(42.0, 162.0, 24.730784686166352)
(42.0, 163.0, 21.853031029396831)
(42.0, 164.0, 23.232624594596579)
(42.0, 165.0, 23.673294902366486)
(42.0, 166.0, 25.754705462295824)
(42.0, 167.0, 24.853652824526268)
(42.0, 168.0, 24.729684897353472)
(42.0, 169.0, 24.643470982909964)
(42.0, 170.0, 24.13801266103405)
(42.0, 171.0, 26.724449219535259)
(42.0, 172.0, 26.353293703109493)
(42.0, 173.0, 23.82219916335535)
(42.0, 174.0, 21.117149292958182)
(42.0, 175.0, 26.020781502345695)
(42.0, 176.0, 24.434956326326592)
(42.0, 177.0, 27.570734034348234)
(42.0, 178.0, 22.841864162699324)
(42.0, 179.0, 25.801091680818207)
(42.0, 180.0, 23.704030191814638)
(42.0, 181.0, 26.349323348474634)
(42.0, 182.0, 25.645053436702838)
(42.0, 183.0, 23.182742726966584)
(42.0, 184.0, 22.599716942416578)
(42.0, 185.0, 23.481226530694727)
(42.0, 186.0, 24.623888898478313)
(42.0, 187.0, 24.63692780351381)
(42.0, 188.0, 25.002364385334875)
(42.0, 189.0, 26.153619664878931)
(42.0, 190.0, 25.801482073056839)
(42.0, 191.0, 23.81429229278567)
(42.0, 192.0, 23.739487793460682)
(42.0, 193.0, 25.579945663046566)
(42.0, 194.0, 26.094353000786576)
(42.0, 195.0, 27.072847646866954)
(42.0, 196.0, 24.858644131873238)
(42.0, 197.0, 26.666694822311761)
(42.0, 198.0, 24.886781795184543)
(42.0, 199.0, 24.351107643164724)
(43.0, 0.0, 24.228755761339801)
(43.0, 1.0, 29.634573284528116)
(43.0, 2.0, 25.223143051544231)
(43.0, 3.0, 27.117253834285684)
(43.0, 4.0, 24.270637898183509)
(43.0, 5.0, 29.955854546602339)
(43.0, 6.0, 29.798766380743999)
(43.0, 7.0, 28.362381182456634)
(43.0, 8.0, 23.928100587116891)
(43.0, 9.0, 30.091345261606932)
(43.0, 10.0, 25.307739328563997)
(43.0, 11.0, 28.821165944169149)
(43.0, 12.0, 28.451262182707428)
(43.0, 13.0, 28.66520619549804)
(43.0, 14.0, 28.305852334708788)
(43.0, 15.0, 26.62085267037158)
(43.0, 16.0, 26.95530503075933)
(43.0, 17.0, 27.861770433502446)
(43.0, 18.0, 27.677987037713848)
(43.0, 19.0, 30.815385872446786)
(43.0, 20.0, 26.641020414280497)
(43.0, 21.0, 26.243412424387941)
(43.0, 22.0, 29.354312849828368)
(43.0, 23.0, 30.203376539863061)
(43.0, 24.0, 22.255622904094245)
(43.0, 25.0, 23.470843491332833)
(43.0, 26.0, 28.998378213680787)
(43.0, 27.0, 32.108665121084712)
(43.0, 28.0, 27.528317229830648)
(43.0, 29.0, 28.070499795270536)
(43.0, 30.0, 28.093758247071207)
(43.0, 31.0, 24.879075679163805)
(43.0, 32.0, 28.685439956611301)
(43.0, 33.0, 28.156562708835438)
(43.0, 34.0, 27.671122687141803)
(43.0, 35.0, 28.324756349917319)
(43.0, 36.0, 24.995558150242275)
(43.0, 37.0, 29.393093402457325)
(43.0, 38.0, 27.894730565382176)
(43.0, 39.0, 25.76964339479424)
(43.0, 40.0, 26.261612961989609)
(43.0, 41.0, 29.914650147362487)
(43.0, 42.0, 26.857884410993176)
(43.0, 43.0, 29.263760009118805)
(43.0, 44.0, 32.107667018596281)
(43.0, 45.0, 27.495310203063422)
(43.0, 46.0, 27.420931602079559)
(43.0, 47.0, 27.336953256026192)
(43.0, 48.0, 25.838784411911512)
(43.0, 49.0, 31.792613000306464)
(43.0, 50.0, 30.532023123692305)
(43.0, 51.0, 30.282639138496506)
(43.0, 52.0, 28.522939971026648)
(43.0, 53.0, 28.235373713342916)
(43.0, 54.0, 25.295630120097446)
(43.0, 55.0, 27.918731771876079)
(43.0, 56.0, 27.906958942872862)
(43.0, 57.0, 28.492833657968781)
(43.0, 58.0, 27.926970672913129)
(43.0, 59.0, 27.467073244852358)
(43.0, 60.0, 29.949720877238477)
(43.0, 61.0, 25.003152857048807)
(43.0, 62.0, 28.911936136819875)
(43.0, 63.0, 26.476014968484723)
(43.0, 64.0, 24.796592560514362)
(43.0, 65.0, 27.822042505595622)
(43.0, 66.0, 27.0161947614294)
(43.0, 67.0, 27.244355228881268)
(43.0, 68.0, 31.66541049014743)
(43.0, 69.0, 27.634552192354874)
(43.0, 70.0, 29.14489678933403)
(43.0, 71.0, 25.445449012560267)
(43.0, 72.0, 25.739760643177803)
(43.0, 73.0, 24.927542073445977)
(43.0, 74.0, 26.3271806611234)
(43.0, 75.0, 29.785679132156037)
(43.0, 76.0, 29.011549746790667)
(43.0, 77.0, 25.534010225186023)
(43.0, 78.0, 29.013378936176156)
(43.0, 79.0, 27.048851978240272)
(43.0, 80.0, 29.355705656888158)
(43.0, 81.0, 23.081714015687371)
(43.0, 82.0, 22.458699158865439)
(43.0, 83.0, 24.443552463763822)
(43.0, 84.0, 29.012015918594685)
(43.0, 85.0, 30.087881938621976)
(43.0, 86.0, 28.534415814031661)
(43.0, 87.0, 25.905247729438877)
(43.0, 88.0, 29.129031482589582)
(43.0, 89.0, 27.279747874425809)
(43.0, 90.0, 27.004774447598685)
(43.0, 91.0, 28.294140501639507)
(43.0, 92.0, 26.554639798606402)
(43.0, 93.0, 28.26986779380282)
(43.0, 94.0, 27.370677387525099)
(43.0, 95.0, 26.837410994582854)
(43.0, 96.0, 25.21292460909768)
(43.0, 97.0, 28.534059308064432)
(43.0, 98.0, 27.168112611090923)
(43.0, 99.0, 29.855434153710313)
(43.0, 100.0, 30.432361741723877)
(43.0, 101.0, 26.044387912995454)
(43.0, 102.0, 28.412915490355957)
(43.0, 103.0, 28.293389139349078)
(43.0, 104.0, 30.655882891206595)
(43.0, 105.0, 27.404979623464911)
(43.0, 106.0, 26.786234077451304)
(43.0, 107.0, 25.713537087213165)
(43.0, 108.0, 28.437647258814774)
(43.0, 109.0, 25.611306991427735)
(43.0, 110.0, 26.996515472348513)
(43.0, 111.0, 28.119474024891169)
(43.0, 112.0, 30.319196237398639)
(43.0, 113.0, 28.72518583692078)
(43.0, 114.0, 30.028674521012011)
(43.0, 115.0, 28.567660598696673)
(43.0, 116.0, 24.894120247609433)
(43.0, 117.0, 24.265708561382944)
(43.0, 118.0, 29.919331567245585)
(43.0, 119.0, 27.783388145679019)
(43.0, 120.0, 27.966300731268774)
(43.0, 121.0, 28.605528181613405)
(43.0, 122.0, 27.302253016812625)
(43.0, 123.0, 29.837718631639241)
(43.0, 124.0, 29.812373589399975)
(43.0, 125.0, 30.367430000866353)
(43.0, 126.0, 27.96894332743442)
(43.0, 127.0, 27.819577044993398)
(43.0, 128.0, 27.431609044171051)
(43.0, 129.0, 28.728570961460445)
(43.0, 130.0, 27.975419273459369)
(43.0, 131.0, 27.430789474105747)
(43.0, 132.0, 23.23355268330096)
(43.0, 133.0, 23.941286488630034)
(43.0, 134.0, 29.593716560937345)
(43.0, 135.0, 28.452371600130302)
(43.0, 136.0, 27.326765445328)
(43.0, 137.0, 27.124826073238061)
(43.0, 138.0, 26.251342256500358)
(43.0, 139.0, 29.34551270549423)
(43.0, 140.0, 31.703490320882807)
(43.0, 141.0, 28.308994893069524)
(43.0, 142.0, 28.706078605447729)
(43.0, 143.0, 28.728060969880644)
(43.0, 144.0, 26.590733091698567)
(43.0, 145.0, 28.542847568431178)
(43.0, 146.0, 32.565933374425796)
(43.0, 147.0, 25.682211099212861)
(43.0, 148.0, 27.526191884500875)
(43.0, 149.0, 28.796708805199312)
(43.0, 150.0, 32.519082282104499)
(43.0, 151.0, 31.682300723920488)
(43.0, 152.0, 27.871936642843149)
(43.0, 153.0, 29.332282113461808)
(43.0, 154.0, 28.177180933332437)
(43.0, 155.0, 27.41643816288757)
(43.0, 156.0, 28.402346469982302)
(43.0, 157.0, 29.869251124947283)
(43.0, 158.0, 29.469201422784522)
(43.0, 159.0, 30.376415678203532)
(43.0, 160.0, 26.945824602550545)
(43.0, 161.0, 28.66563103515124)
(43.0, 162.0, 29.008543769750069)
(43.0, 163.0, 26.452956312595376)
(43.0, 164.0, 29.127754745281461)
(43.0, 165.0, 28.789426984395355)
(43.0, 166.0, 28.419027837334212)
(43.0, 167.0, 28.034635122979502)
(43.0, 168.0, 28.231154703837674)
(43.0, 169.0, 28.605480523267815)
(43.0, 170.0, 25.478759474758959)
(43.0, 171.0, 31.100196104361263)
(43.0, 172.0, 30.213431591889517)
(43.0, 173.0, 27.105402081911812)
(43.0, 174.0, 25.922933664687051)
(43.0, 175.0, 31.489064013425132)
(43.0, 176.0, 25.883861554192421)
(43.0, 177.0, 29.949482170619426)
(43.0, 178.0, 26.091799286593385)
(43.0, 179.0, 29.744287082466098)
(43.0, 180.0, 28.360061060193889)
(43.0, 181.0, 30.192647758019497)
(43.0, 182.0, 28.626254056596771)
(43.0, 183.0, 26.713830808349648)
(43.0, 184.0, 26.540569602129679)
(43.0, 185.0, 27.294039566674119)
(43.0, 186.0, 28.186666737520898)
(43.0, 187.0, 29.236796163937136)
(43.0, 188.0, 27.534617581557399)
(43.0, 189.0, 31.29075887274518)
(43.0, 190.0, 28.675993638301239)
(43.0, 191.0, 27.057520094705332)
(43.0, 192.0, 26.892237037851256)
(43.0, 193.0, 27.626954538673719)
(43.0, 194.0, 29.750274336010705)
(43.0, 195.0, 28.420379953154182)
(43.0, 196.0, 28.556503999319101)
(43.0, 197.0, 28.189753538138987)
(43.0, 198.0, 27.374645744818263)
(43.0, 199.0, 26.351439543382842)
(44.0, 0.0, 22.423501422584582)
(44.0, 1.0, 26.063830093401101)
(44.0, 2.0, 22.978298035519771)
(44.0, 3.0, 25.334174897861708)
(44.0, 4.0, 22.865031653972132)
(44.0, 5.0, 25.286723809865205)
(44.0, 6.0, 26.846912187614699)
(44.0, 7.0, 26.907636979304538)
(44.0, 8.0, 22.037154935053621)
(44.0, 9.0, 25.041324826176044)
(44.0, 10.0, 24.708272850899512)
(44.0, 11.0, 27.727080232139752)
(44.0, 12.0, 25.010912918666833)
(44.0, 13.0, 25.603736374465065)
(44.0, 14.0, 25.680471597379832)
(44.0, 15.0, 23.333630694734598)
(44.0, 16.0, 24.285017900542943)
(44.0, 17.0, 25.656165162480086)
(44.0, 18.0, 25.46387086056987)
(44.0, 19.0, 26.980751868773911)
(44.0, 20.0, 26.817136977667992)
(44.0, 21.0, 24.587558770711297)
(44.0, 22.0, 26.584384300333518)
(44.0, 23.0, 28.146249083845746)
(44.0, 24.0, 21.83870432119646)
(44.0, 25.0, 20.980468848581832)
(44.0, 26.0, 23.557669582807478)
(44.0, 27.0, 27.729473582352519)
(44.0, 28.0, 25.866930043384386)
(44.0, 29.0, 25.706847058403582)
(44.0, 30.0, 24.653007742725102)
(44.0, 31.0, 23.190539602963664)
(44.0, 32.0, 24.489523340779737)
(44.0, 33.0, 25.209999667740433)
(44.0, 34.0, 25.858355267008811)
(44.0, 35.0, 25.208839205171522)
(44.0, 36.0, 22.302403431931452)
(44.0, 37.0, 27.518995825800822)
(44.0, 38.0, 29.045907776025174)
(44.0, 39.0, 23.501958493655888)
(44.0, 40.0, 22.334911045588782)
(44.0, 41.0, 25.6384717336691)
(44.0, 42.0, 25.16548573238072)
(44.0, 43.0, 27.840729132389118)
(44.0, 44.0, 29.192477681806139)
(44.0, 45.0, 26.660890911862509)
(44.0, 46.0, 25.357789459536267)
(44.0, 47.0, 24.752409660907563)
(44.0, 48.0, 21.970334926100897)
(44.0, 49.0, 28.557941908888672)
(44.0, 50.0, 27.186602290985398)
(44.0, 51.0, 27.291562858668037)
(44.0, 52.0, 27.633556084893307)
(44.0, 53.0, 24.234864157090989)
(44.0, 54.0, 24.74114160070647)
(44.0, 55.0, 23.907871242517782)
(44.0, 56.0, 26.492104727961308)
(44.0, 57.0, 25.490881138672854)
(44.0, 58.0, 23.781228936898852)
(44.0, 59.0, 24.788313375946345)
(44.0, 60.0, 26.979423950678488)
(44.0, 61.0, 24.081537489045161)
(44.0, 62.0, 25.061513789449378)
(44.0, 63.0, 24.555279316344265)
(44.0, 64.0, 23.489103471705359)
(44.0, 65.0, 25.651446880770592)
(44.0, 66.0, 26.263147061324212)
(44.0, 67.0, 24.118905179774245)
(44.0, 68.0, 26.031885214715032)
(44.0, 69.0, 25.409663008776498)
(44.0, 70.0, 26.222348288508432)
(44.0, 71.0, 25.183987848969338)
(44.0, 72.0, 22.537845744421098)
(44.0, 73.0, 22.672167290097761)
(44.0, 74.0, 25.551331015744047)
(44.0, 75.0, 26.20260541518795)
(44.0, 76.0, 25.557900938168025)
(44.0, 77.0, 22.289136772126316)
(44.0, 78.0, 24.344835159884806)
(44.0, 79.0, 23.293685733453813)
(44.0, 80.0, 27.574720554039107)
(44.0, 81.0, 22.880129570236271)
(44.0, 82.0, 20.908891120174655)
(44.0, 83.0, 25.102953166224296)
(44.0, 84.0, 27.604957051855937)
(44.0, 85.0, 26.980520883653696)
(44.0, 86.0, 27.035270028220506)
(44.0, 87.0, 25.314741508953617)
(44.0, 88.0, 25.006054342055855)
(44.0, 89.0, 24.999582566363017)
(44.0, 90.0, 26.08313919910703)
(44.0, 91.0, 24.114700273203507)
(44.0, 92.0, 26.475516766957139)
(44.0, 93.0, 27.135312848099154)
(44.0, 94.0, 27.12955878200717)
(44.0, 95.0, 26.395346174362473)
(44.0, 96.0, 23.673369906703417)
(44.0, 97.0, 25.338900681361817)
(44.0, 98.0, 24.957498823835554)
(44.0, 99.0, 26.254256534176715)
(44.0, 100.0, 27.079262608607692)
(44.0, 101.0, 23.610709620914331)
(44.0, 102.0, 24.822532980946143)
(44.0, 103.0, 25.691592690868742)
(44.0, 104.0, 28.028784132378455)
(44.0, 105.0, 24.900798755418116)
(44.0, 106.0, 25.469496698402374)
(44.0, 107.0, 24.221177339787676)
(44.0, 108.0, 26.010495913193012)
(44.0, 109.0, 22.771020617059662)
(44.0, 110.0, 25.190053730582555)
(44.0, 111.0, 27.060545976601947)
(44.0, 112.0, 27.293734909363735)
(44.0, 113.0, 25.480930334190109)
(44.0, 114.0, 26.486211646080708)
(44.0, 115.0, 27.016097542719987)
(44.0, 116.0, 22.939724766084638)
(44.0, 117.0, 22.941644404087025)
(44.0, 118.0, 28.493847110336411)
(44.0, 119.0, 25.789500007566687)
(44.0, 120.0, 26.230461924036309)
(44.0, 121.0, 26.572749591106742)
(44.0, 122.0, 24.118173779924778)
(44.0, 123.0, 28.032508331522326)
(44.0, 124.0, 25.261092018258935)
(44.0, 125.0, 26.458860976183395)
(44.0, 126.0, 25.491237662360248)
(44.0, 127.0, 26.108544566860164)
(44.0, 128.0, 26.283368796457449)
(44.0, 129.0, 27.06438275588668)
(44.0, 130.0, 26.013241500075384)
(44.0, 131.0, 26.33305183613286)
(44.0, 132.0, 20.745343814285651)
(44.0, 133.0, 22.936994357765045)
(44.0, 134.0, 26.041944874636819)
(44.0, 135.0, 25.277200546623035)
(44.0, 136.0, 25.266915625689915)
(44.0, 137.0, 26.409563083947141)
(44.0, 138.0, 22.597101808620234)
(44.0, 139.0, 29.417410839709085)
(44.0, 140.0, 29.018982281791232)
(44.0, 141.0, 24.668445544539715)
(44.0, 142.0, 25.168453248435473)
(44.0, 143.0, 26.682324781954929)
(44.0, 144.0, 24.573639116907852)
(44.0, 145.0, 24.029103805958762)
(44.0, 146.0, 29.013846874585926)
(44.0, 147.0, 23.706692448597931)
(44.0, 148.0, 23.990895141342978)
(44.0, 149.0, 27.09194323414447)
(44.0, 150.0, 29.687921367548942)
(44.0, 151.0, 29.028528539409088)
(44.0, 152.0, 24.653025327439629)
(44.0, 153.0, 28.273889441320836)
(44.0, 154.0, 25.982268166590657)
(44.0, 155.0, 25.9429353089035)
(44.0, 156.0, 25.615620514586681)
(44.0, 157.0, 28.546464963848535)
(44.0, 158.0, 27.555891594033842)
(44.0, 159.0, 27.125619509304006)
(44.0, 160.0, 25.54545014714305)
(44.0, 161.0, 26.383939309123718)
(44.0, 162.0, 25.807581700324267)
(44.0, 163.0, 24.602302645214039)
(44.0, 164.0, 25.891567727176742)
(44.0, 165.0, 26.826229430369875)
(44.0, 166.0, 26.359515436677199)
(44.0, 167.0, 25.173028899990637)
(44.0, 168.0, 25.78786984036811)
(44.0, 169.0, 26.695309002284919)
(44.0, 170.0, 24.216503919431194)
(44.0, 171.0, 27.274220080862722)
(44.0, 172.0, 27.627025542296675)
(44.0, 173.0, 26.642060798395818)
(44.0, 174.0, 23.032940748906451)
(44.0, 175.0, 29.245387556645127)
(44.0, 176.0, 25.360318774205371)
(44.0, 177.0, 27.429339358647656)
(44.0, 178.0, 23.940574404156358)
(44.0, 179.0, 26.471764312308721)
(44.0, 180.0, 27.603372151403768)
(44.0, 181.0, 28.422279737246775)
(44.0, 182.0, 25.116859217317796)
(44.0, 183.0, 23.586737471607947)
(44.0, 184.0, 24.521863941538427)
(44.0, 185.0, 26.055289623454126)
(44.0, 186.0, 24.287633736300517)
(44.0, 187.0, 25.924488384068209)
(44.0, 188.0, 23.96548325662717)
(44.0, 189.0, 26.87285171251423)
(44.0, 190.0, 27.668978112249903)
(44.0, 191.0, 23.967984612364916)
(44.0, 192.0, 25.330808530261308)
(44.0, 193.0, 26.290515324533644)
(44.0, 194.0, 27.810663818951276)
(44.0, 195.0, 26.3995129282468)
(44.0, 196.0, 25.017548048098337)
(44.0, 197.0, 26.033682350876465)
(44.0, 198.0, 24.000599266022867)
(44.0, 199.0, 24.786447914852332)
(45.0, 0.0, 19.462473587602378)
(45.0, 1.0, 23.962683365711673)
(45.0, 2.0, 21.341629502082988)
(45.0, 3.0, 24.271710534058226)
(45.0, 4.0, 22.412548560491992)
(45.0, 5.0, 24.282038335763225)
(45.0, 6.0, 25.551238112410552)
(45.0, 7.0, 24.833236545161956)
(45.0, 8.0, 20.249127050344388)
(45.0, 9.0, 23.544157105092939)
(45.0, 10.0, 21.813529532215952)
(45.0, 11.0, 24.693826742445427)
(45.0, 12.0, 23.816466981586146)
(45.0, 13.0, 23.689153267550104)
(45.0, 14.0, 24.947745318742598)
(45.0, 15.0, 22.353575735023092)
(45.0, 16.0, 22.64405234244164)
(45.0, 17.0, 23.417042120471848)
(45.0, 18.0, 23.460905027449392)
(45.0, 19.0, 27.694631934957126)
(45.0, 20.0, 23.372457087273723)
(45.0, 21.0, 22.83944334511455)
(45.0, 22.0, 24.729366659128623)
(45.0, 23.0, 24.68403831945507)
(45.0, 24.0, 20.360131998740041)
(45.0, 25.0, 20.047024013253775)
(45.0, 26.0, 22.346113822444369)
(45.0, 27.0, 26.291827834308322)
(45.0, 28.0, 23.664098942466914)
(45.0, 29.0, 23.07106318245668)
(45.0, 30.0, 24.005006785671625)
(45.0, 31.0, 22.863694774938502)
(45.0, 32.0, 22.853420550569783)
(45.0, 33.0, 24.253749911718295)
(45.0, 34.0, 25.584581084083638)
(45.0, 35.0, 23.320353471980301)
(45.0, 36.0, 21.198655650499553)
(45.0, 37.0, 24.907965441477749)
(45.0, 38.0, 24.526601195570091)
(45.0, 39.0, 21.709279297536046)
(45.0, 40.0, 23.140147833279464)
(45.0, 41.0, 22.575613609496045)
(45.0, 42.0, 22.987259569481452)
(45.0, 43.0, 25.183431792941846)
(45.0, 44.0, 26.033597764530946)
(45.0, 45.0, 24.634882110545369)
(45.0, 46.0, 23.613987209989119)
(45.0, 47.0, 24.268636725897167)
(45.0, 48.0, 21.883968767135215)
(45.0, 49.0, 25.47747231787335)
(45.0, 50.0, 27.12611972434533)
(45.0, 51.0, 26.004873760217496)
(45.0, 52.0, 24.427121438965457)
(45.0, 53.0, 23.511113288872867)
(45.0, 54.0, 21.81403167513168)
(45.0, 55.0, 23.020885077165865)
(45.0, 56.0, 26.351697983428178)
(45.0, 57.0, 21.808341628300866)
(45.0, 58.0, 22.150425927482107)
(45.0, 59.0, 21.379679354555769)
(45.0, 60.0, 24.588216134073843)
(45.0, 61.0, 21.099541617631246)
(45.0, 62.0, 24.231426172546364)
(45.0, 63.0, 22.30423041377896)
(45.0, 64.0, 21.20664575428351)
(45.0, 65.0, 23.689582366317119)
(45.0, 66.0, 24.16224962736603)
(45.0, 67.0, 22.8051693742418)
(45.0, 68.0, 23.741167220543591)
(45.0, 69.0, 23.65899988361906)
(45.0, 70.0, 25.407206196497935)
(45.0, 71.0, 23.338433469450571)
(45.0, 72.0, 21.436792044337778)
(45.0, 73.0, 22.267084813967276)
(45.0, 74.0, 23.465972030163755)
(45.0, 75.0, 24.747916328496981)
(45.0, 76.0, 23.599749018618461)
(45.0, 77.0, 21.191570223563783)
(45.0, 78.0, 23.865492763899422)
(45.0, 79.0, 23.308278301318161)
(45.0, 80.0, 26.160899409202194)
(45.0, 81.0, 21.028354000346354)
(45.0, 82.0, 20.211093254135204)
(45.0, 83.0, 22.682725137361668)
(45.0, 84.0, 23.92381142854034)
(45.0, 85.0, 25.459810950494855)
(45.0, 86.0, 24.527933995232313)
(45.0, 87.0, 22.942324316252844)
(45.0, 88.0, 23.48672156989381)
(45.0, 89.0, 26.019165635229086)
(45.0, 90.0, 24.369063365485765)
(45.0, 91.0, 22.273461790835437)
(45.0, 92.0, 21.519537195609129)
(45.0, 93.0, 23.534874878126523)
(45.0, 94.0, 23.134066278367307)
(45.0, 95.0, 22.168964944026012)
(45.0, 96.0, 20.523368456253472)
(45.0, 97.0, 23.056187544548131)
(45.0, 98.0, 23.255289000987936)
(45.0, 99.0, 22.880143125188219)
(45.0, 100.0, 24.375597101175586)
(45.0, 101.0, 22.918837359206304)
(45.0, 102.0, 23.81419712418122)
(45.0, 103.0, 25.417820498374816)
(45.0, 104.0, 27.804823476951448)
(45.0, 105.0, 23.982537863474121)
(45.0, 106.0, 22.415579264161934)
(45.0, 107.0, 21.831928781515018)
(45.0, 108.0, 24.962136330998785)
(45.0, 109.0, 22.815667528910296)
(45.0, 110.0, 23.296551085070092)
(45.0, 111.0, 25.212088171177339)
(45.0, 112.0, 25.266578865421831)
(45.0, 113.0, 24.231084367741754)
(45.0, 114.0, 25.094810251839554)
(45.0, 115.0, 23.133406087600697)
(45.0, 116.0, 21.436699346481483)
(45.0, 117.0, 20.839831875903251)
(45.0, 118.0, 23.765179268540063)
(45.0, 119.0, 24.350321666598127)
(45.0, 120.0, 26.570533843674877)
(45.0, 121.0, 24.602219050053428)
(45.0, 122.0, 22.523994195856162)
(45.0, 123.0, 26.085222632677159)
(45.0, 124.0, 23.400024094042944)
(45.0, 125.0, 24.320753776879908)
(45.0, 126.0, 23.428581699891815)
(45.0, 127.0, 24.764537831523345)
(45.0, 128.0, 23.290393240369266)
(45.0, 129.0, 25.633157158339696)
(45.0, 130.0, 24.663632154121053)
(45.0, 131.0, 24.323842837987787)
(45.0, 132.0, 19.567395907494088)
(45.0, 133.0, 22.337899080454818)
(45.0, 134.0, 24.471135041838579)
(45.0, 135.0, 23.380025633177734)
(45.0, 136.0, 24.192424570978723)
(45.0, 137.0, 23.109343222926114)
(45.0, 138.0, 21.381017194434051)
(45.0, 139.0, 25.648205771250435)
(45.0, 140.0, 24.699647472818732)
(45.0, 141.0, 22.536624705880548)
(45.0, 142.0, 23.085863932620768)
(45.0, 143.0, 25.794885755383845)
(45.0, 144.0, 24.034317885505871)
(45.0, 145.0, 23.10268214178981)
(45.0, 146.0, 26.075156047229989)
(45.0, 147.0, 22.483166490187969)
(45.0, 148.0, 22.112013043768034)
(45.0, 149.0, 24.301116438427698)
(45.0, 150.0, 26.880351027727144)
(45.0, 151.0, 27.189700025372648)
(45.0, 152.0, 23.315206195033799)
(45.0, 153.0, 25.163876090590961)
(45.0, 154.0, 24.729576116804363)
(45.0, 155.0, 24.241359212739923)
(45.0, 156.0, 25.350981261307513)
(45.0, 157.0, 26.212640048211643)
(45.0, 158.0, 25.7055794087103)
(45.0, 159.0, 25.227461247352622)
(45.0, 160.0, 23.16734802887115)
(45.0, 161.0, 23.102706188721587)
(45.0, 162.0, 24.807511301400222)
(45.0, 163.0, 22.810295178027154)
(45.0, 164.0, 24.080868776950762)
(45.0, 165.0, 23.112539610338427)
(45.0, 166.0, 27.132678479466264)
(45.0, 167.0, 23.983552701723362)
(45.0, 168.0, 22.989216442539103)
(45.0, 169.0, 25.121822102489819)
(45.0, 170.0, 21.875111309435404)
(45.0, 171.0, 24.650540463301166)
(45.0, 172.0, 24.725563672591477)
(45.0, 173.0, 23.10414918694245)
(45.0, 174.0, 20.332868077224738)
(45.0, 175.0, 23.786928045471818)
(45.0, 176.0, 23.621831369334021)
(45.0, 177.0, 26.182834638842724)
(45.0, 178.0, 22.192007220981868)
(45.0, 179.0, 25.129627515002099)
(45.0, 180.0, 23.894088271725042)
(45.0, 181.0, 25.31979467225209)
(45.0, 182.0, 24.883455573487375)
(45.0, 183.0, 22.667021901877007)
(45.0, 184.0, 24.134299355896594)
(45.0, 185.0, 24.210665155744202)
(45.0, 186.0, 24.275194864085414)
(45.0, 187.0, 25.072503070347608)
(45.0, 188.0, 24.073954259845515)
(45.0, 189.0, 26.100264354803109)
(45.0, 190.0, 23.371684370162249)
(45.0, 191.0, 22.998287480314399)
(45.0, 192.0, 24.84448983921234)
(45.0, 193.0, 23.851576997420715)
(45.0, 194.0, 26.292081922077067)
(45.0, 195.0, 23.546574018028391)
(45.0, 196.0, 24.592820245894629)
(45.0, 197.0, 25.327941529080157)
(45.0, 198.0, 22.701250277367773)
(45.0, 199.0, 23.738540737344167)
(46.0, 0.0, 23.533085835348487)
(46.0, 1.0, 27.431277781633874)
(46.0, 2.0, 25.269652372073807)
(46.0, 3.0, 27.851718963628084)
(46.0, 4.0, 24.704070934500631)
(46.0, 5.0, 27.635752230049206)
(46.0, 6.0, 29.452392267451199)
(46.0, 7.0, 27.763907538898625)
(46.0, 8.0, 23.845010621055195)
(46.0, 9.0, 27.372345939072769)
(46.0, 10.0, 25.004069511708281)
(46.0, 11.0, 27.393263494330341)
(46.0, 12.0, 26.077210749306403)
(46.0, 13.0, 26.950477230924829)
(46.0, 14.0, 27.90427514711272)
(46.0, 15.0, 24.312283349770283)
(46.0, 16.0, 25.601540567025694)
(46.0, 17.0, 26.565490925528774)
(46.0, 18.0, 26.325215315008784)
(46.0, 19.0, 30.869342190073727)
(46.0, 20.0, 26.558300742737497)
(46.0, 21.0, 26.084812529074689)
(46.0, 22.0, 27.161099236292717)
(46.0, 23.0, 27.474031090948287)
(46.0, 24.0, 21.501436563235963)
(46.0, 25.0, 22.870679949856353)
(46.0, 26.0, 26.053512085688549)
(46.0, 27.0, 31.502865381125165)
(46.0, 28.0, 26.530428334638604)
(46.0, 29.0, 27.290450388887471)
(46.0, 30.0, 27.383196390549507)
(46.0, 31.0, 24.566697766312238)
(46.0, 32.0, 25.096511972196808)
(46.0, 33.0, 26.352021971883897)
(46.0, 34.0, 28.313770456461739)
(46.0, 35.0, 27.658575376436584)
(46.0, 36.0, 25.063815773405626)
(46.0, 37.0, 28.807071181107784)
(46.0, 38.0, 26.820219751591438)
(46.0, 39.0, 24.383995755781907)
(46.0, 40.0, 23.636924035188279)
(46.0, 41.0, 26.704062929833377)
(46.0, 42.0, 26.174995731384701)
(46.0, 43.0, 27.290576896571281)
(46.0, 44.0, 29.736066731730446)
(46.0, 45.0, 27.593075643901376)
(46.0, 46.0, 25.70918725492292)
(46.0, 47.0, 26.214674848574063)
(46.0, 48.0, 25.60939140136637)
(46.0, 49.0, 28.469498301607626)
(46.0, 50.0, 29.529937645960853)
(46.0, 51.0, 28.644826052914741)
(46.0, 52.0, 27.41066271389181)
(46.0, 53.0, 26.107781436329976)
(46.0, 54.0, 24.704858959248291)
(46.0, 55.0, 25.977173425531848)
(46.0, 56.0, 27.046806610820827)
(46.0, 57.0, 27.028315430182847)
(46.0, 58.0, 26.399107942324729)
(46.0, 59.0, 25.408021841793094)
(46.0, 60.0, 27.847460146192965)
(46.0, 61.0, 23.669975728950007)
(46.0, 62.0, 28.86827458627107)
(46.0, 63.0, 25.618468328975432)
(46.0, 64.0, 25.643089578012443)
(46.0, 65.0, 27.739433664862243)
(46.0, 66.0, 27.177488329610206)
(46.0, 67.0, 25.613735051723637)
(46.0, 68.0, 28.983748486392066)
(46.0, 69.0, 25.505539471444962)
(46.0, 70.0, 30.279510119617413)
(46.0, 71.0, 25.864637661560703)
(46.0, 72.0, 24.84940308038583)
(46.0, 73.0, 24.31107341110198)
(46.0, 74.0, 27.10956356337805)
(46.0, 75.0, 28.342249677201742)
(46.0, 76.0, 25.592700007522666)
(46.0, 77.0, 24.035762365227747)
(46.0, 78.0, 26.152661832394948)
(46.0, 79.0, 25.74762983808272)
(46.0, 80.0, 28.980936053340795)
(46.0, 81.0, 21.504634470155299)
(46.0, 82.0, 21.422274396566014)
(46.0, 83.0, 26.485210539861736)
(46.0, 84.0, 27.061847582486472)
(46.0, 85.0, 27.306669881767803)
(46.0, 86.0, 28.591004226168501)
(46.0, 87.0, 24.76014008714364)
(46.0, 88.0, 27.131291638938979)
(46.0, 89.0, 26.942975104902576)
(46.0, 90.0, 27.427333243145849)
(46.0, 91.0, 26.174306160672074)
(46.0, 92.0, 25.662041444393765)
(46.0, 93.0, 27.765876265658591)
(46.0, 94.0, 26.434188134310045)
(46.0, 95.0, 26.605801753418255)
(46.0, 96.0, 24.590676844445792)
(46.0, 97.0, 28.342640924016447)
(46.0, 98.0, 27.503522652480736)
(46.0, 99.0, 28.971741385244012)
(46.0, 100.0, 29.162882844567715)
(46.0, 101.0, 25.081462040368063)
(46.0, 102.0, 26.110335090445091)
(46.0, 103.0, 28.98162083415874)
(46.0, 104.0, 28.985735544422461)
(46.0, 105.0, 25.35360153004294)
(46.0, 106.0, 25.927227930855395)
(46.0, 107.0, 24.394226689977504)
(46.0, 108.0, 26.297839672085598)
(46.0, 109.0, 25.500794029138188)
(46.0, 110.0, 26.203346425107771)
(46.0, 111.0, 27.857189496068003)
(46.0, 112.0, 29.491328810373471)
(46.0, 113.0, 26.513934472121154)
(46.0, 114.0, 28.593541583092158)
(46.0, 115.0, 25.114904961217409)
(46.0, 116.0, 25.105670254605254)
(46.0, 117.0, 24.241508337684724)
(46.0, 118.0, 28.228596883278829)
(46.0, 119.0, 26.461920334849054)
(46.0, 120.0, 28.234581174504477)
(46.0, 121.0, 27.330117599459008)
(46.0, 122.0, 26.963436850805721)
(46.0, 123.0, 29.115389031238308)
(46.0, 124.0, 26.304469230682464)
(46.0, 125.0, 28.880386491568249)
(46.0, 126.0, 26.774362584593046)
(46.0, 127.0, 27.000371646918271)
(46.0, 128.0, 26.075466458571665)
(46.0, 129.0, 28.45322819871966)
(46.0, 130.0, 26.895838510363618)
(46.0, 131.0, 27.767693043627716)
(46.0, 132.0, 23.449691832392368)
(46.0, 133.0, 22.573031163267295)
(46.0, 134.0, 27.670958891909763)
(46.0, 135.0, 27.349128139733899)
(46.0, 136.0, 27.10220248946786)
(46.0, 137.0, 27.436060519431866)
(46.0, 138.0, 24.360334542209674)
(46.0, 139.0, 30.187591962801843)
(46.0, 140.0, 30.189602077618279)
(46.0, 141.0, 26.433218480275308)
(46.0, 142.0, 27.130717365545031)
(46.0, 143.0, 28.339539045871827)
(46.0, 144.0, 25.145946873604931)
(46.0, 145.0, 29.131890218488088)
(46.0, 146.0, 30.321180946918709)
(46.0, 147.0, 24.954587297596223)
(46.0, 148.0, 25.41519772872293)
(46.0, 149.0, 27.533832248070812)
(46.0, 150.0, 29.804187040460508)
(46.0, 151.0, 30.862609381132614)
(46.0, 152.0, 26.934882755795673)
(46.0, 153.0, 27.756846971520257)
(46.0, 154.0, 27.8412697270509)
(46.0, 155.0, 27.981120117626052)
(46.0, 156.0, 28.028515802535082)
(46.0, 157.0, 30.718099298757991)
(46.0, 158.0, 28.012891023250887)
(46.0, 159.0, 28.10126091211081)
(46.0, 160.0, 25.307326332236432)
(46.0, 161.0, 26.857904575622662)
(46.0, 162.0, 27.206051514734344)
(46.0, 163.0, 24.298154839931428)
(46.0, 164.0, 26.728613456841664)
(46.0, 165.0, 25.169106425194141)
(46.0, 166.0, 28.136629560657674)
(46.0, 167.0, 25.444437444710388)
(46.0, 168.0, 27.443357830958977)
(46.0, 169.0, 26.827031885150181)
(46.0, 170.0, 25.375163341137245)
(46.0, 171.0, 29.433578908790977)
(46.0, 172.0, 28.587309483669763)
(46.0, 173.0, 25.340129767009497)
(46.0, 174.0, 25.101296869428246)
(46.0, 175.0, 28.862638248905196)
(46.0, 176.0, 26.892858368881825)
(46.0, 177.0, 28.102599352943606)
(46.0, 178.0, 25.467544308873563)
(46.0, 179.0, 29.876071168067877)
(46.0, 180.0, 27.549085533427082)
(46.0, 181.0, 28.532025284292121)
(46.0, 182.0, 28.133006952584765)
(46.0, 183.0, 25.984458883960386)
(46.0, 184.0, 26.42771907096558)
(46.0, 185.0, 25.323202059965411)
(46.0, 186.0, 26.981999945900185)
(46.0, 187.0, 29.624351201117463)
(46.0, 188.0, 26.643077988542043)
(46.0, 189.0, 28.004789921849717)
(46.0, 190.0, 28.410107746122449)
(46.0, 191.0, 26.505396709304996)
(46.0, 192.0, 26.307749142787131)
(46.0, 193.0, 27.046086831668458)
(46.0, 194.0, 27.763096582891635)
(46.0, 195.0, 29.23685563020042)
(46.0, 196.0, 26.655643287709047)
(46.0, 197.0, 29.002932909335694)
(46.0, 198.0, 25.689105965860882)
(46.0, 199.0, 26.572374373223713)
(47.0, 0.0, 22.12969696259885)
(47.0, 1.0, 26.86007219396544)
(47.0, 2.0, 24.460261256113931)
(47.0, 3.0, 27.188729082915749)
(47.0, 4.0, 22.931108008095194)
(47.0, 5.0, 26.928640393735186)
(47.0, 6.0, 29.235842262103233)
(47.0, 7.0, 26.150847324198072)
(47.0, 8.0, 23.103684119463285)
(47.0, 9.0, 25.960603972306831)
(47.0, 10.0, 24.364948891027133)
(47.0, 11.0, 27.927218019697928)
(47.0, 12.0, 25.370817588081394)
(47.0, 13.0, 26.849770749835663)
(47.0, 14.0, 25.87813136013639)
(47.0, 15.0, 24.555578951125025)
(47.0, 16.0, 24.640900743776811)
(47.0, 17.0, 24.714433333919221)
(47.0, 18.0, 26.523279121425023)
(47.0, 19.0, 28.882827306392997)
(47.0, 20.0, 27.211763400803633)
(47.0, 21.0, 23.907909388388621)
(47.0, 22.0, 27.822287564073893)
(47.0, 23.0, 28.143181546322996)
(47.0, 24.0, 22.251194216945528)
(47.0, 25.0, 21.901421016598505)
(47.0, 26.0, 24.543135552527936)
(47.0, 27.0, 30.681253785423401)
(47.0, 28.0, 26.592830510989835)
(47.0, 29.0, 24.079594817359801)
(47.0, 30.0, 24.629675527435033)
(47.0, 31.0, 24.552235049169262)
(47.0, 32.0, 27.177660631235387)
(47.0, 33.0, 27.214428059237047)
(47.0, 34.0, 26.160638291668839)
(47.0, 35.0, 26.445480204570618)
(47.0, 36.0, 22.821266423302681)
(47.0, 37.0, 26.17080666463605)
(47.0, 38.0, 27.118539222047595)
(47.0, 39.0, 22.470769047429783)
(47.0, 40.0, 22.912452222660903)
(47.0, 41.0, 25.965462138236024)
(47.0, 42.0, 25.682707036434003)
(47.0, 43.0, 26.868279655114709)
(47.0, 44.0, 29.103548403742657)
(47.0, 45.0, 28.129058716080134)
(47.0, 46.0, 25.491378975168331)
(47.0, 47.0, 26.103947312739258)
(47.0, 48.0, 23.657719025778579)
(47.0, 49.0, 28.265042506615121)
(47.0, 50.0, 28.173295001641296)
(47.0, 51.0, 27.711467060454218)
(47.0, 52.0, 26.602633433913258)
(47.0, 53.0, 25.234736349729779)
(47.0, 54.0, 24.048039329702917)
(47.0, 55.0, 25.356888202216183)
(47.0, 56.0, 27.703232994142315)
(47.0, 57.0, 25.242193590742446)
(47.0, 58.0, 24.898265618743427)
(47.0, 59.0, 23.830538101314122)
(47.0, 60.0, 27.193923291089838)
(47.0, 61.0, 23.84479465732289)
(47.0, 62.0, 26.758259889636626)
(47.0, 63.0, 24.947197508608021)
(47.0, 64.0, 23.964914481479191)
(47.0, 65.0, 25.150273247307894)
(47.0, 66.0, 28.390189756035475)
(47.0, 67.0, 24.256770156175815)
(47.0, 68.0, 28.331978886517984)
(47.0, 69.0, 25.127072238430323)
(47.0, 70.0, 27.588392244733839)
(47.0, 71.0, 24.036738234313123)
(47.0, 72.0, 23.52192264506855)
(47.0, 73.0, 24.141993721377577)
(47.0, 74.0, 26.550292884819939)
(47.0, 75.0, 26.213848291805817)
(47.0, 76.0, 25.567854860930424)
(47.0, 77.0, 23.195592515179541)
(47.0, 78.0, 25.289931932986612)
(47.0, 79.0, 25.190096837313426)
(47.0, 80.0, 28.932863532472169)
(47.0, 81.0, 22.124653176368387)
(47.0, 82.0, 22.839671195464632)
(47.0, 83.0, 24.300974175413788)
(47.0, 84.0, 27.53922394522418)
(47.0, 85.0, 27.674897713810665)
(47.0, 86.0, 26.664394180007161)
(47.0, 87.0, 23.764211582608148)
(47.0, 88.0, 24.989555224129376)
(47.0, 89.0, 26.981407465624784)
(47.0, 90.0, 25.995790495304746)
(47.0, 91.0, 23.517999687484597)
(47.0, 92.0, 26.11203279776673)
(47.0, 93.0, 28.309755521749018)
(47.0, 94.0, 25.7083165779297)
(47.0, 95.0, 24.531938142239898)
(47.0, 96.0, 22.788506164612851)
(47.0, 97.0, 26.041842899986449)
(47.0, 98.0, 25.860763250374433)
(47.0, 99.0, 25.717594346353348)
(47.0, 100.0, 25.756197745712633)
(47.0, 101.0, 23.700311111035429)
(47.0, 102.0, 26.923248823219197)
(47.0, 103.0, 26.772612871332822)
(47.0, 104.0, 28.735629553471583)
(47.0, 105.0, 25.311181173630246)
(47.0, 106.0, 25.449027911609331)
(47.0, 107.0, 23.628554026993811)
(47.0, 108.0, 26.049591846934799)
(47.0, 109.0, 24.464382657483625)
(47.0, 110.0, 24.966653943441749)
(47.0, 111.0, 26.875302760359475)
(47.0, 112.0, 29.762239705768451)
(47.0, 113.0, 28.219366302544163)
(47.0, 114.0, 26.62057285554193)
(47.0, 115.0, 25.239196314222927)
(47.0, 116.0, 24.758880088498856)
(47.0, 117.0, 22.807863464623576)
(47.0, 118.0, 27.926450147137729)
(47.0, 119.0, 25.035813034808704)
(47.0, 120.0, 26.063873527760588)
(47.0, 121.0, 26.480478593221378)
(47.0, 122.0, 24.461253452605767)
(47.0, 123.0, 28.742227309846037)
(47.0, 124.0, 27.712546456924631)
(47.0, 125.0, 28.291903753081279)
(47.0, 126.0, 24.408018102339248)
(47.0, 127.0, 27.366138293826825)
(47.0, 128.0, 24.582600767604639)
(47.0, 129.0, 27.277634605152816)
(47.0, 130.0, 26.508436195003355)
(47.0, 131.0, 25.953808446208349)
(47.0, 132.0, 21.187485487103459)
(47.0, 133.0, 24.927250609669517)
(47.0, 134.0, 27.795023681275822)
(47.0, 135.0, 25.570911219916255)
(47.0, 136.0, 26.552041824330654)
(47.0, 137.0, 25.890461479924284)
(47.0, 138.0, 22.428943490395046)
(47.0, 139.0, 28.391489574854546)
(47.0, 140.0, 27.619466290232666)
(47.0, 141.0, 26.327172686854915)
(47.0, 142.0, 25.821889144296357)
(47.0, 143.0, 28.216765962530861)
(47.0, 144.0, 25.872826433393136)
(47.0, 145.0, 24.391772595735858)
(47.0, 146.0, 28.671731215278019)
(47.0, 147.0, 25.005092862763753)
(47.0, 148.0, 23.966455516346691)
(47.0, 149.0, 25.159142739689131)
(47.0, 150.0, 29.601955350533288)
(47.0, 151.0, 29.556813422437539)
(47.0, 152.0, 26.229847661028103)
(47.0, 153.0, 27.285600623470163)
(47.0, 154.0, 27.556588088662686)
(47.0, 155.0, 24.799170543290327)
(47.0, 156.0, 25.233525507650821)
(47.0, 157.0, 28.806588721500958)
(47.0, 158.0, 28.050898854466539)
(47.0, 159.0, 27.858889980059072)
(47.0, 160.0, 25.924062932574071)
(47.0, 161.0, 26.48529506495327)
(47.0, 162.0, 25.783018729101407)
(47.0, 163.0, 24.120495839980606)
(47.0, 164.0, 24.777240364563102)
(47.0, 165.0, 26.117318733558399)
(47.0, 166.0, 27.764430125419175)
(47.0, 167.0, 25.246903351590703)
(47.0, 168.0, 24.7310792240533)
(47.0, 169.0, 27.316940412588306)
(47.0, 170.0, 24.435875520160746)
(47.0, 171.0, 26.995402385189134)
(47.0, 172.0, 27.34975952401939)
(47.0, 173.0, 26.840543094344362)
(47.0, 174.0, 21.672558510902327)
(47.0, 175.0, 26.938094398333259)
(47.0, 176.0, 25.187461842914132)
(47.0, 177.0, 27.017683351697382)
(47.0, 178.0, 24.747587613356309)
(47.0, 179.0, 27.115649733405419)
(47.0, 180.0, 25.213026574853917)
(47.0, 181.0, 26.981564479500921)
(47.0, 182.0, 26.600305823021291)
(47.0, 183.0, 25.912254973203318)
(47.0, 184.0, 23.570575478791802)
(47.0, 185.0, 26.323921490085958)
(47.0, 186.0, 25.643372484709481)
(47.0, 187.0, 26.876142015854011)
(47.0, 188.0, 25.39257816931315)
(47.0, 189.0, 29.415557757807729)
(47.0, 190.0, 26.531533336540608)
(47.0, 191.0, 24.254145629729614)
(47.0, 192.0, 26.915953300279895)
(47.0, 193.0, 24.841504374028471)
(47.0, 194.0, 28.367629888062467)
(47.0, 195.0, 28.327497928150351)
(47.0, 196.0, 24.765903791960827)
(47.0, 197.0, 27.711485901197303)
(47.0, 198.0, 26.614759476109448)
(47.0, 199.0, 25.600681420463399)
(48.0, 0.0, 21.451189737140517)
(48.0, 1.0, 27.390072026688216)
(48.0, 2.0, 22.838750515866657)
(48.0, 3.0, 27.061121971901233)
(48.0, 4.0, 25.0632295172014)
(48.0, 5.0, 25.398861677268901)
(48.0, 6.0, 27.876193846322195)
(48.0, 7.0, 27.835462231501104)
(48.0, 8.0, 22.675689242172531)
(48.0, 9.0, 27.117377639183989)
(48.0, 10.0, 24.787988917288065)
(48.0, 11.0, 26.865977637679698)
(48.0, 12.0, 26.381397273914768)
(48.0, 13.0, 27.119740319303688)
(48.0, 14.0, 26.042623530087386)
(48.0, 15.0, 25.380720579602219)
(48.0, 16.0, 23.75913396288572)
(48.0, 17.0, 26.988233877726916)
(48.0, 18.0, 26.896420884949642)
(48.0, 19.0, 29.830425151283389)
(48.0, 20.0, 26.754602578987907)
(48.0, 21.0, 26.33648989677398)
(48.0, 22.0, 26.981659443478176)
(48.0, 23.0, 29.659514912045921)
(48.0, 24.0, 19.95675276151146)
(48.0, 25.0, 21.722958649240706)
(48.0, 26.0, 25.892501621871794)
(48.0, 27.0, 30.286935565738208)
(48.0, 28.0, 27.043602918894845)
(48.0, 29.0, 25.971350832530888)
(48.0, 30.0, 25.777762708721568)
(48.0, 31.0, 24.34699393453349)
(48.0, 32.0, 26.067026106978062)
(48.0, 33.0, 25.244788696729202)
(48.0, 34.0, 26.978383470864284)
(48.0, 35.0, 27.492352050096851)
(48.0, 36.0, 23.812000235638521)
(48.0, 37.0, 25.939737912090955)
(48.0, 38.0, 27.107228605664805)
(48.0, 39.0, 21.902397887817894)
(48.0, 40.0, 23.930303467851964)
(48.0, 41.0, 25.796734090557575)
(48.0, 42.0, 24.23989831142876)
(48.0, 43.0, 27.89501348573139)
(48.0, 44.0, 29.311509864338106)
(48.0, 45.0, 26.260999769602677)
(48.0, 46.0, 26.679410071939145)
(48.0, 47.0, 26.428770448906779)
(48.0, 48.0, 24.613687867356717)
(48.0, 49.0, 27.61590357755539)
(48.0, 50.0, 28.264768893042124)
(48.0, 51.0, 27.861207219201226)
(48.0, 52.0, 27.957976007696946)
(48.0, 53.0, 24.41497443104705)
(48.0, 54.0, 24.065442291974655)
(48.0, 55.0, 25.976081922642106)
(48.0, 56.0, 26.392607106063437)
(48.0, 57.0, 26.311125398385396)
(48.0, 58.0, 24.926093911609158)
(48.0, 59.0, 26.027427634299972)
(48.0, 60.0, 27.334819863611258)
(48.0, 61.0, 22.890582041331371)
(48.0, 62.0, 26.499655502534388)
(48.0, 63.0, 25.047803477593828)
(48.0, 64.0, 22.630549600874602)
(48.0, 65.0, 25.037757817489442)
(48.0, 66.0, 25.141984349265154)
(48.0, 67.0, 24.614735993606423)
(48.0, 68.0, 27.212097646071381)
(48.0, 69.0, 27.456992470956667)
(48.0, 70.0, 28.124341281391349)
(48.0, 71.0, 25.668112876419404)
(48.0, 72.0, 24.622412368130515)
(48.0, 73.0, 24.63759145255144)
(48.0, 74.0, 25.266948595029167)
(48.0, 75.0, 27.588160541692773)
(48.0, 76.0, 26.719723344337481)
(48.0, 77.0, 22.743678713627279)
(48.0, 78.0, 24.746884283315588)
(48.0, 79.0, 24.263153972149478)
(48.0, 80.0, 28.095668438303015)
(48.0, 81.0, 21.794916505958753)
(48.0, 82.0, 21.905341415242574)
(48.0, 83.0, 24.842173444469623)
(48.0, 84.0, 27.828970819092746)
(48.0, 85.0, 27.146178883934205)
(48.0, 86.0, 27.032119412484406)
(48.0, 87.0, 24.319427836409339)
(48.0, 88.0, 26.268003229928642)
(48.0, 89.0, 27.337491655832242)
(48.0, 90.0, 25.165384714412003)
(48.0, 91.0, 26.478635611861105)
(48.0, 92.0, 24.712979271148967)
(48.0, 93.0, 25.512706611939937)
(48.0, 94.0, 25.966845453668743)
(48.0, 95.0, 23.969294108867846)
(48.0, 96.0, 23.252721545650189)
(48.0, 97.0, 26.311218556664095)
(48.0, 98.0, 24.274851143386144)
(48.0, 99.0, 26.469978338785445)
(48.0, 100.0, 27.299124599045406)
(48.0, 101.0, 24.205067889028186)
(48.0, 102.0, 26.480379022149233)
(48.0, 103.0, 28.06101774625283)
(48.0, 104.0, 27.995369707527605)
(48.0, 105.0, 25.339305611374904)
(48.0, 106.0, 27.260582377641313)
(48.0, 107.0, 24.54200613158952)
(48.0, 108.0, 27.126188457953958)
(48.0, 109.0, 24.539787052646599)
(48.0, 110.0, 25.20445039241746)
(48.0, 111.0, 26.329377297394423)
(48.0, 112.0, 28.819496417228727)
(48.0, 113.0, 25.140936415525168)
(48.0, 114.0, 26.855303804292006)
(48.0, 115.0, 26.914341756532885)
(48.0, 116.0, 23.085526296057267)
(48.0, 117.0, 24.61362123245846)
(48.0, 118.0, 27.346853270460251)
(48.0, 119.0, 25.708818433669254)
(48.0, 120.0, 25.961693351598917)
(48.0, 121.0, 27.015409729213353)
(48.0, 122.0, 26.035189567316571)
(48.0, 123.0, 28.163037282288439)
(48.0, 124.0, 25.670517473817675)
(48.0, 125.0, 28.847427808149913)
(48.0, 126.0, 25.962517398920031)
(48.0, 127.0, 26.510729189942928)
(48.0, 128.0, 24.32129948498444)
(48.0, 129.0, 28.862308231573188)
(48.0, 130.0, 26.566858252305483)
(48.0, 131.0, 25.442407699112771)
(48.0, 132.0, 22.079518143696419)
(48.0, 133.0, 23.01638621119756)
(48.0, 134.0, 26.626639656689804)
(48.0, 135.0, 25.063027197902557)
(48.0, 136.0, 27.440161275461488)
(48.0, 137.0, 24.309700933446955)
(48.0, 138.0, 22.514553709787062)
(48.0, 139.0, 28.949605810114061)
(48.0, 140.0, 29.049970455777181)
(48.0, 141.0, 25.773567699003326)
(48.0, 142.0, 27.890094711307952)
(48.0, 143.0, 28.068745063416948)
(48.0, 144.0, 24.884717365061263)
(48.0, 145.0, 26.574326701061409)
(48.0, 146.0, 29.515162427550116)
(48.0, 147.0, 23.032432668780267)
(48.0, 148.0, 25.402948541847003)
(48.0, 149.0, 27.96105283231466)
(48.0, 150.0, 29.962460639797943)
(48.0, 151.0, 29.311756105565411)
(48.0, 152.0, 25.46105811740312)
(48.0, 153.0, 28.679021207519583)
(48.0, 154.0, 26.249037621102616)
(48.0, 155.0, 28.970913958056848)
(48.0, 156.0, 26.744413566126074)
(48.0, 157.0, 29.806687683986599)
(48.0, 158.0, 28.247033188156387)
(48.0, 159.0, 26.339879225693416)
(48.0, 160.0, 25.204290356142668)
(48.0, 161.0, 27.043565374701373)
(48.0, 162.0, 26.009167938410638)
(48.0, 163.0, 24.426638251963798)
(48.0, 164.0, 26.297613738617017)
(48.0, 165.0, 27.007256797736211)
(48.0, 166.0, 27.203103490495721)
(48.0, 167.0, 25.370728670876613)
(48.0, 168.0, 26.461255632775732)
(48.0, 169.0, 25.615947631410044)
(48.0, 170.0, 23.386692323417527)
(48.0, 171.0, 26.189240966482114)
(48.0, 172.0, 27.916290605797592)
(48.0, 173.0, 27.533525289940858)
(48.0, 174.0, 24.592319769460161)
(48.0, 175.0, 27.096779976698048)
(48.0, 176.0, 26.534397165854816)
(48.0, 177.0, 27.151895373498764)
(48.0, 178.0, 26.081306148782733)
(48.0, 179.0, 27.473661642375987)
(48.0, 180.0, 25.892772080839666)
(48.0, 181.0, 26.928741594556335)
(48.0, 182.0, 26.906010994244998)
(48.0, 183.0, 25.439650865486531)
(48.0, 184.0, 24.652163528412881)
(48.0, 185.0, 24.398948256019544)
(48.0, 186.0, 24.523640795027323)
(48.0, 187.0, 26.920455327802973)
(48.0, 188.0, 26.568422774113348)
(48.0, 189.0, 27.745928645697816)
(48.0, 190.0, 27.362164048755794)
(48.0, 191.0, 24.967722310822055)
(48.0, 192.0, 24.098226658896735)
(48.0, 193.0, 27.561964456676574)
(48.0, 194.0, 26.604008639076568)
(48.0, 195.0, 27.207727836038217)
(48.0, 196.0, 26.600867437141869)
(48.0, 197.0, 25.852837403675096)
(48.0, 198.0, 25.647714084027406)
(48.0, 199.0, 25.889116659172316)
(49.0, 0.0, 19.497928666508727)
(49.0, 1.0, 25.085564978498294)
(49.0, 2.0, 22.179209396969195)
(49.0, 3.0, 24.140866428021226)
(49.0, 4.0, 22.638536839434593)
(49.0, 5.0, 23.013119385968924)
(49.0, 6.0, 25.685158932234394)
(49.0, 7.0, 26.244914567778473)
(49.0, 8.0, 21.707488722282108)
(49.0, 9.0, 26.061924236020651)
(49.0, 10.0, 22.456185466632853)
(49.0, 11.0, 24.593739338118283)
(49.0, 12.0, 24.737882687032897)
(49.0, 13.0, 23.674970223715935)
(49.0, 14.0, 24.894968038903301)
(49.0, 15.0, 20.898279344831039)
(49.0, 16.0, 22.6613479059973)
(49.0, 17.0, 24.695677869710622)
(49.0, 18.0, 24.444785534011526)
(49.0, 19.0, 27.721283107262199)
(49.0, 20.0, 24.971782670873928)
(49.0, 21.0, 24.229865547227121)
