(24.0, 45.0, 25.225984571766272)
(24.0, 46.0, 24.852488091437198)
(24.0, 47.0, 25.135938968161184)
(24.0, 48.0, 23.338301767485373)
(24.0, 49.0, 27.887102761245814)
(24.0, 50.0, 26.801765452408905)
(24.0, 51.0, 26.069153181106493)
(24.0, 52.0, 23.976615888020007)
(24.0, 53.0, 24.929175821600889)
(24.0, 54.0, 24.623550846773604)
(24.0, 55.0, 23.880052922243692)
(24.0, 56.0, 25.542928847940473)
(24.0, 57.0, 25.70842092889626)
(24.0, 58.0, 23.934399774089144)
(24.0, 59.0, 23.696726305057226)
(24.0, 60.0, 26.823929554189974)
(24.0, 61.0, 23.513360697111771)
(24.0, 62.0, 25.358396595740523)
(24.0, 63.0, 24.699829680046445)
(24.0, 64.0, 22.046765086328246)
(24.0, 65.0, 24.732915283111815)
(24.0, 66.0, 25.405733238176019)
(24.0, 67.0, 24.305750142310064)
(24.0, 68.0, 27.074803267704699)
(24.0, 69.0, 25.526078015810505)
(24.0, 70.0, 26.859446903707223)
(24.0, 71.0, 23.201651705881705)
(24.0, 72.0, 22.77436497946994)
(24.0, 73.0, 22.327119929695019)
(24.0, 74.0, 24.900599926859424)
(24.0, 75.0, 26.37853621176999)
(24.0, 76.0, 24.617885127183889)
(24.0, 77.0, 23.585284368469303)
(24.0, 78.0, 25.657274811569078)
(24.0, 79.0, 25.254210820882633)
(24.0, 80.0, 26.877001635576672)
(24.0, 81.0, 21.04297920924424)
(24.0, 82.0, 21.782492711449741)
(24.0, 83.0, 24.315314692950089)
(24.0, 84.0, 26.665998224792318)
(24.0, 85.0, 25.369906630580672)
(24.0, 86.0, 27.349846695024706)
(24.0, 87.0, 23.441883715671867)
(24.0, 88.0, 25.919686550283984)
(24.0, 89.0, 26.607250414043701)
(24.0, 90.0, 26.342579915838108)
(24.0, 91.0, 24.376796694783909)
(24.0, 92.0, 23.968734758471637)
(24.0, 93.0, 25.226878498305126)
(24.0, 94.0, 25.960118756873953)
(24.0, 95.0, 25.304317145173624)
(24.0, 96.0, 24.343316889466951)
(24.0, 97.0, 26.211989444544482)
(24.0, 98.0, 22.062738682979933)
(24.0, 99.0, 26.299868609462184)
(24.0, 100.0, 26.046244662878202)
(24.0, 101.0, 22.719614551856267)
(24.0, 102.0, 25.00305441045753)
(24.0, 103.0, 27.736984547941688)
(24.0, 104.0, 27.276205773835322)
(24.0, 105.0, 25.455061787009754)
(24.0, 106.0, 24.476820935387032)
(24.0, 107.0, 24.982394606224275)
(24.0, 108.0, 25.21728857787333)
(24.0, 109.0, 23.925108584992351)
(24.0, 110.0, 23.877391141339409)
(24.0, 111.0, 26.677737497846945)
(24.0, 112.0, 26.315651425150396)
(24.0, 113.0, 24.975564090548517)
(24.0, 114.0, 27.889456912712109)
(24.0, 115.0, 25.286068665326113)
(24.0, 116.0, 21.674183701061704)
(24.0, 117.0, 22.595331943416895)
(24.0, 118.0, 26.89952936159575)
(24.0, 119.0, 25.59609499500575)
(24.0, 120.0, 25.867786698633736)
(24.0, 121.0, 25.684506152075738)
(24.0, 122.0, 24.831157895765372)
(24.0, 123.0, 26.316979156647029)
(24.0, 124.0, 25.106397130562627)
(24.0, 125.0, 26.749174528172578)
(24.0, 126.0, 25.224676520038088)
(24.0, 127.0, 26.186295336097022)
(24.0, 128.0, 23.992961602531562)
(24.0, 129.0, 25.44789790494341)
(24.0, 130.0, 25.595577552549678)
(24.0, 131.0, 26.047803505667545)
(24.0, 132.0, 21.366559356068358)
(24.0, 133.0, 21.566700444870641)
(24.0, 134.0, 25.790031273890072)
(24.0, 135.0, 24.431464600993348)
(24.0, 136.0, 24.113950390879815)
(24.0, 137.0, 24.743455747318013)
(24.0, 138.0, 23.177027375863918)
(24.0, 139.0, 29.03086562882649)
(24.0, 140.0, 29.323907310808423)
(24.0, 141.0, 24.997126202793037)
(24.0, 142.0, 24.55233090087323)
(24.0, 143.0, 26.886529328918929)
(24.0, 144.0, 23.358517589126023)
(24.0, 145.0, 27.226571550361363)
(24.0, 146.0, 28.012432126522391)
(24.0, 147.0, 22.814438595775375)
(24.0, 148.0, 25.151912810554137)
(24.0, 149.0, 27.318460490349786)
(24.0, 150.0, 27.497840787834598)
(24.0, 151.0, 29.195342233659211)
(24.0, 152.0, 24.991862696223144)
(24.0, 153.0, 27.354244380319059)
(24.0, 154.0, 26.94666283911284)
(24.0, 155.0, 27.15838804917075)
(24.0, 156.0, 26.161385701009969)
(24.0, 157.0, 27.788804173928789)
(24.0, 158.0, 28.705410321078766)
(24.0, 159.0, 25.213259005172326)
(24.0, 160.0, 23.120299277916335)
(24.0, 161.0, 26.612572464675544)
(24.0, 162.0, 25.72543005104545)
(24.0, 163.0, 22.498319911659227)
(24.0, 164.0, 26.427749074494926)
(24.0, 165.0, 25.437119596375233)
(24.0, 166.0, 27.936531098500563)
(24.0, 167.0, 25.349415436887334)
(24.0, 168.0, 26.113561798889826)
(24.0, 169.0, 25.848823516701181)
(24.0, 170.0, 23.578447137811349)
(24.0, 171.0, 27.956041881338813)
(24.0, 172.0, 27.285614630041298)
(24.0, 173.0, 24.35837372195256)
(24.0, 174.0, 23.284523899890935)
(24.0, 175.0, 26.100075463641808)
(24.0, 176.0, 24.982295237442969)
(24.0, 177.0, 28.246227983259249)
(24.0, 178.0, 22.58993818721807)
(24.0, 179.0, 26.447639517969346)
(24.0, 180.0, 24.983291698249332)
(24.0, 181.0, 27.922179595820015)
(24.0, 182.0, 27.037935025112539)
(24.0, 183.0, 23.658664334837006)
(24.0, 184.0, 23.091462557809258)
(24.0, 185.0, 24.506910635769639)
(24.0, 186.0, 25.233640998614401)
(24.0, 187.0, 26.366447259545716)
(24.0, 188.0, 24.982966791118489)
(24.0, 189.0, 25.647785231175526)
(24.0, 190.0, 26.650925554317347)
(24.0, 191.0, 27.379365464741518)
(24.0, 192.0, 25.043851391368896)
(24.0, 193.0, 27.049692431639322)
(24.0, 194.0, 26.179257214802206)
(24.0, 195.0, 24.659853659233477)
(24.0, 196.0, 25.888835209568423)
(24.0, 197.0, 25.697868174431338)
(24.0, 198.0, 23.646095075217925)
(24.0, 199.0, 24.219002490335249)
(25.0, 0.0, 19.315465083636155)
(25.0, 1.0, 21.870826934954753)
(25.0, 2.0, 20.464980468177682)
(25.0, 3.0, 22.516690116763961)
(25.0, 4.0, 20.532796160047603)
(25.0, 5.0, 22.336851149234725)
(25.0, 6.0, 22.653293313564355)
(25.0, 7.0, 23.295656943039067)
(25.0, 8.0, 18.059184129933335)
(25.0, 9.0, 21.618119712625809)
(25.0, 10.0, 20.414865334425521)
(25.0, 11.0, 22.094319788219153)
(25.0, 12.0, 19.941097776429018)
(25.0, 13.0, 22.169969114622234)
(25.0, 14.0, 21.838387282834198)
(25.0, 15.0, 20.313530017835216)
(25.0, 16.0, 20.178963574099182)
(25.0, 17.0, 23.600608409773674)
(25.0, 18.0, 23.09368407463668)
(25.0, 19.0, 24.274099570811053)
(25.0, 20.0, 21.226246755280265)
(25.0, 21.0, 20.332750765967525)
(25.0, 22.0, 22.901548864886266)
(25.0, 23.0, 22.153507363831537)
(25.0, 24.0, 16.711259151393719)
(25.0, 25.0, 18.127232375879878)
(25.0, 26.0, 20.622698720890696)
(25.0, 27.0, 24.262164260852828)
(25.0, 28.0, 23.323210934765495)
(25.0, 29.0, 20.644139563732928)
(25.0, 30.0, 21.226570558480432)
(25.0, 31.0, 20.104823312552895)
(25.0, 32.0, 22.501938074782238)
(25.0, 33.0, 21.332897545138955)
(25.0, 34.0, 21.36173356739025)
(25.0, 35.0, 22.115030865882289)
(25.0, 36.0, 20.638292070073401)
(25.0, 37.0, 24.44970009384808)
(25.0, 38.0, 23.120648896099397)
(25.0, 39.0, 19.20277125338303)
(25.0, 40.0, 20.448974737686807)
(25.0, 41.0, 20.941811329618144)
(25.0, 42.0, 20.667542342250442)
(25.0, 43.0, 22.391234316895666)
(25.0, 44.0, 23.65794601021134)
(25.0, 45.0, 22.825753572016744)
(25.0, 46.0, 21.67436506730348)
(25.0, 47.0, 19.856658745061289)
(25.0, 48.0, 20.665311938108225)
(25.0, 49.0, 23.194088086235965)
(25.0, 50.0, 22.167697165074557)
(25.0, 51.0, 22.972085427558127)
(25.0, 52.0, 21.868572437263872)
(25.0, 53.0, 20.639144820649864)
(25.0, 54.0, 21.160694560380211)
(25.0, 55.0, 20.274839788106789)
(25.0, 56.0, 23.492878705493304)
(25.0, 57.0, 20.816882354119496)
(25.0, 58.0, 19.971470948887479)
(25.0, 59.0, 20.515970310379789)
(25.0, 60.0, 23.956595866619278)
(25.0, 61.0, 20.251831300749288)
(25.0, 62.0, 22.693323080482902)
(25.0, 63.0, 20.083241888816268)
(25.0, 64.0, 19.808835167073315)
(25.0, 65.0, 21.900825722747879)
(25.0, 66.0, 20.977738313106265)
(25.0, 67.0, 20.879822457152372)
(25.0, 68.0, 23.042611013160862)
(25.0, 69.0, 21.026475075932574)
(25.0, 70.0, 23.203680649755956)
(25.0, 71.0, 21.535567245094541)
(25.0, 72.0, 18.970460906023533)
(25.0, 73.0, 20.397233383951349)
(25.0, 74.0, 21.636926639729023)
(25.0, 75.0, 21.314359441658318)
(25.0, 76.0, 20.921960431889914)
(25.0, 77.0, 19.165026924147273)
(25.0, 78.0, 21.682726146799226)
(25.0, 79.0, 21.475496473355207)
(25.0, 80.0, 22.412423521841891)
(25.0, 81.0, 18.381930368266083)
(25.0, 82.0, 18.224871329910787)
(25.0, 83.0, 21.203039851643148)
(25.0, 84.0, 21.763993159792989)
(25.0, 85.0, 21.757277315776339)
(25.0, 86.0, 23.662138105595844)
(25.0, 87.0, 19.903030670698289)
(25.0, 88.0, 21.711834221018634)
(25.0, 89.0, 22.249643633148423)
(25.0, 90.0, 21.695638743852079)
(25.0, 91.0, 19.286607385866681)
(25.0, 92.0, 19.491175028591783)
(25.0, 93.0, 23.635275998987865)
(25.0, 94.0, 21.832858619795104)
(25.0, 95.0, 20.804836645533662)
(25.0, 96.0, 18.986176966611794)
(25.0, 97.0, 21.605626147037452)
(25.0, 98.0, 20.131248289543066)
(25.0, 99.0, 21.170637144717293)
(25.0, 100.0, 21.955857072208246)
(25.0, 101.0, 19.985736766097268)
(25.0, 102.0, 21.935261552788248)
(25.0, 103.0, 23.130671256192869)
(25.0, 104.0, 22.661330217988301)
(25.0, 105.0, 20.252163028402794)
(25.0, 106.0, 20.675651595360399)
(25.0, 107.0, 20.872857039084082)
(25.0, 108.0, 20.619316873440429)
(25.0, 109.0, 21.434659256027011)
(25.0, 110.0, 20.322760242379793)
(25.0, 111.0, 23.170887639261466)
(25.0, 112.0, 23.303808058126574)
(25.0, 113.0, 23.067698730443201)
(25.0, 114.0, 21.281973560772592)
(25.0, 115.0, 22.793043810250715)
(25.0, 116.0, 19.970513350275585)
(25.0, 117.0, 18.287365931878195)
(25.0, 118.0, 23.128988104663698)
(25.0, 119.0, 20.586595325380127)
(25.0, 120.0, 21.991796947830814)
(25.0, 121.0, 21.95593094217892)
(25.0, 122.0, 21.612503807821007)
(25.0, 123.0, 24.464583041929988)
(25.0, 124.0, 22.461680748648828)
(25.0, 125.0, 23.160687424519068)
(25.0, 126.0, 20.134463916011072)
(25.0, 127.0, 23.120531853989881)
(25.0, 128.0, 20.294797010283588)
(25.0, 129.0, 22.551379229046141)
(25.0, 130.0, 22.232961796050184)
(25.0, 131.0, 21.104959331162171)
(25.0, 132.0, 18.520642433394073)
(25.0, 133.0, 20.977813507503843)
(25.0, 134.0, 22.355966053406917)
(25.0, 135.0, 21.826883271801499)
(25.0, 136.0, 22.815060119188541)
(25.0, 137.0, 22.312547553080087)
(25.0, 138.0, 19.894537876858553)
(25.0, 139.0, 23.601373532969127)
(25.0, 140.0, 22.776783186079211)
(25.0, 141.0, 21.938294582874324)
(25.0, 142.0, 21.620846196066996)
(25.0, 143.0, 22.809889481401637)
(25.0, 144.0, 21.527818201737407)
(25.0, 145.0, 21.963388198904866)
(25.0, 146.0, 24.065192477270386)
(25.0, 147.0, 20.286906899890035)
(25.0, 148.0, 20.671601820552002)
(25.0, 149.0, 22.656613638748883)
(25.0, 150.0, 25.005217544482754)
(25.0, 151.0, 23.772610316637305)
(25.0, 152.0, 21.314398244441563)
(25.0, 153.0, 24.689620714783207)
(25.0, 154.0, 22.635558451494838)
(25.0, 155.0, 21.795100202290612)
(25.0, 156.0, 22.361341629726056)
(25.0, 157.0, 25.156422105630909)
(25.0, 158.0, 22.792207873218654)
(25.0, 159.0, 22.922809360427401)
(25.0, 160.0, 21.726776447392933)
(25.0, 161.0, 21.683629546177862)
(25.0, 162.0, 20.850140847631728)
(25.0, 163.0, 19.255595777943668)
(25.0, 164.0, 22.769581433009357)
(25.0, 165.0, 21.613206177741652)
(25.0, 166.0, 23.293788466561054)
(25.0, 167.0, 22.131500374994179)
(25.0, 168.0, 22.731309833699829)
(25.0, 169.0, 22.992028061488519)
(25.0, 170.0, 21.180119990778426)
(25.0, 171.0, 22.263050911841354)
(25.0, 172.0, 23.318778149547473)
(25.0, 173.0, 22.66743391721776)
(25.0, 174.0, 17.99776376678517)
(25.0, 175.0, 22.741443684598721)
(25.0, 176.0, 20.594890863607084)
(25.0, 177.0, 21.739512512211832)
(25.0, 178.0, 20.637344171150083)
(25.0, 179.0, 23.683268440311565)
(25.0, 180.0, 22.156442688042684)
(25.0, 181.0, 23.152919590596625)
(25.0, 182.0, 23.325377162685335)
(25.0, 183.0, 21.014186273065711)
(25.0, 184.0, 20.884430894138521)
(25.0, 185.0, 21.166501951433773)
(25.0, 186.0, 22.028760919678874)
(25.0, 187.0, 24.276938132873397)
(25.0, 188.0, 21.278149733081097)
(25.0, 189.0, 23.670208973284719)
(25.0, 190.0, 23.31098075313006)
(25.0, 191.0, 21.135085024257727)
(25.0, 192.0, 21.395330670626663)
(25.0, 193.0, 21.467057915425926)
(25.0, 194.0, 23.122629288751604)
(25.0, 195.0, 22.608542508528494)
(25.0, 196.0, 21.616134612691376)
(25.0, 197.0, 22.055335467597772)
(25.0, 198.0, 20.719463375821228)
(25.0, 199.0, 22.009878182103044)
(26.0, 0.0, 24.388725329264929)
(26.0, 1.0, 27.548924259999414)
(26.0, 2.0, 25.637320785111669)
(26.0, 3.0, 28.700127189107327)
(26.0, 4.0, 23.814181491208952)
(26.0, 5.0, 27.088207037188177)
(26.0, 6.0, 28.504126979124326)
(26.0, 7.0, 28.142699848021554)
(26.0, 8.0, 24.646065279293655)
(26.0, 9.0, 28.422659050956483)
(26.0, 10.0, 24.433006273195474)
(26.0, 11.0, 28.320354861906175)
(26.0, 12.0, 26.340309708794109)
(26.0, 13.0, 28.093022404213627)
(26.0, 14.0, 26.161063879174833)
(26.0, 15.0, 24.908157602270272)
(26.0, 16.0, 24.279188081130311)
(26.0, 17.0, 28.482515686776892)
(26.0, 18.0, 27.481885746050558)
(26.0, 19.0, 31.826742066743272)
(26.0, 20.0, 28.505507328029012)
(26.0, 21.0, 25.562949667243817)
(26.0, 22.0, 28.984784212289728)
(26.0, 23.0, 29.871530486313446)
(26.0, 24.0, 20.975629233283698)
(26.0, 25.0, 23.606127735543559)
(26.0, 26.0, 25.145201500941159)
(26.0, 27.0, 30.818847843762732)
(26.0, 28.0, 26.065383248997989)
(26.0, 29.0, 26.763497165465967)
(26.0, 30.0, 25.592874133877412)
(26.0, 31.0, 26.670998635316781)
(26.0, 32.0, 27.831211151611271)
(26.0, 33.0, 26.483810268398553)
(26.0, 34.0, 25.838669060126286)
(26.0, 35.0, 28.286524439163809)
(26.0, 36.0, 24.678000111187703)
(26.0, 37.0, 28.197756218366514)
(26.0, 38.0, 29.991790897782231)
(26.0, 39.0, 24.003649684719104)
(26.0, 40.0, 25.573532645037631)
(26.0, 41.0, 27.584883900596942)
(26.0, 42.0, 27.115366626370871)
(26.0, 43.0, 27.487186936657309)
(26.0, 44.0, 28.957109583829219)
(26.0, 45.0, 27.980545885603995)
(26.0, 46.0, 27.169704458562368)
(26.0, 47.0, 25.901840577226409)
(26.0, 48.0, 25.083924974247726)
(26.0, 49.0, 28.449360869441907)
(26.0, 50.0, 28.255453293847012)
(26.0, 51.0, 27.205292096810272)
(26.0, 52.0, 27.710516257078964)
(26.0, 53.0, 26.708645412037324)
(26.0, 54.0, 25.612970531093957)
(26.0, 55.0, 26.788169417819617)
(26.0, 56.0, 28.087121332524898)
(26.0, 57.0, 28.399351164645925)
(26.0, 58.0, 27.184334607246878)
(26.0, 59.0, 26.263637761985407)
(26.0, 60.0, 27.820428388499181)
(26.0, 61.0, 25.433608666622014)
(26.0, 62.0, 26.90044897929727)
(26.0, 63.0, 26.810430820761649)
(26.0, 64.0, 25.711071298166051)
(26.0, 65.0, 26.225050983587568)
(26.0, 66.0, 25.103821554929016)
(26.0, 67.0, 26.221351589841621)
(26.0, 68.0, 28.874599916452791)
(26.0, 69.0, 28.133974474601143)
(26.0, 70.0, 29.816623582034552)
(26.0, 71.0, 26.123192459340462)
(26.0, 72.0, 24.103464455791386)
(26.0, 73.0, 23.382357785303135)
(26.0, 74.0, 26.438900512513484)
(26.0, 75.0, 28.711600680255334)
(26.0, 76.0, 25.4755023922242)
(26.0, 77.0, 24.741725923074178)
(26.0, 78.0, 26.776192420738333)
(26.0, 79.0, 25.669723820113681)
(26.0, 80.0, 30.473850285464238)
(26.0, 81.0, 21.010022404266575)
(26.0, 82.0, 22.978717712204652)
(26.0, 83.0, 26.571212458001792)
(26.0, 84.0, 29.475521730098045)
(26.0, 85.0, 27.558275263791778)
(26.0, 86.0, 30.501418974890232)
(26.0, 87.0, 26.001523105431524)
(26.0, 88.0, 28.971173888277644)
(26.0, 89.0, 28.743801127537907)
(26.0, 90.0, 28.781661494868246)
(26.0, 91.0, 26.593587657825672)
(26.0, 92.0, 24.222174943985429)
(26.0, 93.0, 29.304064237372899)
(26.0, 94.0, 29.123227344676419)
(26.0, 95.0, 25.785467806132761)
(26.0, 96.0, 25.48344116422016)
(26.0, 97.0, 27.464743271610761)
(26.0, 98.0, 26.085855728177741)
(26.0, 99.0, 28.019268570189361)
(26.0, 100.0, 27.784048049175016)
(26.0, 101.0, 24.556276625335489)
(26.0, 102.0, 28.913524657827018)
(26.0, 103.0, 28.595923102699164)
(26.0, 104.0, 29.263571481571997)
(26.0, 105.0, 27.138549321127549)
(26.0, 106.0, 26.929398447281827)
(26.0, 107.0, 26.192022396795451)
(26.0, 108.0, 26.592820793993024)
(26.0, 109.0, 25.781909302318041)
(26.0, 110.0, 27.751516714837408)
(26.0, 111.0, 28.917047077059298)
(26.0, 112.0, 29.791162830835741)
(26.0, 113.0, 27.740743637052681)
(26.0, 114.0, 29.256531396236788)
(26.0, 115.0, 25.182528436215723)
(26.0, 116.0, 25.144735810658318)
(26.0, 117.0, 24.818828472387953)
(26.0, 118.0, 28.518976797345729)
(26.0, 119.0, 27.181159422483066)
(26.0, 120.0, 28.513256446977863)
(26.0, 121.0, 27.639146055281525)
(26.0, 122.0, 28.024357336607633)
(26.0, 123.0, 29.252071018945792)
(26.0, 124.0, 26.768618714996745)
(26.0, 125.0, 29.092372872620142)
(26.0, 126.0, 27.780126917864536)
(26.0, 127.0, 28.940602291551361)
(26.0, 128.0, 26.153196501434213)
(26.0, 129.0, 29.668586910833366)
(26.0, 130.0, 26.92910946622246)
(26.0, 131.0, 27.729825126652951)
(26.0, 132.0, 23.173577461252155)
(26.0, 133.0, 25.01479472044511)
(26.0, 134.0, 28.757271933297446)
(26.0, 135.0, 27.391786700208748)
(26.0, 136.0, 26.624595564707313)
(26.0, 137.0, 27.421266119949895)
(26.0, 138.0, 24.438368783073713)
(26.0, 139.0, 30.237847183202028)
(26.0, 140.0, 29.276842716990711)
(26.0, 141.0, 28.142459704512504)
(26.0, 142.0, 27.963005601461823)
(26.0, 143.0, 27.268148472075467)
(26.0, 144.0, 27.691306987031815)
(26.0, 145.0, 27.249661646490672)
(26.0, 146.0, 29.496780236184382)
(26.0, 147.0, 24.153641636289699)
(26.0, 148.0, 26.085692018447972)
(26.0, 149.0, 29.147609846374458)
(26.0, 150.0, 31.093307270482317)
(26.0, 151.0, 32.500889316728056)
(26.0, 152.0, 28.282064641804926)
(26.0, 153.0, 30.226103673237983)
(26.0, 154.0, 29.155696826186112)
(26.0, 155.0, 29.38777875152639)
(26.0, 156.0, 28.508077303546528)
(26.0, 157.0, 29.621517628413766)
(26.0, 158.0, 30.400456851253296)
(26.0, 159.0, 27.511730602840569)
(26.0, 160.0, 25.648196469904072)
(26.0, 161.0, 28.193707125707203)
(26.0, 162.0, 29.095668456057737)
(26.0, 163.0, 25.326565021417835)
(26.0, 164.0, 25.858968180202137)
(26.0, 165.0, 28.302300711315205)
(26.0, 166.0, 29.17191625770446)
(26.0, 167.0, 27.588663660988274)
(26.0, 168.0, 28.014718065947768)
(26.0, 169.0, 26.030517640128217)
(26.0, 170.0, 25.427305012863368)
(26.0, 171.0, 28.52060219938884)
(26.0, 172.0, 30.370729076812601)
(26.0, 173.0, 27.947339873183619)
(26.0, 174.0, 24.582745075145034)
(26.0, 175.0, 27.658866773402917)
(26.0, 176.0, 26.608231146562098)
(26.0, 177.0, 29.543542133771869)
(26.0, 178.0, 26.286784543665213)
(26.0, 179.0, 30.419313078903659)
(26.0, 180.0, 27.553315807261537)
(26.0, 181.0, 28.734158185365477)
(26.0, 182.0, 28.670663791574611)
(26.0, 183.0, 26.337755064750702)
(26.0, 184.0, 26.712048158302093)
(26.0, 185.0, 27.093361532768785)
(26.0, 186.0, 27.976000838500198)
(26.0, 187.0, 30.673989823129681)
(26.0, 188.0, 25.922583832914569)
(26.0, 189.0, 30.325294401921685)
(26.0, 190.0, 28.919307176297885)
(26.0, 191.0, 28.596080278696569)
(26.0, 192.0, 26.948741613145145)
(26.0, 193.0, 28.338205555035451)
(26.0, 194.0, 28.902430595588033)
(26.0, 195.0, 29.066285429105065)
(26.0, 196.0, 28.318260826406021)
(26.0, 197.0, 29.410022880483776)
(26.0, 198.0, 27.844014806579082)
(26.0, 199.0, 26.474826478651337)
(27.0, 0.0, 20.18271241985936)
(27.0, 1.0, 24.252142146458016)
(27.0, 2.0, 23.409171494501706)
(27.0, 3.0, 27.168603419901775)
(27.0, 4.0, 23.984234577207161)
(27.0, 5.0, 25.600008742007596)
(27.0, 6.0, 27.226263689001058)
(27.0, 7.0, 25.811320306077278)
(27.0, 8.0, 22.554039045588787)
(27.0, 9.0, 25.839707597777753)
(27.0, 10.0, 24.310878338769264)
(27.0, 11.0, 24.768454278095039)
(27.0, 12.0, 25.049894422896514)
(27.0, 13.0, 26.517300251802123)
(27.0, 14.0, 23.699405699674536)
(27.0, 15.0, 23.254235764935164)
(27.0, 16.0, 22.764703843267629)
(27.0, 17.0, 25.870280245645294)
(27.0, 18.0, 24.32129363010451)
(27.0, 19.0, 28.766159933781889)
(27.0, 20.0, 24.381910473794484)
(27.0, 21.0, 24.470377734934591)
(27.0, 22.0, 25.695789988735712)
(27.0, 23.0, 27.235886754163243)
(27.0, 24.0, 20.885646122652062)
(27.0, 25.0, 20.908689030795699)
(27.0, 26.0, 22.315416152482676)
(27.0, 27.0, 28.46271584266854)
(27.0, 28.0, 25.293188092117031)
(27.0, 29.0, 25.441582063429799)
(27.0, 30.0, 23.00596214098757)
(27.0, 31.0, 21.938802798054631)
(27.0, 32.0, 26.320207013916569)
(27.0, 33.0, 23.096522168951442)
(27.0, 34.0, 25.242212262107316)
(27.0, 35.0, 25.347044112472862)
(27.0, 36.0, 23.016663406626392)
(27.0, 37.0, 24.486004483760009)
(27.0, 38.0, 24.920538774821324)
(27.0, 39.0, 23.595393609328628)
(27.0, 40.0, 23.191372315663685)
(27.0, 41.0, 26.422324590630367)
(27.0, 42.0, 24.159064302570592)
(27.0, 43.0, 26.165207783556195)
(27.0, 44.0, 27.543888259382371)
(27.0, 45.0, 24.906572313437991)
(27.0, 46.0, 25.148253890986595)
(27.0, 47.0, 24.807980673953974)
(27.0, 48.0, 23.575746976535957)
(27.0, 49.0, 27.628730569834381)
(27.0, 50.0, 27.909674104246655)
(27.0, 51.0, 27.746711694384892)
(27.0, 52.0, 25.86840913174122)
(27.0, 53.0, 23.131180737578951)
(27.0, 54.0, 23.065911806205484)
(27.0, 55.0, 23.778934140237183)
(27.0, 56.0, 26.169866790524509)
(27.0, 57.0, 24.569411148217302)
(27.0, 58.0, 24.529267109488593)
(27.0, 59.0, 25.608218398349891)
(27.0, 60.0, 25.84344401737302)
(27.0, 61.0, 23.077142595056866)
(27.0, 62.0, 26.068703200314868)
(27.0, 63.0, 23.414222837087888)
(27.0, 64.0, 23.250414074410351)
(27.0, 65.0, 23.98377491586341)
(27.0, 66.0, 22.795120750879139)
(27.0, 67.0, 25.760612593302376)
(27.0, 68.0, 25.966403527077226)
(27.0, 69.0, 25.102171965661295)
(27.0, 70.0, 25.069543355765475)
(27.0, 71.0, 23.879677562628562)
(27.0, 72.0, 22.469385328863801)
(27.0, 73.0, 22.578968506710215)
(27.0, 74.0, 23.760252302362531)
(27.0, 75.0, 26.264655268877956)
(27.0, 76.0, 23.630565366490334)
(27.0, 77.0, 22.255780136255535)
(27.0, 78.0, 26.184191179541401)
(27.0, 79.0, 23.390718323912967)
(27.0, 80.0, 26.599134951872525)
(27.0, 81.0, 20.733300431997787)
(27.0, 82.0, 21.482914272250881)
(27.0, 83.0, 22.596603583277808)
(27.0, 84.0, 27.162809378982832)
(27.0, 85.0, 26.545924765756126)
(27.0, 86.0, 24.808684228864056)
(27.0, 87.0, 23.686936199815072)
(27.0, 88.0, 26.668508602829867)
(27.0, 89.0, 24.761414439532054)
(27.0, 90.0, 24.978796328644645)
(27.0, 91.0, 24.549952111555378)
(27.0, 92.0, 22.663110739092939)
(27.0, 93.0, 25.157666233698365)
(27.0, 94.0, 26.400513901663022)
(27.0, 95.0, 23.15121332470116)
(27.0, 96.0, 22.767463089923844)
(27.0, 97.0, 23.970523999814166)
(27.0, 98.0, 22.919177143033188)
(27.0, 99.0, 25.735760721058821)
(27.0, 100.0, 27.877370417804347)
(27.0, 101.0, 22.449388899519654)
(27.0, 102.0, 25.262566744518452)
(27.0, 103.0, 25.468453747970578)
(27.0, 104.0, 27.334811974452474)
(27.0, 105.0, 25.61517859524772)
(27.0, 106.0, 23.553227777504922)
(27.0, 107.0, 23.907355445234455)
(27.0, 108.0, 24.3975998483421)
(27.0, 109.0, 23.19258412896659)
(27.0, 110.0, 25.583442618200415)
(27.0, 111.0, 26.199256836814573)
(27.0, 112.0, 26.18494223038115)
(27.0, 113.0, 25.064238645863199)
(27.0, 114.0, 26.192769235446846)
(27.0, 115.0, 25.149986282006566)
(27.0, 116.0, 22.628669471848255)
(27.0, 117.0, 21.664790390712618)
(27.0, 118.0, 28.15587364283445)
(27.0, 119.0, 25.518360760001855)
(27.0, 120.0, 25.543352663231502)
(27.0, 121.0, 26.787740029856359)
(27.0, 122.0, 25.35480444184606)
(27.0, 123.0, 26.459142023264729)
(27.0, 124.0, 26.33803925019291)
(27.0, 125.0, 26.12574949295367)
(27.0, 126.0, 26.016638344916089)
(27.0, 127.0, 24.853008358508653)
(27.0, 128.0, 23.6454878673789)
(27.0, 129.0, 27.847023694706458)
(27.0, 130.0, 24.529378505474099)
(27.0, 131.0, 26.207046874619614)
(27.0, 132.0, 21.07736020827106)
(27.0, 133.0, 23.151520706214697)
(27.0, 134.0, 25.091638652503487)
(27.0, 135.0, 26.564590236241674)
(27.0, 136.0, 25.865906397637502)
(27.0, 137.0, 25.480506036057339)
(27.0, 138.0, 22.727640510877517)
(27.0, 139.0, 26.939067452093497)
(27.0, 140.0, 29.697627846599936)
(27.0, 141.0, 24.833464087627618)
(27.0, 142.0, 23.332812635038923)
(27.0, 143.0, 25.837678221187037)
(27.0, 144.0, 24.661698678756252)
(27.0, 145.0, 24.195140526852803)
(27.0, 146.0, 28.318693123071704)
(27.0, 147.0, 21.420678693035676)
(27.0, 148.0, 25.190441295654967)
(27.0, 149.0, 25.737549546374826)
(27.0, 150.0, 26.71651238116003)
(27.0, 151.0, 27.884434865665813)
(27.0, 152.0, 25.318138935769774)
(27.0, 153.0, 26.335746317594086)
(27.0, 154.0, 24.84471815949767)
(27.0, 155.0, 25.658166115056598)
(27.0, 156.0, 26.13394161310935)
(27.0, 157.0, 28.816822276719446)
(27.0, 158.0, 26.739100444341279)
(27.0, 159.0, 25.061202208873151)
(27.0, 160.0, 24.294588586734317)
(27.0, 161.0, 22.954855777287385)
(27.0, 162.0, 25.59205876653909)
(27.0, 163.0, 23.038598244140665)
(27.0, 164.0, 24.356742344147207)
(27.0, 165.0, 25.684940540032528)
(27.0, 166.0, 25.997521686092021)
(27.0, 167.0, 25.088760410323502)
(27.0, 168.0, 25.095645985113713)
(27.0, 169.0, 24.875769011071544)
(27.0, 170.0, 24.143405214378159)
(27.0, 171.0, 25.947274345265757)
(27.0, 172.0, 27.4135985367102)
(27.0, 173.0, 26.215943524916181)
(27.0, 174.0, 22.065349211422294)
(27.0, 175.0, 27.319569528181994)
(27.0, 176.0, 24.558632810836453)
(27.0, 177.0, 27.524700403603813)
(27.0, 178.0, 21.467526081666882)
(27.0, 179.0, 26.111911533092862)
(27.0, 180.0, 24.882229462614326)
(27.0, 181.0, 24.740930109769931)
(27.0, 182.0, 25.102676623601937)
(27.0, 183.0, 25.340845270146151)
(27.0, 184.0, 25.789332643275166)
(27.0, 185.0, 24.845871774417457)
(27.0, 186.0, 23.445599851100173)
(27.0, 187.0, 27.211983327529882)
(27.0, 188.0, 24.397336645994486)
(27.0, 189.0, 28.205910241968375)
(27.0, 190.0, 25.235645850519184)
(27.0, 191.0, 24.26335723510055)
(27.0, 192.0, 24.117003016332568)
(27.0, 193.0, 23.982084795262658)
(27.0, 194.0, 25.076178188619863)
(27.0, 195.0, 25.636613026827316)
(27.0, 196.0, 26.903139545932344)
(27.0, 197.0, 25.525471139858528)
(27.0, 198.0, 23.752848391147403)
(27.0, 199.0, 25.079716272650611)
(28.0, 0.0, 24.553454839217657)
(28.0, 1.0, 25.356239664173788)
(28.0, 2.0, 24.922743906467137)
(28.0, 3.0, 25.702049129536412)
(28.0, 4.0, 21.123974037784464)
(28.0, 5.0, 26.32404358187371)
(28.0, 6.0, 27.782276062652002)
(28.0, 7.0, 26.089717674354166)
(28.0, 8.0, 21.358929176511079)
(28.0, 9.0, 26.876257208856131)
(28.0, 10.0, 24.866253397467226)
(28.0, 11.0, 27.339896347581657)
(28.0, 12.0, 26.554148542983377)
(28.0, 13.0, 25.878356998587673)
(28.0, 14.0, 26.090690203942525)
(28.0, 15.0, 22.473313899966925)
(28.0, 16.0, 24.934948150657313)
(28.0, 17.0, 25.962158558598354)
(28.0, 18.0, 26.322901448212015)
(28.0, 19.0, 30.0980100966765)
(28.0, 20.0, 24.975214481139471)
(28.0, 21.0, 24.169671862670281)
(28.0, 22.0, 27.898480558436901)
(28.0, 23.0, 27.312640021790425)
(28.0, 24.0, 21.448318822685319)
(28.0, 25.0, 22.633450352422063)
(28.0, 26.0, 24.127710055582885)
(28.0, 27.0, 28.667006458111871)
(28.0, 28.0, 25.221121801060903)
(28.0, 29.0, 24.193095917235517)
(28.0, 30.0, 24.826125043930265)
(28.0, 31.0, 23.011458198422012)
(28.0, 32.0, 26.500336492939184)
(28.0, 33.0, 26.184893675965256)
(28.0, 34.0, 27.095023570664058)
(28.0, 35.0, 26.780214935393111)
(28.0, 36.0, 22.447282142479818)
(28.0, 37.0, 26.328024054817938)
(28.0, 38.0, 26.306622052773115)
(28.0, 39.0, 24.182029675438883)
(28.0, 40.0, 22.601707141725974)
(28.0, 41.0, 25.738358523321963)
(28.0, 42.0, 25.406273421608685)
(28.0, 43.0, 27.076303995716618)
(28.0, 44.0, 28.469555274610642)
(28.0, 45.0, 28.25803530450365)
(28.0, 46.0, 24.297140770453392)
(28.0, 47.0, 24.358809294863946)
(28.0, 48.0, 23.749306211478498)
(28.0, 49.0, 29.08531518136132)
(28.0, 50.0, 28.890608689585655)
(28.0, 51.0, 28.247814137246163)
(28.0, 52.0, 27.463805241343959)
(28.0, 53.0, 26.044747421941576)
(28.0, 54.0, 23.69675899710662)
(28.0, 55.0, 25.51589608572943)
(28.0, 56.0, 26.617537839846161)
(28.0, 57.0, 23.891895018557349)
(28.0, 58.0, 23.85858132827676)
(28.0, 59.0, 26.623097425226796)
(28.0, 60.0, 28.089419601019912)
(28.0, 61.0, 25.391168162074656)
(28.0, 62.0, 27.588945856229319)
(28.0, 63.0, 25.207212032184955)
(28.0, 64.0, 22.864717609558557)
(28.0, 65.0, 25.443674207500109)
(28.0, 66.0, 25.393848601100839)
(28.0, 67.0, 26.370819078324342)
(28.0, 68.0, 27.264085013296388)
(28.0, 69.0, 25.51551519326177)
(28.0, 70.0, 26.634383139539846)
(28.0, 71.0, 23.599928707557954)
(28.0, 72.0, 23.371780197748894)
(28.0, 73.0, 23.224433646281472)
(28.0, 74.0, 26.332841749272987)
(28.0, 75.0, 27.236705103323629)
(28.0, 76.0, 26.087932321405528)
(28.0, 77.0, 23.770044956700623)
(28.0, 78.0, 25.230044121819965)
(28.0, 79.0, 25.8563610344243)
(28.0, 80.0, 27.960513873087677)
(28.0, 81.0, 20.612767845690069)
(28.0, 82.0, 21.49747955168062)
(28.0, 83.0, 22.924256143758765)
(28.0, 84.0, 28.541495784581716)
(28.0, 85.0, 27.323484777252819)
(28.0, 86.0, 26.347812042247952)
(28.0, 87.0, 24.250742802327089)
(28.0, 88.0, 25.946467465283213)
(28.0, 89.0, 26.596297241151046)
(28.0, 90.0, 25.819760045509092)
(28.0, 91.0, 25.076536288185437)
(28.0, 92.0, 25.227276251539998)
(28.0, 93.0, 26.542525204197812)
(28.0, 94.0, 25.664607357131771)
(28.0, 95.0, 24.020111571419172)
(28.0, 96.0, 24.504585308051968)
(28.0, 97.0, 26.311254381512274)
(28.0, 98.0, 23.920515506971196)
(28.0, 99.0, 24.855352691914714)
(28.0, 100.0, 28.206807357875551)
(28.0, 101.0, 23.642012918489606)
(28.0, 102.0, 25.391698661121559)
(28.0, 103.0, 24.72012402721171)
(28.0, 104.0, 27.453043164034085)
(28.0, 105.0, 25.990719180052263)
(28.0, 106.0, 25.10568572643303)
(28.0, 107.0, 24.821263216249228)
(28.0, 108.0, 27.099433021807034)
(28.0, 109.0, 24.4370904890391)
(28.0, 110.0, 23.949466683843472)
(28.0, 111.0, 27.486480495523981)
(28.0, 112.0, 28.312474606069042)
(28.0, 113.0, 26.535358892597099)
(28.0, 114.0, 27.210708824956761)
(28.0, 115.0, 25.525700704417012)
(28.0, 116.0, 23.809829877568983)
(28.0, 117.0, 23.382819631290374)
(28.0, 118.0, 27.429376816428793)
(28.0, 119.0, 24.686141029169093)
(28.0, 120.0, 25.78940085807276)
(28.0, 121.0, 26.681733291804196)
(28.0, 122.0, 25.413245774461174)
(28.0, 123.0, 27.745386927773033)
(28.0, 124.0, 25.836166285747169)
(28.0, 125.0, 27.380764466363512)
(28.0, 126.0, 25.353908531293541)
(28.0, 127.0, 27.002941000486224)
(28.0, 128.0, 25.1364144651446)
(28.0, 129.0, 27.479274428559954)
(28.0, 130.0, 27.961927790244474)
(28.0, 131.0, 25.844257805888265)
(28.0, 132.0, 22.337100630526386)
(28.0, 133.0, 21.88431228253425)
(28.0, 134.0, 26.948728570765457)
(28.0, 135.0, 25.950680760136336)
(28.0, 136.0, 26.053093047379456)
(28.0, 137.0, 25.446489911228142)
(28.0, 138.0, 23.06389620378582)
(28.0, 139.0, 27.587071988283018)
(28.0, 140.0, 28.622043170294106)
(28.0, 141.0, 26.192455219994216)
(28.0, 142.0, 24.614720870849879)
(28.0, 143.0, 26.433943437914312)
(28.0, 144.0, 24.928962757678448)
(28.0, 145.0, 27.231809988546303)
(28.0, 146.0, 28.565466660277622)
(28.0, 147.0, 23.877471129795616)
(28.0, 148.0, 25.33935023076981)
(28.0, 149.0, 25.65242694255555)
(28.0, 150.0, 29.140176526756363)
(28.0, 151.0, 29.80439423806083)
(28.0, 152.0, 26.749888458865858)
(28.0, 153.0, 26.77297354212493)
(28.0, 154.0, 27.907040995052199)
(28.0, 155.0, 27.185848770738232)
(28.0, 156.0, 27.999552971183217)
(28.0, 157.0, 28.870488842425324)
(28.0, 158.0, 27.462074618569773)
(28.0, 159.0, 25.937977784004108)
(28.0, 160.0, 23.771111225589728)
(28.0, 161.0, 25.481759881979109)
(28.0, 162.0, 26.87567778688917)
(28.0, 163.0, 23.374083727899734)
(28.0, 164.0, 24.743886139198718)
(28.0, 165.0, 26.609324051263293)
(28.0, 166.0, 27.849458622224056)
(28.0, 167.0, 25.765753421094036)
(28.0, 168.0, 27.360659539848552)
(28.0, 169.0, 25.965416347620632)
(28.0, 170.0, 24.811191968275693)
(28.0, 171.0, 27.700876967755871)
(28.0, 172.0, 28.18632323306236)
(28.0, 173.0, 25.699625458831967)
(28.0, 174.0, 23.614674591263999)
(28.0, 175.0, 27.534690719124502)
(28.0, 176.0, 25.654388627646533)
(28.0, 177.0, 29.031967407501817)
(28.0, 178.0, 24.4973563622111)
(28.0, 179.0, 27.619040200750081)
(28.0, 180.0, 24.764874399179476)
(28.0, 181.0, 27.035786810654333)
(28.0, 182.0, 27.146176724761734)
(28.0, 183.0, 24.772940033951475)
(28.0, 184.0, 25.965727713996273)
(28.0, 185.0, 24.821208358605222)
(28.0, 186.0, 25.038403674591553)
(28.0, 187.0, 27.773043373210381)
(28.0, 188.0, 24.816512427317036)
(28.0, 189.0, 27.892190356620141)
(28.0, 190.0, 28.059351316638448)
(28.0, 191.0, 24.025606454969623)
(28.0, 192.0, 27.65733625816102)
(28.0, 193.0, 26.457831172621514)
(28.0, 194.0, 27.995444169740878)
(28.0, 195.0, 27.342260258702719)
(28.0, 196.0, 27.741391023595014)
(28.0, 197.0, 27.059457075056571)
(28.0, 198.0, 24.567007147905674)
(28.0, 199.0, 26.569283688721281)
(29.0, 0.0, 19.417937298555497)
(29.0, 1.0, 23.920425255105108)
(29.0, 2.0, 19.88418220860277)
(29.0, 3.0, 24.101722511751301)
(29.0, 4.0, 19.987114963989011)
(29.0, 5.0, 26.075728537393292)
(29.0, 6.0, 24.516261749178909)
(29.0, 7.0, 23.997315448240318)
(29.0, 8.0, 21.460478971199407)
(29.0, 9.0, 23.552658423194146)
(29.0, 10.0, 22.312902501320725)
(29.0, 11.0, 25.695338808501326)
(29.0, 12.0, 25.571520613820198)
(29.0, 13.0, 23.313791507309524)
(29.0, 14.0, 24.913582469319191)
(29.0, 15.0, 22.064160143487882)
(29.0, 16.0, 23.497968109037998)
(29.0, 17.0, 25.234515557589759)
(29.0, 18.0, 23.2234880368928)
(29.0, 19.0, 26.660204776390795)
(29.0, 20.0, 24.201430229711782)
(29.0, 21.0, 21.082979084851733)
(29.0, 22.0, 24.301938021093406)
(29.0, 23.0, 23.518907363321077)
(29.0, 24.0, 20.248579523751808)
(29.0, 25.0, 19.369357827605434)
(29.0, 26.0, 22.587680804149148)
(29.0, 27.0, 26.69975896166298)
(29.0, 28.0, 23.741988853531325)
(29.0, 29.0, 22.588922435292261)
(29.0, 30.0, 22.266005841417311)
(29.0, 31.0, 20.840282131839519)
(29.0, 32.0, 24.353778154762058)
(29.0, 33.0, 25.026277605550256)
(29.0, 34.0, 24.220660394166654)
(29.0, 35.0, 24.160406112621722)
(29.0, 36.0, 22.328848105911842)
(29.0, 37.0, 25.119823742077671)
(29.0, 38.0, 23.894882292102835)
(29.0, 39.0, 21.061742976053612)
(29.0, 40.0, 22.042299695565411)
(29.0, 41.0, 24.377553288738131)
(29.0, 42.0, 22.746618267975542)
(29.0, 43.0, 25.492736089395663)
(29.0, 44.0, 25.511307942994609)
(29.0, 45.0, 24.746136233791681)
(29.0, 46.0, 23.896099063687771)
(29.0, 47.0, 21.757871016559783)
(29.0, 48.0, 22.380629056814474)
(29.0, 49.0, 25.793891876052434)
(29.0, 50.0, 25.054600710914322)
(29.0, 51.0, 25.035122764157567)
(29.0, 52.0, 24.161968866817414)
(29.0, 53.0, 23.489766727425586)
(29.0, 54.0, 21.161649163234856)
(29.0, 55.0, 20.241737979308194)
(29.0, 56.0, 26.174860090444358)
(29.0, 57.0, 22.888158606353002)
(29.0, 58.0, 22.300906925166316)
(29.0, 59.0, 22.986177024039666)
(29.0, 60.0, 25.582262231477301)
(29.0, 61.0, 22.10059386481074)
(29.0, 62.0, 24.478407710612938)
(29.0, 63.0, 21.40923473540018)
(29.0, 64.0, 20.096263989460432)
(29.0, 65.0, 22.906288461986534)
(29.0, 66.0, 24.917787302164463)
(29.0, 67.0, 23.513244293326323)
(29.0, 68.0, 26.149530789934442)
(29.0, 69.0, 23.862759735706494)
(29.0, 70.0, 23.059298852290134)
(29.0, 71.0, 22.319021490421481)
(29.0, 72.0, 21.547288500574748)
(29.0, 73.0, 22.317161011899724)
(29.0, 74.0, 22.5007277266558)
(29.0, 75.0, 23.43799751288693)
(29.0, 76.0, 23.051463010565346)
(29.0, 77.0, 21.839182573738466)
(29.0, 78.0, 23.473034116200076)
(29.0, 79.0, 21.998496106917173)
(29.0, 80.0, 23.77062733826331)
(29.0, 81.0, 20.402567071266084)
(29.0, 82.0, 20.696293355928972)
(29.0, 83.0, 21.561288177053775)
(29.0, 84.0, 24.568849644764413)
(29.0, 85.0, 23.515916319482621)
(29.0, 86.0, 25.354402396595013)
(29.0, 87.0, 21.699540305312873)
(29.0, 88.0, 23.625737699466171)
(29.0, 89.0, 24.21089771648488)
(29.0, 90.0, 22.722837517385766)
(29.0, 91.0, 23.145788200713941)
(29.0, 92.0, 22.078943805334518)
(29.0, 93.0, 23.690691548964324)
(29.0, 94.0, 23.243125439513165)
(29.0, 95.0, 23.188162595584018)
(29.0, 96.0, 23.897564056386202)
(29.0, 97.0, 22.437129856023457)
(29.0, 98.0, 22.478272714111196)
(29.0, 99.0, 23.863440009986199)
(29.0, 100.0, 26.545120392732116)
(29.0, 101.0, 20.738868006539654)
(29.0, 102.0, 22.462389458365173)
(29.0, 103.0, 25.073451512294465)
(29.0, 104.0, 25.669796492396387)
(29.0, 105.0, 22.268241726370086)
(29.0, 106.0, 21.505164997522741)
(29.0, 107.0, 21.139514478232236)
(29.0, 108.0, 23.747833821037641)
(29.0, 109.0, 23.089719856126628)
(29.0, 110.0, 23.243283865084102)
(29.0, 111.0, 25.851858853970988)
(29.0, 112.0, 26.173114753853419)
(29.0, 113.0, 24.10190767989091)
(29.0, 114.0, 22.935675515952557)
(29.0, 115.0, 24.703137757307758)
(29.0, 116.0, 20.465754083963802)
(29.0, 117.0, 20.493804571179837)
(29.0, 118.0, 25.075115229625474)
(29.0, 119.0, 23.389793137881526)
(29.0, 120.0, 24.844924589920915)
(29.0, 121.0, 23.251154476395591)
(29.0, 122.0, 23.268259315402823)
(29.0, 123.0, 25.421180877193585)
(29.0, 124.0, 24.030792524865866)
(29.0, 125.0, 23.732810358258238)
(29.0, 126.0, 23.909154363893432)
(29.0, 127.0, 25.503107382311843)
(29.0, 128.0, 22.985658248241126)
(29.0, 129.0, 23.944812539250798)
(29.0, 130.0, 24.885868344097254)
(29.0, 131.0, 23.15855026345595)
(29.0, 132.0, 19.669753501427778)
(29.0, 133.0, 20.69667081697186)
(29.0, 134.0, 24.088453130542756)
(29.0, 135.0, 22.610616880801288)
(29.0, 136.0, 24.193614844542498)
(29.0, 137.0, 24.159419440543083)
(29.0, 138.0, 22.54668369947165)
(29.0, 139.0, 25.512395955074787)
(29.0, 140.0, 26.649801367996144)
(29.0, 141.0, 24.501940230648337)
(29.0, 142.0, 23.161985490921538)
(29.0, 143.0, 23.968649054013873)
(29.0, 144.0, 23.25959419891257)
(29.0, 145.0, 23.476591283693498)
(29.0, 146.0, 25.524282397134304)
(29.0, 147.0, 22.115144015680521)
(29.0, 148.0, 21.965278163377487)
(29.0, 149.0, 23.968476595804034)
(29.0, 150.0, 25.826550581918802)
(29.0, 151.0, 27.514437486303407)
(29.0, 152.0, 24.85403328252913)
(29.0, 153.0, 25.770186607133738)
(29.0, 154.0, 24.050664432262046)
(29.0, 155.0, 23.767128844093932)
(29.0, 156.0, 23.177314916083663)
(29.0, 157.0, 26.553984588251073)
(29.0, 158.0, 24.847617105155518)
(29.0, 159.0, 24.201165602147046)
(29.0, 160.0, 22.425711681920102)
(29.0, 161.0, 23.49224560171411)
(29.0, 162.0, 23.613173671362581)
(29.0, 163.0, 20.832471699239587)
(29.0, 164.0, 24.9855897018588)
(29.0, 165.0, 23.65060818242879)
(29.0, 166.0, 26.467876466358522)
(29.0, 167.0, 22.964384083692181)
(29.0, 168.0, 23.207257921642785)
(29.0, 169.0, 22.591704683263892)
(29.0, 170.0, 21.316169757496311)
(29.0, 171.0, 25.239700582127288)
(29.0, 172.0, 25.451712916963071)
(29.0, 173.0, 24.016527226847288)
(29.0, 174.0, 21.578696517735871)
(29.0, 175.0, 25.626637450565688)
(29.0, 176.0, 24.041280920560087)
(29.0, 177.0, 25.248589339101738)
(29.0, 178.0, 21.415161628677318)
(29.0, 179.0, 25.498204905302053)
(29.0, 180.0, 23.075495402736259)
(29.0, 181.0, 24.138752626844393)
(29.0, 182.0, 23.347413031155252)
(29.0, 183.0, 23.270239149699542)
(29.0, 184.0, 23.564502223124993)
(29.0, 185.0, 23.181383909778525)
(29.0, 186.0, 24.563005839382004)
(29.0, 187.0, 24.464671191350742)
(29.0, 188.0, 23.079435214478252)
(29.0, 189.0, 25.747125020358169)
(29.0, 190.0, 25.38842591803111)
(29.0, 191.0, 22.093568742959196)
(29.0, 192.0, 24.227680444325891)
(29.0, 193.0, 22.830284385638759)
(29.0, 194.0, 25.150312433661085)
(29.0, 195.0, 23.429012662303858)
(29.0, 196.0, 24.884959108980741)
(29.0, 197.0, 24.698619335276334)
(29.0, 198.0, 22.758691981959981)
(29.0, 199.0, 22.973571292707938)
(30.0, 0.0, 18.662478270456074)
(30.0, 1.0, 23.105119234497881)
(30.0, 2.0, 20.732980169978006)
(30.0, 3.0, 22.262895152230659)
(30.0, 4.0, 22.248040498116314)
(30.0, 5.0, 21.715708197432686)
(30.0, 6.0, 23.18671469121486)
(30.0, 7.0, 23.232858171514444)
(30.0, 8.0, 18.42706631429996)
(30.0, 9.0, 22.765190301387236)
(30.0, 10.0, 22.123763520924197)
(30.0, 11.0, 23.243869068653343)
(30.0, 12.0, 24.433485935270461)
(30.0, 13.0, 22.032348206835987)
(30.0, 14.0, 23.314361995509021)
(30.0, 15.0, 22.302727199887904)
(30.0, 16.0, 21.581566461678172)
(30.0, 17.0, 24.275481641737731)
(30.0, 18.0, 23.103679300029654)
(30.0, 19.0, 26.529617841922587)
(30.0, 20.0, 22.486798980913846)
(30.0, 21.0, 23.212621264370391)
(30.0, 22.0, 23.350458691735241)
(30.0, 23.0, 23.815864650528194)
(30.0, 24.0, 18.436630070796994)
(30.0, 25.0, 17.059381865225934)
(30.0, 26.0, 20.498635548700531)
(30.0, 27.0, 25.143707803716037)
(30.0, 28.0, 22.425583005092072)
(30.0, 29.0, 21.677715994525744)
(30.0, 30.0, 21.740071138781417)
(30.0, 31.0, 21.391857213010098)
(30.0, 32.0, 23.352953813190254)
(30.0, 33.0, 22.604700589474003)
(30.0, 34.0, 22.989064438895191)
(30.0, 35.0, 24.695256846927933)
(30.0, 36.0, 19.689595498428933)
(30.0, 37.0, 22.530098986135631)
(30.0, 38.0, 22.646545633877736)
(30.0, 39.0, 19.721480449108405)
(30.0, 40.0, 21.745575635645952)
(30.0, 41.0, 22.26983637812048)
(30.0, 42.0, 20.762465023698674)
(30.0, 43.0, 23.43958431342557)
(30.0, 44.0, 24.979465783587727)
(30.0, 45.0, 22.596038008196917)
(30.0, 46.0, 22.516577202048481)
(30.0, 47.0, 21.61504030159076)
(30.0, 48.0, 21.078088066686412)
(30.0, 49.0, 22.628030802099889)
(30.0, 50.0, 23.353144687984887)
(30.0, 51.0, 24.590731441080909)
(30.0, 52.0, 23.133960232315058)
(30.0, 53.0, 21.397446217385085)
(30.0, 54.0, 20.620857367033651)
(30.0, 55.0, 21.187597157241637)
(30.0, 56.0, 23.607977290298116)
(30.0, 57.0, 21.113928842110592)
(30.0, 58.0, 19.865905772295719)
(30.0, 59.0, 20.82252752224565)
(30.0, 60.0, 24.491632082306744)
(30.0, 61.0, 19.398499498208611)
(30.0, 62.0, 23.79906512814209)
(30.0, 63.0, 21.117853268764478)
(30.0, 64.0, 17.703069141607255)
(30.0, 65.0, 21.947599787404695)
(30.0, 66.0, 21.024269341127603)
(30.0, 67.0, 21.389678730520252)
(30.0, 68.0, 23.581310511571548)
(30.0, 69.0, 22.83207387892373)
(30.0, 70.0, 23.841696249280663)
(30.0, 71.0, 21.715410028461019)
(30.0, 72.0, 20.741970728913991)
(30.0, 73.0, 20.427279825363527)
(30.0, 74.0, 21.974208410471128)
(30.0, 75.0, 23.963953919044741)
(30.0, 76.0, 20.920959275118928)
(30.0, 77.0, 19.750072991868841)
(30.0, 78.0, 22.553392669209966)
(30.0, 79.0, 20.288161284463094)
(30.0, 80.0, 22.988757371403718)
(30.0, 81.0, 18.482407389959622)
(30.0, 82.0, 18.794088651760788)
(30.0, 83.0, 21.399915997430856)
(30.0, 84.0, 23.437417298741892)
(30.0, 85.0, 23.124057342781903)
(30.0, 86.0, 22.765969494857849)
(30.0, 87.0, 21.652004937041351)
(30.0, 88.0, 22.92742290328524)
(30.0, 89.0, 22.477318681022822)
(30.0, 90.0, 21.118323646874916)
(30.0, 91.0, 22.334077457574757)
(30.0, 92.0, 21.508078318582267)
(30.0, 93.0, 22.388717444809188)
(30.0, 94.0, 23.037962993709744)
(30.0, 95.0, 22.291826226117543)
(30.0, 96.0, 20.439202346683928)
(30.0, 97.0, 21.92795903603713)
(30.0, 98.0, 21.24307433611261)
(30.0, 99.0, 22.453496208892236)
(30.0, 100.0, 24.368403660512854)
(30.0, 101.0, 20.033624300210271)
(30.0, 102.0, 22.10744799714395)
(30.0, 103.0, 22.406273535321748)
(30.0, 104.0, 24.991492491819354)
(30.0, 105.0, 23.06488819750459)
(30.0, 106.0, 22.809361611805471)
(30.0, 107.0, 20.688259430817425)
(30.0, 108.0, 22.118573825354492)
(30.0, 109.0, 20.701854440825482)
(30.0, 110.0, 21.86762678846102)
(30.0, 111.0, 24.996482474101946)
(30.0, 112.0, 25.219960920844233)
(30.0, 113.0, 23.209454229182469)
(30.0, 114.0, 21.561370177097686)
(30.0, 115.0, 24.377429118930319)
(30.0, 116.0, 19.055154395756201)
(30.0, 117.0, 20.884944205680782)
(30.0, 118.0, 24.282466847230094)
(30.0, 119.0, 22.587345414776017)
(30.0, 120.0, 22.415143188918954)
(30.0, 121.0, 23.299843247471955)
(30.0, 122.0, 21.812050396000458)
(30.0, 123.0, 24.569283186911278)
(30.0, 124.0, 21.65494720827018)
(30.0, 125.0, 24.314929656065924)
(30.0, 126.0, 22.325946033312754)
(30.0, 127.0, 23.734388039598592)
(30.0, 128.0, 20.950299615660921)
(30.0, 129.0, 23.898733747483785)
(30.0, 130.0, 23.389407535512646)
(30.0, 131.0, 22.065567335904891)
(30.0, 132.0, 18.225637782123961)
(30.0, 133.0, 19.664711824075031)
(30.0, 134.0, 22.731623942089698)
(30.0, 135.0, 20.136896249242753)
(30.0, 136.0, 22.103265186729299)
(30.0, 137.0, 20.698874042285009)
(30.0, 138.0, 19.019980057703791)
(30.0, 139.0, 24.023535557429057)
(30.0, 140.0, 24.159832184481541)
(30.0, 141.0, 23.330764395122372)
(30.0, 142.0, 20.1355770228148)
(30.0, 143.0, 22.010391592882961)
(30.0, 144.0, 21.164206907224241)
(30.0, 145.0, 22.119710821548498)
(30.0, 146.0, 24.382002745458614)
(30.0, 147.0, 20.197067677140975)
(30.0, 148.0, 22.990039332939517)
(30.0, 149.0, 23.478814015856379)
(30.0, 150.0, 25.36209149169995)
(30.0, 151.0, 24.535215396621393)
(30.0, 152.0, 22.381455672130908)
(30.0, 153.0, 23.498946956711677)
(30.0, 154.0, 23.240260780166288)
(30.0, 155.0, 23.503571707865206)
(30.0, 156.0, 22.332193563785346)
(30.0, 157.0, 23.360830081370235)
(30.0, 158.0, 22.995739040006331)
(30.0, 159.0, 23.648047064957577)
(30.0, 160.0, 22.390809276640294)
(30.0, 161.0, 23.281561020122677)
(30.0, 162.0, 21.207689715984543)
(30.0, 163.0, 19.435523936434855)
(30.0, 164.0, 22.291484418338428)
(30.0, 165.0, 24.051661224568221)
(30.0, 166.0, 22.667127236404628)
(30.0, 167.0, 21.632367846421712)
(30.0, 168.0, 21.980479220106723)
(30.0, 169.0, 22.183400294138025)
(30.0, 170.0, 20.146010247980925)
(30.0, 171.0, 23.031030964874788)
(30.0, 172.0, 24.177130178938746)
(30.0, 173.0, 24.454550415194536)
(30.0, 174.0, 19.412345011769883)
(30.0, 175.0, 23.839665184990924)
(30.0, 176.0, 22.145026257296649)
(30.0, 177.0, 23.345462526209296)
(30.0, 178.0, 21.309217242750165)
(30.0, 179.0, 23.812688316769176)
(30.0, 180.0, 22.22864653731261)
(30.0, 181.0, 23.812172924380324)
(30.0, 182.0, 21.54185806439796)
(30.0, 183.0, 21.885589375950069)
(30.0, 184.0, 22.007909084799206)
(30.0, 185.0, 23.002197156956704)
(30.0, 186.0, 21.509560869807515)
(30.0, 187.0, 23.857621027578205)
(30.0, 188.0, 23.134747913722542)
(30.0, 189.0, 25.195744281372519)
(30.0, 190.0, 24.236606462773103)
(30.0, 191.0, 20.745281217236915)
(30.0, 192.0, 22.573497546939858)
(30.0, 193.0, 21.315771842138428)
(30.0, 194.0, 22.126536718270884)
(30.0, 195.0, 23.372322125788809)
(30.0, 196.0, 23.950036886961438)
(30.0, 197.0, 21.820767764493969)
(30.0, 198.0, 21.51584579049311)
(30.0, 199.0, 22.723187198598353)
(31.0, 0.0, 23.832532880076595)
(31.0, 1.0, 25.987143437246843)
(31.0, 2.0, 25.214844144784628)
(31.0, 3.0, 26.22978495630969)
(31.0, 4.0, 24.055503030220557)
(31.0, 5.0, 26.192270765420098)
(31.0, 6.0, 27.276938314670748)
(31.0, 7.0, 28.027889400880564)
(31.0, 8.0, 24.17842679700567)
(31.0, 9.0, 27.169545017778887)
(31.0, 10.0, 24.41852174194478)
(31.0, 11.0, 27.780507938402401)
(31.0, 12.0, 27.212725856181592)
(31.0, 13.0, 24.903135088104261)
(31.0, 14.0, 27.438881586611984)
(31.0, 15.0, 23.998462362046748)
(31.0, 16.0, 24.72534076628202)
(31.0, 17.0, 26.705801725224322)
(31.0, 18.0, 26.223397685766471)
(31.0, 19.0, 29.77051047382087)
(31.0, 20.0, 27.294504079173979)
(31.0, 21.0, 24.322943992625536)
(31.0, 22.0, 27.491692913392491)
(31.0, 23.0, 27.093166111765086)
(31.0, 24.0, 22.052104424976307)
(31.0, 25.0, 21.583601272956763)
(31.0, 26.0, 26.66877702471411)
(31.0, 27.0, 29.671989519166878)
(31.0, 28.0, 25.440788917388495)
(31.0, 29.0, 25.675047644688334)
(31.0, 30.0, 26.019814889096047)
(31.0, 31.0, 25.668583642932244)
(31.0, 32.0, 25.951580673962955)
(31.0, 33.0, 27.581224633976355)
(31.0, 34.0, 27.133601507451971)
(31.0, 35.0, 27.187642707331658)
(31.0, 36.0, 25.160727125988934)
(31.0, 37.0, 28.097813539940912)
(31.0, 38.0, 26.821097202952018)
(31.0, 39.0, 23.387048229824583)
(31.0, 40.0, 23.760425472049)
(31.0, 41.0, 26.81033957571195)
(31.0, 42.0, 24.072936059318149)
(31.0, 43.0, 28.330357090511182)
(31.0, 44.0, 30.354721691404258)
(31.0, 45.0, 28.185563545314714)
(31.0, 46.0, 25.589314091895652)
(31.0, 47.0, 26.117814797287927)
(31.0, 48.0, 23.308896834057148)
(31.0, 49.0, 28.598163855503181)
(31.0, 50.0, 27.886151851747648)
(31.0, 51.0, 28.612004281507005)
(31.0, 52.0, 25.99462124103059)
(31.0, 53.0, 26.064476591058025)
(31.0, 54.0, 25.316005709215197)
(31.0, 55.0, 23.946036583684432)
(31.0, 56.0, 28.699367030607057)
(31.0, 57.0, 26.756877456740131)
(31.0, 58.0, 24.498581631502358)
(31.0, 59.0, 23.934057760348459)
(31.0, 60.0, 28.312348167207915)
(31.0, 61.0, 24.070219932026607)
(31.0, 62.0, 27.027465374210202)
(31.0, 63.0, 25.31579810567948)
(31.0, 64.0, 24.090322641841254)
(31.0, 65.0, 25.402321186632847)
(31.0, 66.0, 25.390519344799262)
(31.0, 67.0, 25.605246888684228)
(31.0, 68.0, 29.695644470162851)
(31.0, 69.0, 26.34021318930067)
(31.0, 70.0, 27.973427115581803)
(31.0, 71.0, 23.174236561779079)
(31.0, 72.0, 23.749693839823685)
(31.0, 73.0, 22.646059999509706)
(31.0, 74.0, 26.81403508831157)
(31.0, 75.0, 28.393514948986212)
(31.0, 76.0, 26.607605771247474)
(31.0, 77.0, 24.228702525587234)
(31.0, 78.0, 26.331590076267062)
(31.0, 79.0, 25.813490717824624)
(31.0, 80.0, 29.292244570741929)
(31.0, 81.0, 22.245322781116212)
(31.0, 82.0, 22.440665685184911)
(31.0, 83.0, 24.291064955930793)
(31.0, 84.0, 27.837194838054309)
(31.0, 85.0, 28.411522895404563)
(31.0, 86.0, 27.90458547188409)
(31.0, 87.0, 26.559595617827341)
(31.0, 88.0, 25.085533114330605)
(31.0, 89.0, 26.201014316508147)
(31.0, 90.0, 24.96500825839577)
(31.0, 91.0, 25.004284162899864)
(31.0, 92.0, 25.256133667473982)
(31.0, 93.0, 25.666983379927011)
(31.0, 94.0, 26.139682345542244)
(31.0, 95.0, 25.636630583500324)
(31.0, 96.0, 25.890098421054372)
(31.0, 97.0, 25.854149509036738)
(31.0, 98.0, 25.39153521479632)
(31.0, 99.0, 27.156257308237564)
(31.0, 100.0, 28.800516996719196)
(31.0, 101.0, 23.778376017487695)
(31.0, 102.0, 25.708820866949686)
(31.0, 103.0, 26.568368703667073)
(31.0, 104.0, 27.599387409251975)
(31.0, 105.0, 27.107569248184568)
(31.0, 106.0, 24.159391123320297)
(31.0, 107.0, 24.359133075301305)
(31.0, 108.0, 26.425359412400567)
(31.0, 109.0, 26.42198566816462)
(31.0, 110.0, 25.518902610679351)
(31.0, 111.0, 26.984111716048741)
(31.0, 112.0, 29.766011948434645)
(31.0, 113.0, 27.657799738724488)
(31.0, 114.0, 27.645786799183185)
(31.0, 115.0, 26.984633728871177)
(31.0, 116.0, 24.865042712268639)
(31.0, 117.0, 23.530652818626528)
(31.0, 118.0, 28.210670001995982)
(31.0, 119.0, 27.145122808007539)
(31.0, 120.0, 25.397050683839968)
(31.0, 121.0, 27.495428580062825)
(31.0, 122.0, 24.851790716222723)
(31.0, 123.0, 28.771764838647432)
(31.0, 124.0, 26.52136208310084)
(31.0, 125.0, 28.69056617322217)
(31.0, 126.0, 26.400540312844512)
(31.0, 127.0, 27.896947321850917)
(31.0, 128.0, 26.314775072547732)
(31.0, 129.0, 26.15616082686422)
(31.0, 130.0, 25.813032904396856)
(31.0, 131.0, 26.706448728955166)
(31.0, 132.0, 21.509422396970091)
(31.0, 133.0, 22.613968549247911)
(31.0, 134.0, 25.543953749732456)
(31.0, 135.0, 26.253070208532613)
(31.0, 136.0, 27.177167298441937)
(31.0, 137.0, 25.62196703028064)
(31.0, 138.0, 25.819817585518791)
(31.0, 139.0, 29.30853489944143)
(31.0, 140.0, 28.991202859304121)
(31.0, 141.0, 25.692795738283646)
(31.0, 142.0, 27.106360452596689)
(31.0, 143.0, 26.806564306473494)
(31.0, 144.0, 25.74769490550284)
(31.0, 145.0, 25.930663554598063)
(31.0, 146.0, 27.198063152555299)
(31.0, 147.0, 25.724869359295898)
(31.0, 148.0, 25.847356014257905)
(31.0, 149.0, 27.845933380778998)
(31.0, 150.0, 30.870684397452251)
(31.0, 151.0, 29.227931750755644)
(31.0, 152.0, 27.311814480995093)
(31.0, 153.0, 27.320609832400699)
(31.0, 154.0, 28.939827545216993)
(31.0, 155.0, 27.793382948405569)
(31.0, 156.0, 28.130435456284911)
(31.0, 157.0, 27.607000922628238)
(31.0, 158.0, 27.967174427645091)
(31.0, 159.0, 28.203238133449446)
(31.0, 160.0, 25.505823974699304)
(31.0, 161.0, 27.004671534654172)
(31.0, 162.0, 27.049884578894158)
(31.0, 163.0, 24.22550369168578)
(31.0, 164.0, 26.213037943421789)
(31.0, 165.0, 27.050012491632252)
(31.0, 166.0, 27.289081898166032)
(31.0, 167.0, 25.820642206006035)
(31.0, 168.0, 27.243629742192809)
(31.0, 169.0, 25.499338004316936)
(31.0, 170.0, 24.025220558492499)
(31.0, 171.0, 29.535458278916419)
(31.0, 172.0, 29.619804197683418)
(31.0, 173.0, 25.909732969411763)
(31.0, 174.0, 25.048499117421176)
(31.0, 175.0, 27.517676361811059)
(31.0, 176.0, 25.635214985234136)
(31.0, 177.0, 28.082254206779872)
(31.0, 178.0, 25.161371693281225)
(31.0, 179.0, 27.834657667809594)
(31.0, 180.0, 27.510482402171302)
(31.0, 181.0, 25.436631869754276)
(31.0, 182.0, 26.116207129667529)
(31.0, 183.0, 26.738408258157818)
(31.0, 184.0, 24.641593455648536)
(31.0, 185.0, 25.035096703071229)
(31.0, 186.0, 25.085366469236682)
(31.0, 187.0, 27.586602931997177)
(31.0, 188.0, 25.782134668048197)
(31.0, 189.0, 29.197074663711561)
(31.0, 190.0, 27.128393915634405)
(31.0, 191.0, 25.285374510726179)
(31.0, 192.0, 24.859690380079481)
(31.0, 193.0, 27.114564879831644)
(31.0, 194.0, 28.264731338107531)
(31.0, 195.0, 25.072484806131332)
(31.0, 196.0, 27.48376200543068)
(31.0, 197.0, 26.878372602282962)
(31.0, 198.0, 26.295812599086773)
(31.0, 199.0, 27.006341292938963)
(32.0, 0.0, 21.115945090334534)
(32.0, 1.0, 25.362142438085737)
(32.0, 2.0, 23.326229293905765)
(32.0, 3.0, 24.290750363725351)
(32.0, 4.0, 23.554875040914368)
(32.0, 5.0, 24.781465309430391)
(32.0, 6.0, 27.01906525444543)
(32.0, 7.0, 26.569912377488613)
(32.0, 8.0, 22.512356756183763)
(32.0, 9.0, 25.847996385974483)
(32.0, 10.0, 24.103177895802983)
(32.0, 11.0, 25.895922557887722)
(32.0, 12.0, 25.703761970253236)
(32.0, 13.0, 25.789817238750388)
(32.0, 14.0, 24.955668888101684)
(32.0, 15.0, 25.024032507178649)
(32.0, 16.0, 22.49671939066549)
(32.0, 17.0, 24.863981793185921)
(32.0, 18.0, 26.98563747491534)
(32.0, 19.0, 29.796646199579229)
(32.0, 20.0, 26.019731976334278)
(32.0, 21.0, 24.243781429248109)
(32.0, 22.0, 25.943125838330818)
(32.0, 23.0, 28.26726630270873)
(32.0, 24.0, 20.495128901610251)
(32.0, 25.0, 20.453217427359942)
(32.0, 26.0, 23.096200997711414)
(32.0, 27.0, 28.487792612550898)
(32.0, 28.0, 24.870415773832271)
(32.0, 29.0, 25.112138967809827)
(32.0, 30.0, 24.61183791920833)
(32.0, 31.0, 24.124864098581345)
(32.0, 32.0, 25.245105908132061)
(32.0, 33.0, 24.644545997688436)
(32.0, 34.0, 25.825463687829505)
(32.0, 35.0, 26.579511745741062)
(32.0, 36.0, 22.40696889236872)
(32.0, 37.0, 25.942855930944056)
(32.0, 38.0, 27.412237712556937)
(32.0, 39.0, 22.692930610402613)
(32.0, 40.0, 23.321962463708509)
(32.0, 41.0, 24.152252302923447)
(32.0, 42.0, 24.42009892015605)
(32.0, 43.0, 27.391957791209315)
(32.0, 44.0, 28.005714007375481)
(32.0, 45.0, 24.810509711073632)
(32.0, 46.0, 25.16766692483964)
(32.0, 47.0, 24.653302799507749)
(32.0, 48.0, 24.418514804575363)
(32.0, 49.0, 26.362452313611414)
(32.0, 50.0, 26.391318708350756)
(32.0, 51.0, 26.899403673185777)
(32.0, 52.0, 25.417416542967452)
(32.0, 53.0, 23.70668678018496)
(32.0, 54.0, 23.713693441630767)
(32.0, 55.0, 23.974483800178159)
(32.0, 56.0, 26.476685484951254)
(32.0, 57.0, 24.52396439482218)
(32.0, 58.0, 22.440218107544919)
(32.0, 59.0, 22.328423913776668)
(32.0, 60.0, 26.459239847452203)
(32.0, 61.0, 22.296740846716361)
(32.0, 62.0, 26.005547939442849)
(32.0, 63.0, 24.484420926064523)
(32.0, 64.0, 23.240530520381192)
(32.0, 65.0, 24.340043160183889)
(32.0, 66.0, 24.965261964646785)
(32.0, 67.0, 23.619174707994024)
(32.0, 68.0, 26.442042007229155)
(32.0, 69.0, 25.644660193557176)
(32.0, 70.0, 26.900176938252713)
(32.0, 71.0, 24.577096992207725)
(32.0, 72.0, 21.812387325975948)
(32.0, 73.0, 23.167077446188728)
(32.0, 74.0, 22.954975221478264)
(32.0, 75.0, 26.185133146743347)
(32.0, 76.0, 23.203636411280062)
(32.0, 77.0, 23.541200218317371)
(32.0, 78.0, 24.954131959302792)
(32.0, 79.0, 24.857681993772367)
(32.0, 80.0, 27.458168445276797)
(32.0, 81.0, 21.159158661928807)
(32.0, 82.0, 20.904136337928463)
(32.0, 83.0, 24.12354591453461)
(32.0, 84.0, 26.658259164505875)
(32.0, 85.0, 26.707016001203421)
(32.0, 86.0, 26.242043222092708)
(32.0, 87.0, 23.939259863311683)
(32.0, 88.0, 24.856978404792102)
(32.0, 89.0, 25.239853709107074)
(32.0, 90.0, 25.409049352743551)
(32.0, 91.0, 25.488926195302184)
(32.0, 92.0, 24.466116726375791)
(32.0, 93.0, 26.474478471762183)
(32.0, 94.0, 25.546270260922952)
(32.0, 95.0, 23.171040722231513)
(32.0, 96.0, 21.088544690408675)
(32.0, 97.0, 25.187983760255783)
(32.0, 98.0, 24.115757603479597)
(32.0, 99.0, 25.656933938031116)
(32.0, 100.0, 26.013334715619038)
(32.0, 101.0, 23.982900342493839)
(32.0, 102.0, 26.37971295931829)
(32.0, 103.0, 26.325016473055395)
(32.0, 104.0, 26.966243703452726)
(32.0, 105.0, 25.244169315143836)
(32.0, 106.0, 25.463616181315189)
(32.0, 107.0, 21.778766042706501)
(32.0, 108.0, 24.104421300319306)
(32.0, 109.0, 23.266136401412325)
(32.0, 110.0, 24.050534408356278)
(32.0, 111.0, 27.060723099805166)
(32.0, 112.0, 28.634551744935202)
(32.0, 113.0, 25.828705846056621)
(32.0, 114.0, 25.835264690868108)
(32.0, 115.0, 23.357557310005646)
(32.0, 116.0, 22.972303039286984)
(32.0, 117.0, 24.325860534747761)
(32.0, 118.0, 26.163829558012011)
(32.0, 119.0, 26.185550643731794)
(32.0, 120.0, 26.131763366482204)
(32.0, 121.0, 25.28177582620236)
(32.0, 122.0, 23.998454623871115)
(32.0, 123.0, 27.316468501416036)
(32.0, 124.0, 24.406898890406559)
(32.0, 125.0, 27.469671005120883)
(32.0, 126.0, 23.298500729506198)
(32.0, 127.0, 26.117640141783447)
(32.0, 128.0, 23.996530360166705)
(32.0, 129.0, 26.075326763078206)
(32.0, 130.0, 26.25851216492017)
(32.0, 131.0, 25.019913388222289)
(32.0, 132.0, 20.662071982993847)
(32.0, 133.0, 21.839901025627526)
(32.0, 134.0, 24.642245073520108)
(32.0, 135.0, 24.025145141956894)
(32.0, 136.0, 24.271112670628032)
(32.0, 137.0, 24.285247660672336)
(32.0, 138.0, 22.201041698292183)
(32.0, 139.0, 26.766447366965821)
(32.0, 140.0, 27.545815979560849)
(32.0, 141.0, 25.760288157503776)
(32.0, 142.0, 24.994593416853768)
(32.0, 143.0, 25.426651527595038)
(32.0, 144.0, 25.048668398459768)
(32.0, 145.0, 26.186208610460753)
(32.0, 146.0, 27.257642243566544)
(32.0, 147.0, 23.377581876595155)
(32.0, 148.0, 25.748120336242859)
(32.0, 149.0, 25.916644996327545)
(32.0, 150.0, 28.85234389978859)
(32.0, 151.0, 27.573493807538437)
(32.0, 152.0, 24.906939082651569)
(32.0, 153.0, 27.078072337880911)
(32.0, 154.0, 25.679266888784738)
(32.0, 155.0, 25.847401495806462)
(32.0, 156.0, 25.350410577043405)
(32.0, 157.0, 27.703697579179092)
(32.0, 158.0, 27.639646926695384)
(32.0, 159.0, 24.653991380932503)
(32.0, 160.0, 24.02664982460686)
(32.0, 161.0, 25.780533271687808)
(32.0, 162.0, 24.948354983959661)
(32.0, 163.0, 22.231158158789306)
(32.0, 164.0, 24.096622992955623)
(32.0, 165.0, 25.200593998539322)
(32.0, 166.0, 26.564496854941829)
(32.0, 167.0, 23.976827453443086)
(32.0, 168.0, 25.823754686014947)
(32.0, 169.0, 25.200179721467222)
(32.0, 170.0, 22.649633396099034)
(32.0, 171.0, 26.574174473384112)
(32.0, 172.0, 26.442017051031296)
(32.0, 173.0, 25.1946334331451)
(32.0, 174.0, 20.966061775201013)
(32.0, 175.0, 24.812170375387932)
(32.0, 176.0, 23.990046558288554)
(32.0, 177.0, 27.299345785381824)
(32.0, 178.0, 24.657833120404863)
(32.0, 179.0, 26.676147590402866)
(32.0, 180.0, 27.331763681131875)
(32.0, 181.0, 25.243130184344398)
(32.0, 182.0, 25.063103037442268)
(32.0, 183.0, 24.059738896197693)
(32.0, 184.0, 23.297339094724496)
(32.0, 185.0, 25.079214309746938)
(32.0, 186.0, 23.645611649618488)
(32.0, 187.0, 27.464857073049828)
(32.0, 188.0, 24.822472012820022)
(32.0, 189.0, 27.275638182776319)
(32.0, 190.0, 26.296497519487215)
(32.0, 191.0, 23.976039493166496)
(32.0, 192.0, 23.943935873193968)
(32.0, 193.0, 25.057494305522834)
(32.0, 194.0, 26.260897908864528)
(32.0, 195.0, 25.818883743529035)
(32.0, 196.0, 25.775156226517463)
(32.0, 197.0, 24.868975679246013)
(32.0, 198.0, 24.257811785264881)
(32.0, 199.0, 24.48313850553162)
(33.0, 0.0, 21.853171881131619)
(33.0, 1.0, 23.065668054797214)
(33.0, 2.0, 22.134828232409067)
(33.0, 3.0, 27.042462809263821)
(33.0, 4.0, 20.440038106184545)
(33.0, 5.0, 25.515855506847316)
(33.0, 6.0, 26.370172506679779)
(33.0, 7.0, 24.749664204919046)
(33.0, 8.0, 21.131265538687597)
(33.0, 9.0, 24.573945731594744)
(33.0, 10.0, 23.069628031034405)
(33.0, 11.0, 25.326367455967432)
(33.0, 12.0, 22.526997578015035)
(33.0, 13.0, 24.485877346686259)
(33.0, 14.0, 23.207435333306535)
(33.0, 15.0, 23.346912004341508)
(33.0, 16.0, 23.440955210987056)
(33.0, 17.0, 24.649573416909181)
(33.0, 18.0, 24.581232653515983)
(33.0, 19.0, 27.701317747097505)
(33.0, 20.0, 25.63064812497851)
(33.0, 21.0, 23.964541011626345)
(33.0, 22.0, 25.39900673737051)
(33.0, 23.0, 24.637632496754978)
(33.0, 24.0, 19.085853744579644)
(33.0, 25.0, 20.184664816913571)
(33.0, 26.0, 22.34220876032731)
(33.0, 27.0, 29.232213807452212)
(33.0, 28.0, 22.564623153339284)
(33.0, 29.0, 22.02347188382091)
(33.0, 30.0, 22.927207157420249)
(33.0, 31.0, 21.560637368801864)
(33.0, 32.0, 24.586660474683804)
(33.0, 33.0, 23.870104710765954)
(33.0, 34.0, 25.20940317013179)
(33.0, 35.0, 24.213758159276054)
(33.0, 36.0, 22.300848588811331)
(33.0, 37.0, 26.301953999443803)
(33.0, 38.0, 25.526934615996865)
(33.0, 39.0, 20.272219017891036)
(33.0, 40.0, 22.59384222250846)
(33.0, 41.0, 23.044514937289737)
(33.0, 42.0, 23.648535915006892)
(33.0, 43.0, 26.49948979234199)
(33.0, 44.0, 27.352254841512519)
(33.0, 45.0, 25.116545638790654)
(33.0, 46.0, 24.570195296831702)
(33.0, 47.0, 23.028804757702808)
(33.0, 48.0, 22.683271473146725)
(33.0, 49.0, 25.755825240037236)
(33.0, 50.0, 25.522264881831923)
(33.0, 51.0, 24.519404459109957)
(33.0, 52.0, 25.053969223483566)
(33.0, 53.0, 22.773289159752341)
(33.0, 54.0, 24.803273636895455)
(33.0, 55.0, 20.813768265895298)
(33.0, 56.0, 25.376716254258362)
(33.0, 57.0, 24.346430086799927)
(33.0, 58.0, 23.466533563558389)
(33.0, 59.0, 24.383753893817087)
(33.0, 60.0, 25.547970906499302)
(33.0, 61.0, 22.198581498169389)
(33.0, 62.0, 25.443950332952085)
(33.0, 63.0, 23.390035228758649)
(33.0, 64.0, 22.215704108086594)
(33.0, 65.0, 24.903484794315276)
(33.0, 66.0, 23.262829994787122)
(33.0, 67.0, 24.052557847817535)
(33.0, 68.0, 26.57360074277392)
(33.0, 69.0, 23.19032899061709)
(33.0, 70.0, 24.959473208086795)
(33.0, 71.0, 23.677187369574238)
(33.0, 72.0, 21.689699624802127)
(33.0, 73.0, 22.162989301558358)
(33.0, 74.0, 23.835984612977697)
(33.0, 75.0, 23.574137573336301)
(33.0, 76.0, 24.52505529371857)
(33.0, 77.0, 23.583240704053601)
(33.0, 78.0, 23.491860776936818)
(33.0, 79.0, 23.647863754825934)
(33.0, 80.0, 24.830995403256104)
(33.0, 81.0, 20.594748407474384)
(33.0, 82.0, 21.843809787127185)
(33.0, 83.0, 22.898157725001351)
(33.0, 84.0, 26.108527553784189)
(33.0, 85.0, 26.484281098145864)
(33.0, 86.0, 26.464750852104103)
(33.0, 87.0, 23.350571067842505)
(33.0, 88.0, 22.84656970330569)
(33.0, 89.0, 25.270704767850823)
(33.0, 90.0, 23.76106346025778)
(33.0, 91.0, 21.733148356265744)
(33.0, 92.0, 25.199576927233412)
(33.0, 93.0, 25.059006965098977)
(33.0, 94.0, 23.175779467183531)
(33.0, 95.0, 22.951984404532922)
(33.0, 96.0, 22.564895983722728)
(33.0, 97.0, 24.85132091426437)
(33.0, 98.0, 22.90307090017469)
(33.0, 99.0, 24.426010224013861)
(33.0, 100.0, 23.967989577585389)
(33.0, 101.0, 21.865682732629971)
(33.0, 102.0, 24.088103314725906)
(33.0, 103.0, 25.83962631424609)
(33.0, 104.0, 25.772171624796794)
(33.0, 105.0, 24.570794906883009)
(33.0, 106.0, 22.271179013451356)
(33.0, 107.0, 21.970986443085792)
(33.0, 108.0, 23.948232013190196)
(33.0, 109.0, 24.199698798023764)
(33.0, 110.0, 22.91808590915489)
(33.0, 111.0, 23.416203733751217)
(33.0, 112.0, 26.496943622260719)
(33.0, 113.0, 25.024330059392142)
(33.0, 114.0, 24.512835883299552)
(33.0, 115.0, 25.014800200038646)
(33.0, 116.0, 22.564905700136759)
(33.0, 117.0, 21.011387200661439)
(33.0, 118.0, 26.173274234174222)
(33.0, 119.0, 24.440554086613329)
(33.0, 120.0, 24.740560219465458)
(33.0, 121.0, 25.187314129716885)
(33.0, 122.0, 22.482675483792768)
(33.0, 123.0, 27.420443236015949)
(33.0, 124.0, 26.095843314022517)
(33.0, 125.0, 27.359470450899543)
(33.0, 126.0, 24.083342279191147)
(33.0, 127.0, 26.15055884946057)
(33.0, 128.0, 23.385608942396068)
(33.0, 129.0, 25.407578091400886)
(33.0, 130.0, 24.771189462897247)
(33.0, 131.0, 24.408493178719624)
(33.0, 132.0, 19.974956715980941)
(33.0, 133.0, 21.861067658177038)
(33.0, 134.0, 24.69573190049055)
(33.0, 135.0, 24.30308389985575)
(33.0, 136.0, 26.40404434293151)
(33.0, 137.0, 25.651942224550254)
(33.0, 138.0, 22.273791833378443)
(33.0, 139.0, 28.35827517762926)
(33.0, 140.0, 26.6395601156594)
(33.0, 141.0, 24.891979599145145)
(33.0, 142.0, 25.975775329249725)
(33.0, 143.0, 26.216349984473794)
(33.0, 144.0, 22.154347608523683)
(33.0, 145.0, 24.596205525233305)
(33.0, 146.0, 25.863534705688771)
(33.0, 147.0, 22.498924424951298)
(33.0, 148.0, 23.998757812999045)
(33.0, 149.0, 23.907413545701374)
(33.0, 150.0, 27.240109193895599)
(33.0, 151.0, 27.222808645477716)
(33.0, 152.0, 25.064749882077997)
(33.0, 153.0, 24.448851949385883)
(33.0, 154.0, 24.197902954561094)
(33.0, 155.0, 24.706990353898519)
(33.0, 156.0, 24.159243903835495)
(33.0, 157.0, 27.155256817489569)
(33.0, 158.0, 25.537155000177329)
(33.0, 159.0, 26.033287204007138)
(33.0, 160.0, 22.733822568684879)
(33.0, 161.0, 24.01973996773501)
(33.0, 162.0, 23.090155681279732)
(33.0, 163.0, 21.864464792954401)
(33.0, 164.0, 25.464211737429647)
(33.0, 165.0, 24.197604810971846)
(33.0, 166.0, 25.552361530951721)
(33.0, 167.0, 24.039725670578527)
(33.0, 168.0, 24.852349058568784)
(33.0, 169.0, 24.902297343953432)
(33.0, 170.0, 22.131106168096576)
(33.0, 171.0, 25.756603194002139)
(33.0, 172.0, 25.928698529002691)
(33.0, 173.0, 24.930866767259069)
(33.0, 174.0, 21.595347061449274)
(33.0, 175.0, 25.3461882399111)
(33.0, 176.0, 23.899704412197419)
(33.0, 177.0, 25.549237824228722)
(33.0, 178.0, 22.44376909220038)
(33.0, 179.0, 26.780278392961606)
(33.0, 180.0, 25.134360864741815)
(33.0, 181.0, 23.493310938237801)
(33.0, 182.0, 24.534345280629573)
(33.0, 183.0, 23.129069313377556)
(33.0, 184.0, 21.708226310994093)
(33.0, 185.0, 23.933919821614658)
(33.0, 186.0, 23.729225909117186)
(33.0, 187.0, 25.417725961809612)
(33.0, 188.0, 24.573032040080616)
(33.0, 189.0, 25.447419613717386)
(33.0, 190.0, 24.987973043736194)
(33.0, 191.0, 25.943479273298152)
(33.0, 192.0, 23.66231762529403)
(33.0, 193.0, 24.292590492404237)
(33.0, 194.0, 27.123786222199001)
(33.0, 195.0, 25.44524343807571)
(33.0, 196.0, 25.283668321578723)
(33.0, 197.0, 25.276694352586958)
(33.0, 198.0, 23.936582885301483)
(33.0, 199.0, 24.235227417735853)
(34.0, 0.0, 21.527225555558442)
(34.0, 1.0, 25.225614185748487)
(34.0, 2.0, 23.278947422429276)
(34.0, 3.0, 25.185936233253191)
(34.0, 4.0, 24.458737198726787)
(34.0, 5.0, 24.260865553322549)
(34.0, 6.0, 28.143520100190777)
(34.0, 7.0, 26.977149985781502)
(34.0, 8.0, 20.897122918628597)
(34.0, 9.0, 26.134391884380403)
(34.0, 10.0, 22.658607349322804)
(34.0, 11.0, 26.70290743166332)
(34.0, 12.0, 25.0706925742432)
(34.0, 13.0, 26.446968398997932)
(34.0, 14.0, 26.182490176043149)
(34.0, 15.0, 24.250281326813322)
(34.0, 16.0, 25.308572846419739)
(34.0, 17.0, 26.393481526411524)
(34.0, 18.0, 26.202793437239315)
(34.0, 19.0, 30.530605761196487)
(34.0, 20.0, 27.120663422920558)
(34.0, 21.0, 24.350792230239431)
(34.0, 22.0, 25.896013065909017)
(34.0, 23.0, 28.821475736679297)
(34.0, 24.0, 21.671870235392177)
(34.0, 25.0, 22.102046848205482)
(34.0, 26.0, 24.071734959784788)
(34.0, 27.0, 28.883534083728954)
(34.0, 28.0, 25.441210977115905)
(34.0, 29.0, 26.335539680752095)
(34.0, 30.0, 26.230947374989281)
(34.0, 31.0, 24.161451349281911)
(34.0, 32.0, 27.345360937817873)
(34.0, 33.0, 25.027954759147871)
(34.0, 34.0, 24.508143292985835)
(34.0, 35.0, 27.3486954570016)
(34.0, 36.0, 23.046073541834776)
(34.0, 37.0, 25.258335642064818)
(34.0, 38.0, 27.734660424609388)
(34.0, 39.0, 24.005487647506502)
(34.0, 40.0, 23.921103811387638)
(34.0, 41.0, 26.108117784552668)
(34.0, 42.0, 24.678447180817717)
(34.0, 43.0, 27.229967928470096)
(34.0, 44.0, 27.408026698292481)
(34.0, 45.0, 27.547314016657374)
(34.0, 46.0, 25.871660049597331)
(34.0, 47.0, 24.588750192298459)
(34.0, 48.0, 22.95212067595212)
(34.0, 49.0, 28.215433713587377)
(34.0, 50.0, 27.794145095929458)
(34.0, 51.0, 27.816882248373972)
(34.0, 52.0, 26.20319780848202)
(34.0, 53.0, 23.985903137087323)
(34.0, 54.0, 24.644283707750226)
(34.0, 55.0, 24.559158270342913)
(34.0, 56.0, 27.523618536536066)
(34.0, 57.0, 25.27242056011438)
(34.0, 58.0, 24.897155618348858)
(34.0, 59.0, 23.787364421373031)
(34.0, 60.0, 26.921074315586399)
(34.0, 61.0, 21.886806217176279)
(34.0, 62.0, 24.233429412985934)
(34.0, 63.0, 24.659957221539024)
(34.0, 64.0, 24.846567101943737)
(34.0, 65.0, 24.807286668222964)
(34.0, 66.0, 25.941064729266316)
(34.0, 67.0, 23.339055801644925)
(34.0, 68.0, 25.874997179990253)
(34.0, 69.0, 25.074266946654255)
(34.0, 70.0, 27.961401772707621)
(34.0, 71.0, 24.686577559292566)
(34.0, 72.0, 22.524668961738925)
(34.0, 73.0, 22.723107550375488)
(34.0, 74.0, 26.06749190827431)
(34.0, 75.0, 27.059537050862769)
(34.0, 76.0, 25.257347400810609)
(34.0, 77.0, 23.254982637916672)
(34.0, 78.0, 24.228487916909295)
(34.0, 79.0, 25.267511958470745)
(34.0, 80.0, 28.438284125837708)
(34.0, 81.0, 23.11202461392109)
(34.0, 82.0, 21.662908025593726)
(34.0, 83.0, 24.914024881516337)
(34.0, 84.0, 27.594074631227798)
(34.0, 85.0, 27.245808192108761)
(34.0, 86.0, 26.678346795579809)
(34.0, 87.0, 24.152572653988294)
(34.0, 88.0, 27.239843118956781)
(34.0, 89.0, 27.715725095360295)
(34.0, 90.0, 24.969983647733983)
(34.0, 91.0, 24.769783564091053)
(34.0, 92.0, 24.603987955592597)
(34.0, 93.0, 25.600027306307414)
(34.0, 94.0, 26.532437937581584)
(34.0, 95.0, 25.700597048849232)
(34.0, 96.0, 24.963658440873161)
(34.0, 97.0, 24.693511158466283)
(34.0, 98.0, 24.27963530368438)
(34.0, 99.0, 24.488131337379162)
(34.0, 100.0, 25.360692095828771)
(34.0, 101.0, 23.367186089382439)
(34.0, 102.0, 24.865460225522753)
(34.0, 103.0, 27.107874661916796)
(34.0, 104.0, 28.08972955817752)
(34.0, 105.0, 26.7063235522089)
(34.0, 106.0, 24.747247598431944)
(34.0, 107.0, 23.146444464465606)
(34.0, 108.0, 25.653871448381086)
(34.0, 109.0, 24.015207566141115)
(34.0, 110.0, 24.857816654129678)
(34.0, 111.0, 26.809634567789587)
(34.0, 112.0, 27.181654165072352)
(34.0, 113.0, 25.89773971279644)
(34.0, 114.0, 26.578217822933812)
(34.0, 115.0, 26.211332386604496)
(34.0, 116.0, 23.211317780421759)
(34.0, 117.0, 21.3601651820331)
(34.0, 118.0, 28.100245435450727)
(34.0, 119.0, 26.477158941946584)
(34.0, 120.0, 27.221668795133784)
(34.0, 121.0, 25.20899142883675)
(34.0, 122.0, 26.116784980732575)
(34.0, 123.0, 28.185471346967862)
(34.0, 124.0, 26.471276527653391)
(34.0, 125.0, 27.238919053785494)
(34.0, 126.0, 24.848428008103433)
(34.0, 127.0, 25.736172902474333)
(34.0, 128.0, 24.469705150910222)
(34.0, 129.0, 28.039989324676768)
(34.0, 130.0, 25.190990085574093)
(34.0, 131.0, 26.534851005741565)
(34.0, 132.0, 21.739804921650343)
(34.0, 133.0, 22.275444829598122)
(34.0, 134.0, 25.333621631627199)
(34.0, 135.0, 27.279248738020563)
(34.0, 136.0, 27.31362439040803)
(34.0, 137.0, 26.308964879008279)
(34.0, 138.0, 22.769288519654857)
(34.0, 139.0, 28.236566079623653)
(34.0, 140.0, 28.90298775428154)
(34.0, 141.0, 25.682036645601116)
(34.0, 142.0, 24.75783574692332)
(34.0, 143.0, 27.310669748390687)
(34.0, 144.0, 24.093893656017325)
(34.0, 145.0, 25.044363858171327)
(34.0, 146.0, 27.903880329225093)
(34.0, 147.0, 23.678830187036027)
(34.0, 148.0, 24.425320451385772)
(34.0, 149.0, 27.936147946745635)
(34.0, 150.0, 30.728225005788559)
(34.0, 151.0, 27.856618332212509)
(34.0, 152.0, 24.987965559677065)
(34.0, 153.0, 25.914863061875707)
(34.0, 154.0, 26.567539830685831)
(34.0, 155.0, 27.691874408450492)
(34.0, 156.0, 27.40186379273058)
(34.0, 157.0, 28.038678846140652)
(34.0, 158.0, 28.570428261592539)
(34.0, 159.0, 25.777797383357726)
(34.0, 160.0, 26.200520347718424)
(34.0, 161.0, 25.469633136302999)
(34.0, 162.0, 26.747557290713086)
(34.0, 163.0, 23.990330004888698)
(34.0, 164.0, 25.964477217383735)
(34.0, 165.0, 25.086423759503923)
(34.0, 166.0, 26.931848400657387)
(34.0, 167.0, 24.374992610483261)
(34.0, 168.0, 25.804395851029895)
(34.0, 169.0, 25.097064832377999)
(34.0, 170.0, 23.797483049978222)
(34.0, 171.0, 27.279966065194365)
(34.0, 172.0, 28.743299414777518)
(34.0, 173.0, 24.652048900925308)
(34.0, 174.0, 23.815276119119346)
(34.0, 175.0, 26.816119301542546)
(34.0, 176.0, 25.263580462478934)
(34.0, 177.0, 27.687946686383466)
(34.0, 178.0, 24.161615786839462)
(34.0, 179.0, 27.818306030606148)
(34.0, 180.0, 27.645597778681683)
(34.0, 181.0, 26.15649270098011)
(34.0, 182.0, 25.180272491771138)
(34.0, 183.0, 24.947054043313877)
(34.0, 184.0, 23.929526978266356)
(34.0, 185.0, 25.79077770864906)
(34.0, 186.0, 26.083553598364166)
(34.0, 187.0, 28.025125346730071)
(34.0, 188.0, 26.422722438290556)
(34.0, 189.0, 27.48280851342712)
(34.0, 190.0, 27.017436334019351)
(34.0, 191.0, 24.377895839488438)
(34.0, 192.0, 27.023948937892868)
(34.0, 193.0, 26.383375613191596)
(34.0, 194.0, 27.40539730130314)
(34.0, 195.0, 26.685857973403383)
(34.0, 196.0, 24.731885243865008)
(34.0, 197.0, 27.507676798763086)
(34.0, 198.0, 25.671925685231955)
(34.0, 199.0, 25.387864039772026)
(35.0, 0.0, 20.856300654423013)
(35.0, 1.0, 24.646916155180783)
(35.0, 2.0, 24.634655036329338)
(35.0, 3.0, 25.611453062732245)
(35.0, 4.0, 23.679693832771115)
(35.0, 5.0, 25.229678445392874)
(35.0, 6.0, 27.861632263587694)
(35.0, 7.0, 25.464056780624215)
(35.0, 8.0, 22.024124009150125)
(35.0, 9.0, 25.370540282526317)
(35.0, 10.0, 22.706850750830935)
(35.0, 11.0, 27.869766837665939)
(35.0, 12.0, 25.611841486457504)
(35.0, 13.0, 24.124994182182377)
(35.0, 14.0, 26.222089753917992)
(35.0, 15.0, 24.164126110368535)
(35.0, 16.0, 24.063239642778541)
(35.0, 17.0, 25.704776425441949)
(35.0, 18.0, 27.218071767619321)
(35.0, 19.0, 28.967130183909745)
(35.0, 20.0, 25.263072879626574)
(35.0, 21.0, 25.205312004448857)
(35.0, 22.0, 25.849485366145572)
(35.0, 23.0, 26.92351737089615)
(35.0, 24.0, 20.403815990193188)
(35.0, 25.0, 21.505097817961069)
(35.0, 26.0, 23.722133845884905)
(35.0, 27.0, 28.479222066255659)
(35.0, 28.0, 25.374406242241363)
(35.0, 29.0, 24.169070185170948)
(35.0, 30.0, 25.992544346943468)
(35.0, 31.0, 23.722475127552801)
(35.0, 32.0, 25.470587904875323)
(35.0, 33.0, 25.636261987061449)
(35.0, 34.0, 26.77922616921915)
(35.0, 35.0, 27.696566152509799)
(35.0, 36.0, 22.802035080357193)
(35.0, 37.0, 26.815181412761078)
(35.0, 38.0, 27.923018738543007)
(35.0, 39.0, 22.629109432312731)
(35.0, 40.0, 23.761503918581504)
(35.0, 41.0, 24.911923409511591)
(35.0, 42.0, 24.311425970871159)
(35.0, 43.0, 26.198534123771744)
(35.0, 44.0, 28.583885889933811)
(35.0, 45.0, 25.636353860360533)
(35.0, 46.0, 27.149194860366372)
(35.0, 47.0, 24.252377962319802)
(35.0, 48.0, 23.022894732114839)
(35.0, 49.0, 27.486633785060409)
(35.0, 50.0, 27.824211438449002)
(35.0, 51.0, 25.331953853581449)
