(15.0, 20.0, 24.705906839181736)
(15.0, 21.0, 22.540725153843901)
(15.0, 22.0, 25.142539489063346)
(15.0, 23.0, 25.225488186762938)
(15.0, 24.0, 20.250352708690443)
(15.0, 25.0, 21.228873439893341)
(15.0, 26.0, 23.366022310840769)
(15.0, 27.0, 26.351269301150086)
(15.0, 28.0, 24.639836338528031)
(15.0, 29.0, 24.130667153908632)
(15.0, 30.0, 23.162608650685993)
(15.0, 31.0, 20.120997335063993)
(15.0, 32.0, 23.69992397606935)
(15.0, 33.0, 24.573151815671824)
(15.0, 34.0, 24.215898245728738)
(15.0, 35.0, 25.006963232219039)
(15.0, 36.0, 22.106283380376155)
(15.0, 37.0, 25.844451133485659)
(15.0, 38.0, 25.318170558872186)
(15.0, 39.0, 21.990813121405161)
(15.0, 40.0, 20.567000845914716)
(15.0, 41.0, 22.715150035415995)
(15.0, 42.0, 23.78481623299664)
(15.0, 43.0, 26.848785857075132)
(15.0, 44.0, 25.335222239354955)
(15.0, 45.0, 25.239259698125892)
(15.0, 46.0, 24.761755019611378)
(15.0, 47.0, 23.22783056569212)
(15.0, 48.0, 22.336740920630152)
(15.0, 49.0, 25.028420997433354)
(15.0, 50.0, 26.191537638785611)
(15.0, 51.0, 25.869101145034072)
(15.0, 52.0, 21.885165558109971)
(15.0, 53.0, 23.225425899902028)
(15.0, 54.0, 22.566716714009836)
(15.0, 55.0, 21.606020533945763)
(15.0, 56.0, 25.783296715432591)
(15.0, 57.0, 23.568835726784368)
(15.0, 58.0, 22.063724568581272)
(15.0, 59.0, 22.953784012504745)
(15.0, 60.0, 24.957305373504106)
(15.0, 61.0, 21.329935894162055)
(15.0, 62.0, 26.632816464297132)
(15.0, 63.0, 23.228082440978341)
(15.0, 64.0, 23.320443890884466)
(15.0, 65.0, 23.317952568300342)
(15.0, 66.0, 24.241411858600735)
(15.0, 67.0, 22.79130831382307)
(15.0, 68.0, 25.452786454110466)
(15.0, 69.0, 23.816181495071156)
(15.0, 70.0, 25.284968342014032)
(15.0, 71.0, 22.311375811469301)
(15.0, 72.0, 21.445809791858306)
(15.0, 73.0, 22.608486076781226)
(15.0, 74.0, 24.353828478403102)
(15.0, 75.0, 25.235908416253896)
(15.0, 76.0, 23.69955850432088)
(15.0, 77.0, 21.657672284152149)
(15.0, 78.0, 24.474147551416259)
(15.0, 79.0, 22.98843415255832)
(15.0, 80.0, 25.308129903029297)
(15.0, 81.0, 20.790901109587779)
(15.0, 82.0, 20.399618472267377)
(15.0, 83.0, 24.808356776040004)
(15.0, 84.0, 26.903041645402968)
(15.0, 85.0, 24.738343997527128)
(15.0, 86.0, 25.74190363850607)
(15.0, 87.0, 23.285240980470554)
(15.0, 88.0, 24.016465560916323)
(15.0, 89.0, 24.071224276582772)
(15.0, 90.0, 25.68356470434674)
(15.0, 91.0, 24.267820755022871)
(15.0, 92.0, 23.689648122123884)
(15.0, 93.0, 25.366752328785783)
(15.0, 94.0, 23.826679067182326)
(15.0, 95.0, 22.999024169463869)
(15.0, 96.0, 22.548366448469416)
(15.0, 97.0, 23.830516941539397)
(15.0, 98.0, 22.622193532485866)
(15.0, 99.0, 22.750426174735697)
(15.0, 100.0, 23.301829137434048)
(15.0, 101.0, 22.636385371243684)
(15.0, 102.0, 23.94975261059778)
(15.0, 103.0, 25.347919361095563)
(15.0, 104.0, 26.623195169544431)
(15.0, 105.0, 23.037736240984284)
(15.0, 106.0, 22.419795262075713)
(15.0, 107.0, 21.010734385575802)
(15.0, 108.0, 24.083223611970336)
(15.0, 109.0, 22.937355468256129)
(15.0, 110.0, 24.912202308281891)
(15.0, 111.0, 24.443180012628563)
(15.0, 112.0, 25.831567282204439)
(15.0, 113.0, 24.861020472136214)
(15.0, 114.0, 24.993350139022326)
(15.0, 115.0, 24.185930713232977)
(15.0, 116.0, 21.618906578524683)
(15.0, 117.0, 21.275725525689353)
(15.0, 118.0, 27.059464383327075)
(15.0, 119.0, 24.27590876179843)
(15.0, 120.0, 26.755330968816807)
(15.0, 121.0, 23.506465023387879)
(15.0, 122.0, 23.730505240260968)
(15.0, 123.0, 26.987796978335773)
(15.0, 124.0, 23.789227157156521)
(15.0, 125.0, 24.980593043308005)
(15.0, 126.0, 22.032778290282522)
(15.0, 127.0, 25.421660220192383)
(15.0, 128.0, 24.674209601527568)
(15.0, 129.0, 25.062990279919571)
(15.0, 130.0, 24.573994666413029)
(15.0, 131.0, 24.25924087231073)
(15.0, 132.0, 21.140153519831273)
(15.0, 133.0, 21.123796945961207)
(15.0, 134.0, 24.197717011543975)
(15.0, 135.0, 24.396650522980337)
(15.0, 136.0, 25.80295253871439)
(15.0, 137.0, 24.666654537557282)
(15.0, 138.0, 20.726606458581688)
(15.0, 139.0, 26.475804291239267)
(15.0, 140.0, 26.965552806322169)
(15.0, 141.0, 23.481690119961094)
(15.0, 142.0, 23.503454264259158)
(15.0, 143.0, 25.136498283595763)
(15.0, 144.0, 23.234999187890804)
(15.0, 145.0, 23.419367359675846)
(15.0, 146.0, 27.344010149103745)
(15.0, 147.0, 22.883489196176448)
(15.0, 148.0, 22.255091821889184)
(15.0, 149.0, 27.043821467787879)
(15.0, 150.0, 27.132332554733548)
(15.0, 151.0, 26.71315398902388)
(15.0, 152.0, 25.415646489415501)
(15.0, 153.0, 26.710900321270358)
(15.0, 154.0, 25.771656976780601)
(15.0, 155.0, 25.088918831047433)
(15.0, 156.0, 25.654385604729139)
(15.0, 157.0, 27.436135945845251)
(15.0, 158.0, 24.674286221602301)
(15.0, 159.0, 23.800266759893933)
(15.0, 160.0, 22.773016027744912)
(15.0, 161.0, 23.599134557381511)
(15.0, 162.0, 26.307421084802968)
(15.0, 163.0, 23.381047983015069)
(15.0, 164.0, 24.399359646883511)
(15.0, 165.0, 24.021543889630912)
(15.0, 166.0, 26.368646288441361)
(15.0, 167.0, 23.568890519714358)
(15.0, 168.0, 24.950383151855853)
(15.0, 169.0, 23.892851357534557)
(15.0, 170.0, 21.783006164171987)
(15.0, 171.0, 24.956543742042804)
(15.0, 172.0, 26.245767659437355)
(15.0, 173.0, 24.786179700737144)
(15.0, 174.0, 21.76609236849141)
(15.0, 175.0, 24.419147225863671)
(15.0, 176.0, 25.210861057820175)
(15.0, 177.0, 25.684343295552171)
(15.0, 178.0, 23.99923929090966)
(15.0, 179.0, 25.193829713716415)
(15.0, 180.0, 26.3293812844034)
(15.0, 181.0, 24.729310558985876)
(15.0, 182.0, 24.907692736527817)
(15.0, 183.0, 22.029020206339876)
(15.0, 184.0, 21.893586548414667)
(15.0, 185.0, 23.698098073339455)
(15.0, 186.0, 24.338666515507764)
(15.0, 187.0, 25.981179983234114)
(15.0, 188.0, 24.016201392528096)
(15.0, 189.0, 26.002970570812501)
(15.0, 190.0, 25.780628621905681)
(15.0, 191.0, 23.269358749972426)
(15.0, 192.0, 25.565593903622457)
(15.0, 193.0, 25.617099290526752)
(15.0, 194.0, 25.933965186917291)
(15.0, 195.0, 26.649139707836895)
(15.0, 196.0, 25.279932287972922)
(15.0, 197.0, 26.055527291928453)
(15.0, 198.0, 23.723540761533897)
(15.0, 199.0, 23.785728177761172)
(16.0, 0.0, 20.501016892994279)
(16.0, 1.0, 24.169024003477787)
(16.0, 2.0, 20.754460168552207)
(16.0, 3.0, 24.874877528617851)
(16.0, 4.0, 20.724764949523422)
(16.0, 5.0, 23.709548144898854)
(16.0, 6.0, 24.362067738967621)
(16.0, 7.0, 25.42973475413967)
(16.0, 8.0, 20.345929423069887)
(16.0, 9.0, 22.943854566953679)
(16.0, 10.0, 22.511669651100387)
(16.0, 11.0, 25.036532051555902)
(16.0, 12.0, 23.577856542006668)
(16.0, 13.0, 25.375851639387747)
(16.0, 14.0, 23.742288423477142)
(16.0, 15.0, 20.975766158061109)
(16.0, 16.0, 22.725379152059141)
(16.0, 17.0, 24.436615116644923)
(16.0, 18.0, 24.247151708684491)
(16.0, 19.0, 26.547239745462818)
(16.0, 20.0, 23.622927929526199)
(16.0, 21.0, 22.142070815324246)
(16.0, 22.0, 23.691160831801838)
(16.0, 23.0, 23.906777152299732)
(16.0, 24.0, 19.348771275447824)
(16.0, 25.0, 20.167263149329163)
(16.0, 26.0, 21.062520708754935)
(16.0, 27.0, 27.962612327452817)
(16.0, 28.0, 22.567353549262108)
(16.0, 29.0, 23.378278946607168)
(16.0, 30.0, 21.625414106696049)
(16.0, 31.0, 21.031070206823518)
(16.0, 32.0, 23.430380129042955)
(16.0, 33.0, 23.971978469948272)
(16.0, 34.0, 24.597438641761379)
(16.0, 35.0, 24.362855918059285)
(16.0, 36.0, 22.081756434337272)
(16.0, 37.0, 25.657753059289931)
(16.0, 38.0, 24.360775037686928)
(16.0, 39.0, 21.591152967209094)
(16.0, 40.0, 21.215221335375865)
(16.0, 41.0, 22.476072950463646)
(16.0, 42.0, 23.125571886791224)
(16.0, 43.0, 23.90497413649851)
(16.0, 44.0, 24.842051348895495)
(16.0, 45.0, 24.699615341339985)
(16.0, 46.0, 21.934971892169575)
(16.0, 47.0, 20.626996584012954)
(16.0, 48.0, 21.564873361268923)
(16.0, 49.0, 25.502086916165361)
(16.0, 50.0, 24.601292667013272)
(16.0, 51.0, 24.887459570583744)
(16.0, 52.0, 23.485126919308669)
(16.0, 53.0, 22.155070500421584)
(16.0, 54.0, 22.755169200155088)
(16.0, 55.0, 21.282527559195678)
(16.0, 56.0, 23.139198084346553)
(16.0, 57.0, 22.155266828815005)
(16.0, 58.0, 22.827637640364316)
(16.0, 59.0, 22.356022212803694)
(16.0, 60.0, 22.969995527081078)
(16.0, 61.0, 21.842185523185336)
(16.0, 62.0, 24.051597043950643)
(16.0, 63.0, 21.591584147537628)
(16.0, 64.0, 20.991403984404851)
(16.0, 65.0, 21.6078932468114)
(16.0, 66.0, 25.344710748521265)
(16.0, 67.0, 22.702572840219535)
(16.0, 68.0, 25.448271453089387)
(16.0, 69.0, 22.446062558144696)
(16.0, 70.0, 25.054697084258375)
(16.0, 71.0, 22.509769211850553)
(16.0, 72.0, 20.598585210750276)
(16.0, 73.0, 19.924013858455599)
(16.0, 74.0, 22.799979044363074)
(16.0, 75.0, 23.784942590986638)
(16.0, 76.0, 24.029973601354854)
(16.0, 77.0, 22.901698124491162)
(16.0, 78.0, 22.977920432311173)
(16.0, 79.0, 21.74613406702024)
(16.0, 80.0, 23.285672952667419)
(16.0, 81.0, 18.650660787149324)
(16.0, 82.0, 19.005841815299867)
(16.0, 83.0, 20.800106451515695)
(16.0, 84.0, 25.145858333243471)
(16.0, 85.0, 23.540488646934989)
(16.0, 86.0, 24.99389467511369)
(16.0, 87.0, 21.22338947574648)
(16.0, 88.0, 24.289581799514718)
(16.0, 89.0, 22.215085147464336)
(16.0, 90.0, 21.82131789417268)
(16.0, 91.0, 22.462713446345056)
(16.0, 92.0, 23.492430712216311)
(16.0, 93.0, 25.023823012592171)
(16.0, 94.0, 22.959391875420323)
(16.0, 95.0, 23.35982947026179)
(16.0, 96.0, 21.344690390338211)
(16.0, 97.0, 22.882012374960812)
(16.0, 98.0, 21.067240170109098)
(16.0, 99.0, 23.071734724821802)
(16.0, 100.0, 25.37524047299592)
(16.0, 101.0, 21.972952613308557)
(16.0, 102.0, 22.860030185957328)
(16.0, 103.0, 23.656855619571363)
(16.0, 104.0, 25.399690389710273)
(16.0, 105.0, 21.848292608860937)
(16.0, 106.0, 22.204628020998229)
(16.0, 107.0, 21.157359589450405)
(16.0, 108.0, 23.736087009549607)
(16.0, 109.0, 21.779036711082252)
(16.0, 110.0, 23.025440271654485)
(16.0, 111.0, 22.954687144914352)
(16.0, 112.0, 25.421583099417681)
(16.0, 113.0, 24.310662940466077)
(16.0, 114.0, 22.895515769632652)
(16.0, 115.0, 24.489109768276929)
(16.0, 116.0, 21.617582573370566)
(16.0, 117.0, 20.013864503078139)
(16.0, 118.0, 24.811991733121541)
(16.0, 119.0, 22.963781184481654)
(16.0, 120.0, 23.556236534353559)
(16.0, 121.0, 25.28439232559035)
(16.0, 122.0, 23.154049942388497)
(16.0, 123.0, 25.147654314249337)
(16.0, 124.0, 23.556830722687454)
(16.0, 125.0, 24.215079384880568)
(16.0, 126.0, 21.608606852991436)
(16.0, 127.0, 23.510192575452649)
(16.0, 128.0, 21.268279156017321)
(16.0, 129.0, 25.321691331004864)
(16.0, 130.0, 23.587969923320252)
(16.0, 131.0, 22.508489803076362)
(16.0, 132.0, 18.263401302351753)
(16.0, 133.0, 20.477400086415997)
(16.0, 134.0, 25.315625925521932)
(16.0, 135.0, 22.091652943736172)
(16.0, 136.0, 23.826207592728309)
(16.0, 137.0, 23.660088152031953)
(16.0, 138.0, 20.819284463888025)
(16.0, 139.0, 26.056961466988085)
(16.0, 140.0, 24.267603498158653)
(16.0, 141.0, 23.206397494522392)
(16.0, 142.0, 24.930319344456585)
(16.0, 143.0, 25.15200776648167)
(16.0, 144.0, 21.529806097030534)
(16.0, 145.0, 24.102644429334514)
(16.0, 146.0, 25.657514740595509)
(16.0, 147.0, 22.384522347756914)
(16.0, 148.0, 21.792891986078931)
(16.0, 149.0, 24.430397683129776)
(16.0, 150.0, 25.040244129778678)
(16.0, 151.0, 27.367004875862133)
(16.0, 152.0, 22.979751923054671)
(16.0, 153.0, 23.711947397996326)
(16.0, 154.0, 24.069186150023807)
(16.0, 155.0, 24.052171958770664)
(16.0, 156.0, 24.825862158619042)
(16.0, 157.0, 24.59554535075943)
(16.0, 158.0, 24.977400269899547)
(16.0, 159.0, 24.176798064269306)
(16.0, 160.0, 21.089204661981675)
(16.0, 161.0, 23.551729134093335)
(16.0, 162.0, 23.531940835761127)
(16.0, 163.0, 21.728499731220953)
(16.0, 164.0, 24.088214157812764)
(16.0, 165.0, 23.312172026682251)
(16.0, 166.0, 23.952571421181148)
(16.0, 167.0, 22.256600428353536)
(16.0, 168.0, 23.015870275843859)
(16.0, 169.0, 24.246832954208831)
(16.0, 170.0, 20.711534478529646)
(16.0, 171.0, 23.937978425731703)
(16.0, 172.0, 24.917678679452131)
(16.0, 173.0, 22.850796314487194)
(16.0, 174.0, 20.268763843290976)
(16.0, 175.0, 25.312681114516447)
(16.0, 176.0, 24.779596905414735)
(16.0, 177.0, 23.98677279419822)
(16.0, 178.0, 22.317965394347524)
(16.0, 179.0, 24.070606135245125)
(16.0, 180.0, 23.051217345848588)
(16.0, 181.0, 23.776275211502707)
(16.0, 182.0, 23.152509905916126)
(16.0, 183.0, 21.983309829223895)
(16.0, 184.0, 21.829190112937347)
(16.0, 185.0, 21.981444694129067)
(16.0, 186.0, 22.385012574058855)
(16.0, 187.0, 24.83214838103704)
(16.0, 188.0, 23.130998196248402)
(16.0, 189.0, 25.575541204615966)
(16.0, 190.0, 24.837312550890147)
(16.0, 191.0, 22.286494060843218)
(16.0, 192.0, 23.222345442579886)
(16.0, 193.0, 22.220161273116538)
(16.0, 194.0, 25.17779550759883)
(16.0, 195.0, 25.488909645219735)
(16.0, 196.0, 23.418314886816287)
(16.0, 197.0, 24.180475641161493)
(16.0, 198.0, 21.088881369827945)
(16.0, 199.0, 23.430310696225948)
(17.0, 0.0, 22.157868874660647)
(17.0, 1.0, 24.700686494382694)
(17.0, 2.0, 23.261536579754335)
(17.0, 3.0, 26.918932995368806)
(17.0, 4.0, 24.398775249344688)
(17.0, 5.0, 27.320500850534916)
(17.0, 6.0, 27.191656807896202)
(17.0, 7.0, 24.965220733673547)
(17.0, 8.0, 23.179336378531644)
(17.0, 9.0, 26.723389334279009)
(17.0, 10.0, 23.817710937421538)
(17.0, 11.0, 25.617871223840822)
(17.0, 12.0, 26.573488871860931)
(17.0, 13.0, 25.974867724742452)
(17.0, 14.0, 23.678064377838794)
(17.0, 15.0, 24.780795916400336)
(17.0, 16.0, 23.106967964441903)
(17.0, 17.0, 24.770847870517777)
(17.0, 18.0, 24.821544124703252)
(17.0, 19.0, 28.674300688718422)
(17.0, 20.0, 26.846737017914442)
(17.0, 21.0, 24.3578673881409)
(17.0, 22.0, 25.838593013095952)
(17.0, 23.0, 25.955450366112665)
(17.0, 24.0, 20.228812201879176)
(17.0, 25.0, 20.336434610062152)
(17.0, 26.0, 24.830028964265384)
(17.0, 27.0, 29.466576293270883)
(17.0, 28.0, 26.446846019987021)
(17.0, 29.0, 25.042681682181755)
(17.0, 30.0, 23.16702316278986)
(17.0, 31.0, 22.465731032352338)
(17.0, 32.0, 26.677915619849749)
(17.0, 33.0, 24.939121659686975)
(17.0, 34.0, 25.424656079257975)
(17.0, 35.0, 26.296638500396902)
(17.0, 36.0, 22.53934215035871)
(17.0, 37.0, 26.208299923581471)
(17.0, 38.0, 27.018555857921925)
(17.0, 39.0, 22.645036764890552)
(17.0, 40.0, 24.26364359340883)
(17.0, 41.0, 26.604353626656366)
(17.0, 42.0, 25.320416750130377)
(17.0, 43.0, 26.503194925663841)
(17.0, 44.0, 28.294467839194386)
(17.0, 45.0, 25.932532167699499)
(17.0, 46.0, 25.887378698281523)
(17.0, 47.0, 24.991135707236396)
(17.0, 48.0, 22.533584955891083)
(17.0, 49.0, 27.231958485336285)
(17.0, 50.0, 27.914289730123699)
(17.0, 51.0, 26.269937013097849)
(17.0, 52.0, 25.247629685413528)
(17.0, 53.0, 24.78596383710633)
(17.0, 54.0, 23.638682778397477)
(17.0, 55.0, 23.653829701784801)
(17.0, 56.0, 25.705090141486966)
(17.0, 57.0, 26.686959074468483)
(17.0, 58.0, 24.851161428184643)
(17.0, 59.0, 25.044854892109168)
(17.0, 60.0, 25.432855814136524)
(17.0, 61.0, 22.391883087475641)
(17.0, 62.0, 26.272325904015922)
(17.0, 63.0, 23.271404694472185)
(17.0, 64.0, 23.436044121751223)
(17.0, 65.0, 24.158604676779809)
(17.0, 66.0, 24.883695102268977)
(17.0, 67.0, 24.567407197565508)
(17.0, 68.0, 27.432239785278242)
(17.0, 69.0, 24.617236311629934)
(17.0, 70.0, 24.943453528833547)
(17.0, 71.0, 23.684280587649024)
(17.0, 72.0, 21.702139022615452)
(17.0, 73.0, 21.696807139048534)
(17.0, 74.0, 24.380069628011658)
(17.0, 75.0, 26.804976531617346)
(17.0, 76.0, 25.54321921980214)
(17.0, 77.0, 22.395316740939158)
(17.0, 78.0, 24.928273344096183)
(17.0, 79.0, 24.763188378979454)
(17.0, 80.0, 26.609506193378852)
(17.0, 81.0, 21.985160725445855)
(17.0, 82.0, 22.389425031573936)
(17.0, 83.0, 23.774997367774475)
(17.0, 84.0, 26.34851834762711)
(17.0, 85.0, 26.431376888998059)
(17.0, 86.0, 26.039512412862386)
(17.0, 87.0, 24.392407795097711)
(17.0, 88.0, 25.079044673597537)
(17.0, 89.0, 25.313810567914693)
(17.0, 90.0, 24.490752270310285)
(17.0, 91.0, 25.523198150846024)
(17.0, 92.0, 23.145315461671213)
(17.0, 93.0, 26.068787059054639)
(17.0, 94.0, 24.910430378832615)
(17.0, 95.0, 23.969358772060787)
(17.0, 96.0, 22.258026898569291)
(17.0, 97.0, 25.854015418906254)
(17.0, 98.0, 25.44787019629079)
(17.0, 99.0, 26.488549812116837)
(17.0, 100.0, 27.097246186763634)
(17.0, 101.0, 23.762192197431666)
(17.0, 102.0, 23.872408496670786)
(17.0, 103.0, 27.24979314372553)
(17.0, 104.0, 27.955054186907649)
(17.0, 105.0, 26.25106548155194)
(17.0, 106.0, 24.499464007201883)
(17.0, 107.0, 22.364845981092881)
(17.0, 108.0, 25.483949648008078)
(17.0, 109.0, 24.757586979942111)
(17.0, 110.0, 25.818875941842073)
(17.0, 111.0, 25.004600747184284)
(17.0, 112.0, 27.418866387305759)
(17.0, 113.0, 26.025213731158939)
(17.0, 114.0, 25.717116686167063)
(17.0, 115.0, 25.542998922237324)
(17.0, 116.0, 22.858657096925761)
(17.0, 117.0, 22.826993120569441)
(17.0, 118.0, 26.054320191717398)
(17.0, 119.0, 24.740233098982067)
(17.0, 120.0, 27.031171164232738)
(17.0, 121.0, 26.6970647602135)
(17.0, 122.0, 24.794692626176037)
(17.0, 123.0, 27.738136572470669)
(17.0, 124.0, 27.243924106527011)
(17.0, 125.0, 27.506023941338967)
(17.0, 126.0, 24.222831493234729)
(17.0, 127.0, 26.435957980338717)
(17.0, 128.0, 24.07941088929001)
(17.0, 129.0, 26.551104733803207)
(17.0, 130.0, 25.791328624523903)
(17.0, 131.0, 24.740103667087666)
(17.0, 132.0, 21.84662179279745)
(17.0, 133.0, 22.972399967025027)
(17.0, 134.0, 27.012757586180335)
(17.0, 135.0, 24.707598597179555)
(17.0, 136.0, 25.483572726749728)
(17.0, 137.0, 26.190140989270564)
(17.0, 138.0, 24.258661244069252)
(17.0, 139.0, 26.856323741840502)
(17.0, 140.0, 27.723305930618718)
(17.0, 141.0, 25.680348706261015)
(17.0, 142.0, 25.218986886331045)
(17.0, 143.0, 25.03007460303612)
(17.0, 144.0, 24.369857595060267)
(17.0, 145.0, 24.733235887256377)
(17.0, 146.0, 28.556285127076741)
(17.0, 147.0, 22.700592427797222)
(17.0, 148.0, 24.190624453552765)
(17.0, 149.0, 25.580086379830703)
(17.0, 150.0, 28.554307037590242)
(17.0, 151.0, 28.648279763656653)
(17.0, 152.0, 26.251676780306418)
(17.0, 153.0, 26.715150119288481)
(17.0, 154.0, 24.744722888968717)
(17.0, 155.0, 26.235951421354102)
(17.0, 156.0, 26.028779715184982)
(17.0, 157.0, 27.187891347894755)
(17.0, 158.0, 26.373482290456231)
(17.0, 159.0, 26.052538110023093)
(17.0, 160.0, 24.720908954701137)
(17.0, 161.0, 24.656098010045142)
(17.0, 162.0, 26.383101894567666)
(17.0, 163.0, 24.066240833328841)
(17.0, 164.0, 25.521159608069791)
(17.0, 165.0, 26.034487326860475)
(17.0, 166.0, 26.397079839374356)
(17.0, 167.0, 25.388924025992228)
(17.0, 168.0, 23.53290038460603)
(17.0, 169.0, 26.536564554595632)
(17.0, 170.0, 23.751652149166659)
(17.0, 171.0, 27.721858819057221)
(17.0, 172.0, 26.833338848488076)
(17.0, 173.0, 27.090049335229487)
(17.0, 174.0, 23.208683587324749)
(17.0, 175.0, 26.854090034016412)
(17.0, 176.0, 25.07863829367469)
(17.0, 177.0, 26.88134553679647)
(17.0, 178.0, 24.092614446242042)
(17.0, 179.0, 26.685055887511744)
(17.0, 180.0, 25.656929115228969)
(17.0, 181.0, 25.598109839351707)
(17.0, 182.0, 25.087039017490941)
(17.0, 183.0, 25.645383156480747)
(17.0, 184.0, 24.740728467216393)
(17.0, 185.0, 25.571284541618262)
(17.0, 186.0, 24.755445510176827)
(17.0, 187.0, 26.983654766880608)
(17.0, 188.0, 25.346048634122045)
(17.0, 189.0, 27.818153829711704)
(17.0, 190.0, 26.952830870285631)
(17.0, 191.0, 24.282057171170884)
(17.0, 192.0, 25.136878714077056)
(17.0, 193.0, 25.549381634205034)
(17.0, 194.0, 26.738762293881166)
(17.0, 195.0, 24.580876560853106)
(17.0, 196.0, 27.006314189238516)
(17.0, 197.0, 25.073940861404569)
(17.0, 198.0, 23.779534506721902)
(17.0, 199.0, 24.649585084692852)
(18.0, 0.0, 23.107837786881085)
(18.0, 1.0, 27.834038998718377)
(18.0, 2.0, 24.715928946288543)
(18.0, 3.0, 27.019658018696365)
(18.0, 4.0, 25.492944931496158)
(18.0, 5.0, 26.457813145509167)
(18.0, 6.0, 28.765244935598581)
(18.0, 7.0, 29.61872767789178)
(18.0, 8.0, 23.406467336405687)
(18.0, 9.0, 29.309359984679055)
(18.0, 10.0, 25.855586669866589)
(18.0, 11.0, 30.022843673854464)
(18.0, 12.0, 29.391556490413436)
(18.0, 13.0, 28.004726690573861)
(18.0, 14.0, 27.685752838034485)
(18.0, 15.0, 25.963806360395061)
(18.0, 16.0, 26.417540969758349)
(18.0, 17.0, 27.550393276696674)
(18.0, 18.0, 27.615385716866783)
(18.0, 19.0, 32.462343065799161)
(18.0, 20.0, 27.969057051426731)
(18.0, 21.0, 26.968267884681094)
(18.0, 22.0, 31.117614473113839)
(18.0, 23.0, 30.687094870032091)
(18.0, 24.0, 21.913715204079299)
(18.0, 25.0, 23.631168634155365)
(18.0, 26.0, 26.297239792575304)
(18.0, 27.0, 30.009402436315455)
(18.0, 28.0, 27.249812671572037)
(18.0, 29.0, 27.262003851454949)
(18.0, 30.0, 26.365510315532777)
(18.0, 31.0, 23.075148586221957)
(18.0, 32.0, 28.922893327323532)
(18.0, 33.0, 26.964085529939016)
(18.0, 34.0, 27.842029583710524)
(18.0, 35.0, 28.145959181871952)
(18.0, 36.0, 24.74992508793861)
(18.0, 37.0, 29.220621021495237)
(18.0, 38.0, 28.502492410737226)
(18.0, 39.0, 24.397869947019039)
(18.0, 40.0, 26.139478365081271)
(18.0, 41.0, 26.701646268294699)
(18.0, 42.0, 27.309598000957244)
(18.0, 43.0, 29.886157729946063)
(18.0, 44.0, 30.25704320188672)
(18.0, 45.0, 28.640396686024236)
(18.0, 46.0, 28.325768609851711)
(18.0, 47.0, 26.800944703834887)
(18.0, 48.0, 26.44092655889985)
(18.0, 49.0, 30.020431886245923)
(18.0, 50.0, 29.792183850317418)
(18.0, 51.0, 29.322332313233364)
(18.0, 52.0, 27.870887144515912)
(18.0, 53.0, 26.698152695542912)
(18.0, 54.0, 24.370425347815917)
(18.0, 55.0, 28.07347317791799)
(18.0, 56.0, 29.252236038554887)
(18.0, 57.0, 25.721109881919475)
(18.0, 58.0, 25.368856565886368)
(18.0, 59.0, 27.904944593342304)
(18.0, 60.0, 28.237353546298767)
(18.0, 61.0, 24.900215652267683)
(18.0, 62.0, 28.490139104807099)
(18.0, 63.0, 27.074768414955177)
(18.0, 64.0, 26.352881341682966)
(18.0, 65.0, 27.030072260315091)
(18.0, 66.0, 26.830607506033111)
(18.0, 67.0, 26.473621751519445)
(18.0, 68.0, 27.591713642511085)
(18.0, 69.0, 28.046180807793622)
(18.0, 70.0, 28.694905481654502)
(18.0, 71.0, 25.053717922833389)
(18.0, 72.0, 23.993703067552946)
(18.0, 73.0, 26.660075213830766)
(18.0, 74.0, 27.436710925691177)
(18.0, 75.0, 29.335820118829112)
(18.0, 76.0, 27.716032218491918)
(18.0, 77.0, 24.699873057195308)
(18.0, 78.0, 26.545681882229793)
(18.0, 79.0, 25.921670153547218)
(18.0, 80.0, 28.956589404237835)
(18.0, 81.0, 24.556946050585626)
(18.0, 82.0, 23.43644326424954)
(18.0, 83.0, 25.894711622324213)
(18.0, 84.0, 29.382905028719307)
(18.0, 85.0, 29.254459803082828)
(18.0, 86.0, 26.802668464004931)
(18.0, 87.0, 26.49194399269409)
(18.0, 88.0, 26.987478274189574)
(18.0, 89.0, 28.560664392737255)
(18.0, 90.0, 27.011271426326466)
(18.0, 91.0, 27.087667473582091)
(18.0, 92.0, 25.445523317385849)
(18.0, 93.0, 27.113896939767145)
(18.0, 94.0, 27.263340002307963)
(18.0, 95.0, 26.347309051149733)
(18.0, 96.0, 24.926467273985629)
(18.0, 97.0, 26.944772648615832)
(18.0, 98.0, 25.549785706198456)
(18.0, 99.0, 26.078311468735876)
(18.0, 100.0, 29.074026047637322)
(18.0, 101.0, 26.451953666057054)
(18.0, 102.0, 27.726699572964073)
(18.0, 103.0, 29.354903125669619)
(18.0, 104.0, 31.336129058835553)
(18.0, 105.0, 26.897188618780717)
(18.0, 106.0, 26.441313739430974)
(18.0, 107.0, 23.828676511040761)
(18.0, 108.0, 26.916131020777215)
(18.0, 109.0, 25.209378807091298)
(18.0, 110.0, 26.854449164763651)
(18.0, 111.0, 28.718087557307413)
(18.0, 112.0, 29.403248298482211)
(18.0, 113.0, 27.484083038474875)
(18.0, 114.0, 26.79839989058371)
(18.0, 115.0, 28.729297150825165)
(18.0, 116.0, 24.667858620602157)
(18.0, 117.0, 22.888933269924436)
(18.0, 118.0, 28.8378069719957)
(18.0, 119.0, 28.593685175734315)
(18.0, 120.0, 28.078945269221496)
(18.0, 121.0, 27.54173022743705)
(18.0, 122.0, 25.773161470061556)
(18.0, 123.0, 30.258281804621536)
(18.0, 124.0, 27.278438148356798)
(18.0, 125.0, 29.454998009931973)
(18.0, 126.0, 26.092394715127384)
(18.0, 127.0, 28.607652438039768)
(18.0, 128.0, 26.761678038040191)
(18.0, 129.0, 30.573332774419804)
(18.0, 130.0, 27.731455410710453)
(18.0, 131.0, 27.925391549738698)
(18.0, 132.0, 23.513897576389457)
(18.0, 133.0, 25.598611475385184)
(18.0, 134.0, 28.127010866508776)
(18.0, 135.0, 25.811564845720525)
(18.0, 136.0, 29.131965240774161)
(18.0, 137.0, 27.340041156761284)
(18.0, 138.0, 23.546857726039967)
(18.0, 139.0, 29.678460634333167)
(18.0, 140.0, 31.668649153957922)
(18.0, 141.0, 27.225306047094218)
(18.0, 142.0, 27.826857727123645)
(18.0, 143.0, 28.576660295513566)
(18.0, 144.0, 26.997522762696107)
(18.0, 145.0, 28.009994930780501)
(18.0, 146.0, 29.498903694484454)
(18.0, 147.0, 25.535421710565988)
(18.0, 148.0, 28.049066512992002)
(18.0, 149.0, 28.381297211097497)
(18.0, 150.0, 31.793672245936136)
(18.0, 151.0, 30.3089461470225)
(18.0, 152.0, 26.317711158441348)
(18.0, 153.0, 28.920856950793826)
(18.0, 154.0, 27.612567158104515)
(18.0, 155.0, 29.374691081139297)
(18.0, 156.0, 29.156241678129344)
(18.0, 157.0, 30.483194633242206)
(18.0, 158.0, 29.054214677241816)
(18.0, 159.0, 28.978873730404107)
(18.0, 160.0, 26.975073312847563)
(18.0, 161.0, 28.751660324907061)
(18.0, 162.0, 29.167506854034556)
(18.0, 163.0, 25.244548862489467)
(18.0, 164.0, 27.372199465112221)
(18.0, 165.0, 28.801924756119963)
(18.0, 166.0, 29.636159729335461)
(18.0, 167.0, 28.033479189687174)
(18.0, 168.0, 27.377946630432529)
(18.0, 169.0, 26.503891722741365)
(18.0, 170.0, 25.031060103007746)
(18.0, 171.0, 27.579856585390957)
(18.0, 172.0, 31.370535532783048)
(18.0, 173.0, 28.412203733605406)
(18.0, 174.0, 24.828779445490987)
(18.0, 175.0, 29.24049376052179)
(18.0, 176.0, 24.774944713238995)
(18.0, 177.0, 29.919830160865132)
(18.0, 178.0, 25.895232842475004)
(18.0, 179.0, 28.243538074210186)
(18.0, 180.0, 28.073049261689651)
(18.0, 181.0, 28.013674908455304)
(18.0, 182.0, 28.451557154156617)
(18.0, 183.0, 25.839035438126011)
(18.0, 184.0, 27.855063515010677)
(18.0, 185.0, 28.050199378441352)
(18.0, 186.0, 27.458441791246656)
(18.0, 187.0, 29.960119210197977)
(18.0, 188.0, 26.803727717086392)
(18.0, 189.0, 29.795623897221887)
(18.0, 190.0, 27.909691877468155)
(18.0, 191.0, 26.009137128547835)
(18.0, 192.0, 27.51479813195516)
(18.0, 193.0, 28.145777381129896)
(18.0, 194.0, 28.905311879794908)
(18.0, 195.0, 28.384330690343457)
(18.0, 196.0, 27.350242464812744)
(18.0, 197.0, 26.493474750486907)
(18.0, 198.0, 26.284094707737548)
(18.0, 199.0, 28.203734824566673)
(19.0, 0.0, 22.587478919860647)
(19.0, 1.0, 23.258708090232641)
(19.0, 2.0, 24.286722593775728)
(19.0, 3.0, 25.145416362211517)
(19.0, 4.0, 22.591523440530473)
(19.0, 5.0, 26.128009817252021)
(19.0, 6.0, 26.436095326234458)
(19.0, 7.0, 26.102116057258449)
(19.0, 8.0, 22.166358072730194)
(19.0, 9.0, 25.704224395857096)
(19.0, 10.0, 24.363916975747504)
(19.0, 11.0, 27.630321150424475)
(19.0, 12.0, 26.220769387371611)
(19.0, 13.0, 25.344035062194351)
(19.0, 14.0, 23.677602725798184)
(19.0, 15.0, 23.975913336102312)
(19.0, 16.0, 24.526661617093175)
(19.0, 17.0, 24.701203002972544)
(19.0, 18.0, 25.839737031405086)
(19.0, 19.0, 30.36762290853396)
(19.0, 20.0, 26.004640773418679)
(19.0, 21.0, 22.758332990085638)
(19.0, 22.0, 27.810140949450002)
(19.0, 23.0, 26.080128879907569)
(19.0, 24.0, 21.099256132002935)
(19.0, 25.0, 20.928994949020609)
(19.0, 26.0, 23.61776529718086)
(19.0, 27.0, 27.266825628823351)
(19.0, 28.0, 24.963701877702896)
(19.0, 29.0, 24.585312815527185)
(19.0, 30.0, 24.06791145565272)
(19.0, 31.0, 22.86436342293473)
(19.0, 32.0, 25.012043314976726)
(19.0, 33.0, 25.621827177962267)
(19.0, 34.0, 25.010760081167771)
(19.0, 35.0, 24.411004932990434)
(19.0, 36.0, 23.304526394431498)
(19.0, 37.0, 26.20895037075341)
(19.0, 38.0, 28.080417497689215)
(19.0, 39.0, 20.964094274676302)
(19.0, 40.0, 24.396660795546943)
(19.0, 41.0, 24.032195350629344)
(19.0, 42.0, 24.749789497555319)
(19.0, 43.0, 26.658623902854963)
(19.0, 44.0, 28.99857207638518)
(19.0, 45.0, 26.761694706661235)
(19.0, 46.0, 25.300218861380451)
(19.0, 47.0, 22.74264223561951)
(19.0, 48.0, 24.042176981577775)
(19.0, 49.0, 26.199554445664344)
(19.0, 50.0, 26.66204006680697)
(19.0, 51.0, 26.786470522765924)
(19.0, 52.0, 25.169701585979546)
(19.0, 53.0, 24.470821170614528)
(19.0, 54.0, 24.205273565078414)
(19.0, 55.0, 22.549337277859973)
(19.0, 56.0, 27.00926872491042)
(19.0, 57.0, 23.752635425483238)
(19.0, 58.0, 23.520711917275243)
(19.0, 59.0, 24.426967805636423)
(19.0, 60.0, 26.565566455885104)
(19.0, 61.0, 23.427654674554155)
(19.0, 62.0, 26.212963394646273)
(19.0, 63.0, 23.874432077798549)
(19.0, 64.0, 23.495910952707646)
(19.0, 65.0, 23.665419415074808)
(19.0, 66.0, 24.48450519166974)
(19.0, 67.0, 23.844359569433713)
(19.0, 68.0, 27.416270092627691)
(19.0, 69.0, 23.412814477739246)
(19.0, 70.0, 27.727702062395437)
(19.0, 71.0, 22.993155018196248)
(19.0, 72.0, 21.743052554786459)
(19.0, 73.0, 23.478828568446851)
(19.0, 74.0, 25.650181949633634)
(19.0, 75.0, 26.638174439193158)
(19.0, 76.0, 23.989151949725624)
(19.0, 77.0, 22.655920410072184)
(19.0, 78.0, 23.618822889085912)
(19.0, 79.0, 25.126001932689192)
(19.0, 80.0, 26.140180698041334)
(19.0, 81.0, 19.87253174648778)
(19.0, 82.0, 20.675196773706059)
(19.0, 83.0, 23.741585875770191)
(19.0, 84.0, 27.846569155320239)
(19.0, 85.0, 26.17294643659929)
(19.0, 86.0, 26.919588674701124)
(19.0, 87.0, 23.617057068017967)
(19.0, 88.0, 23.834788254354969)
(19.0, 89.0, 26.769655027727012)
(19.0, 90.0, 25.17007148704824)
(19.0, 91.0, 23.809877982251987)
(19.0, 92.0, 24.673899054886274)
(19.0, 93.0, 23.653420276507276)
(19.0, 94.0, 23.992510826005997)
(19.0, 95.0, 23.013237370601921)
(19.0, 96.0, 23.238469301642411)
(19.0, 97.0, 25.858086570102838)
(19.0, 98.0, 23.777834619527461)
(19.0, 99.0, 24.939407236874725)
(19.0, 100.0, 25.766496440889895)
(19.0, 101.0, 23.413407863300655)
(19.0, 102.0, 24.431958930486637)
(19.0, 103.0, 26.397754879388604)
(19.0, 104.0, 26.633919063534414)
(19.0, 105.0, 24.506187645461843)
(19.0, 106.0, 23.650978554840023)
(19.0, 107.0, 24.083920214766408)
(19.0, 108.0, 25.674259506651193)
(19.0, 109.0, 23.372167131956008)
(19.0, 110.0, 23.806091310542726)
(19.0, 111.0, 26.173141253960466)
(19.0, 112.0, 28.192266796476389)
(19.0, 113.0, 24.287085634410055)
(19.0, 114.0, 26.076654829594219)
(19.0, 115.0, 25.226302861865399)
(19.0, 116.0, 23.172021975882735)
(19.0, 117.0, 21.454196745676146)
(19.0, 118.0, 26.140743258962651)
(19.0, 119.0, 24.633292309038012)
(19.0, 120.0, 25.660405086620408)
(19.0, 121.0, 25.523656579370293)
(19.0, 122.0, 23.764106697287474)
(19.0, 123.0, 28.162342599028246)
(19.0, 124.0, 24.788486517084543)
(19.0, 125.0, 25.738455187879563)
(19.0, 126.0, 23.925821597406127)
(19.0, 127.0, 25.641433762882102)
(19.0, 128.0, 24.79089815487961)
(19.0, 129.0, 26.560130723999087)
(19.0, 130.0, 26.401161146581419)
(19.0, 131.0, 24.586523140666273)
(19.0, 132.0, 20.906827928497961)
(19.0, 133.0, 22.552723424302172)
(19.0, 134.0, 26.281126543105874)
(19.0, 135.0, 25.275800084981782)
(19.0, 136.0, 25.122152162623749)
(19.0, 137.0, 25.029144138319687)
(19.0, 138.0, 23.92371888451321)
(19.0, 139.0, 27.015638666895068)
(19.0, 140.0, 26.174922269714799)
(19.0, 141.0, 24.070991386268716)
(19.0, 142.0, 25.860042864564686)
(19.0, 143.0, 25.947287556984964)
(19.0, 144.0, 23.814064734337897)
(19.0, 145.0, 26.787714664823891)
(19.0, 146.0, 27.18022010775244)
(19.0, 147.0, 23.513047092991837)
(19.0, 148.0, 24.925606119192445)
(19.0, 149.0, 26.570584912017353)
(19.0, 150.0, 28.825511036303553)
(19.0, 151.0, 27.267740490099083)
(19.0, 152.0, 24.959538805686595)
(19.0, 153.0, 25.706281711217343)
(19.0, 154.0, 25.551827427485676)
(19.0, 155.0, 25.515721292626907)
(19.0, 156.0, 26.593159736859903)
(19.0, 157.0, 26.661799708491188)
(19.0, 158.0, 26.081202627505156)
(19.0, 159.0, 25.57893806639726)
(19.0, 160.0, 23.980179462916517)
(19.0, 161.0, 24.90226427864139)
(19.0, 162.0, 26.280029258164429)
(19.0, 163.0, 23.437727685640603)
(19.0, 164.0, 26.122370826531387)
(19.0, 165.0, 24.76325009496097)
(19.0, 166.0, 26.134495292975664)
(19.0, 167.0, 25.186246919193234)
(19.0, 168.0, 25.501183644344842)
(19.0, 169.0, 25.676934527051259)
(19.0, 170.0, 22.766625880826041)
(19.0, 171.0, 26.952953936394692)
(19.0, 172.0, 28.462730893816357)
(19.0, 173.0, 23.379817615164502)
(19.0, 174.0, 23.33064036280831)
(19.0, 175.0, 26.928145465280515)
(19.0, 176.0, 24.338810284936123)
(19.0, 177.0, 26.252440499401416)
(19.0, 178.0, 22.783864022398539)
(19.0, 179.0, 27.621292511149644)
(19.0, 180.0, 25.566035462311085)
(19.0, 181.0, 24.207804698719276)
(19.0, 182.0, 25.981894871675092)
(19.0, 183.0, 23.78750324889344)
(19.0, 184.0, 24.036140531417324)
(19.0, 185.0, 25.204529356486692)
(19.0, 186.0, 24.738124389130128)
(19.0, 187.0, 28.138437641194439)
(19.0, 188.0, 22.629055844822105)
(19.0, 189.0, 26.133756810167618)
(19.0, 190.0, 26.86368868859909)
(19.0, 191.0, 23.454090479963483)
(19.0, 192.0, 24.91598382484878)
(19.0, 193.0, 26.526748755095788)
(19.0, 194.0, 28.209104607839691)
(19.0, 195.0, 24.856057078516983)
(19.0, 196.0, 26.573250796908503)
(19.0, 197.0, 24.52095819452342)
(19.0, 198.0, 23.249809181740012)
(19.0, 199.0, 26.062696467676609)
(20.0, 0.0, 21.585568132065937)
(20.0, 1.0, 26.576582294004403)
(20.0, 2.0, 24.37364720208943)
(20.0, 3.0, 24.896449927498569)
(20.0, 4.0, 23.362730848855772)
(20.0, 5.0, 25.983320898400923)
(20.0, 6.0, 27.985275040662344)
(20.0, 7.0, 26.949910137014616)
(20.0, 8.0, 22.221545799882851)
(20.0, 9.0, 26.370089669824907)
(20.0, 10.0, 25.263303750611644)
(20.0, 11.0, 27.868812097704257)
(20.0, 12.0, 25.77112738498629)
(20.0, 13.0, 25.621005443368393)
(20.0, 14.0, 24.930485236087918)
(20.0, 15.0, 24.646210387986162)
(20.0, 16.0, 23.70995879377309)
(20.0, 17.0, 25.894997532349681)
(20.0, 18.0, 25.248695836230247)
(20.0, 19.0, 28.514936337920389)
(20.0, 20.0, 26.353461962418461)
(20.0, 21.0, 25.315917812315483)
(20.0, 22.0, 27.144027828925928)
(20.0, 23.0, 29.290220545120302)
(20.0, 24.0, 21.51087480185339)
(20.0, 25.0, 22.176125059088665)
(20.0, 26.0, 23.441593212855089)
(20.0, 27.0, 28.746373999551139)
(20.0, 28.0, 25.871011587236815)
(20.0, 29.0, 26.110122441983179)
(20.0, 30.0, 25.548855591386513)
(20.0, 31.0, 24.657411663467382)
(20.0, 32.0, 26.173643005280944)
(20.0, 33.0, 26.372427390089072)
(20.0, 34.0, 26.156499182772979)
(20.0, 35.0, 25.17704935197759)
(20.0, 36.0, 23.702933360639747)
(20.0, 37.0, 26.514330101178295)
(20.0, 38.0, 26.454243900345709)
(20.0, 39.0, 23.750923626603353)
(20.0, 40.0, 24.828884704217629)
(20.0, 41.0, 25.410160011443736)
(20.0, 42.0, 24.979591101420944)
(20.0, 43.0, 27.000769298232775)
(20.0, 44.0, 29.934700910567628)
(20.0, 45.0, 26.633453622489114)
(20.0, 46.0, 25.480724658712294)
(20.0, 47.0, 25.224225937606864)
(20.0, 48.0, 23.589827332682848)
(20.0, 49.0, 28.064589129606514)
(20.0, 50.0, 29.508958807256345)
(20.0, 51.0, 27.410948012556108)
(20.0, 52.0, 27.100519421370617)
(20.0, 53.0, 25.378914252674587)
(20.0, 54.0, 24.381295261257307)
(20.0, 55.0, 25.327439956613514)
(20.0, 56.0, 26.644433729257003)
(20.0, 57.0, 24.794929768673359)
(20.0, 58.0, 24.113081812420205)
(20.0, 59.0, 25.508616492565693)
(20.0, 60.0, 27.192897804897662)
(20.0, 61.0, 23.825495714921786)
(20.0, 62.0, 26.068408199719741)
(20.0, 63.0, 25.123906151938581)
(20.0, 64.0, 22.491078217427351)
(20.0, 65.0, 26.622320613185327)
(20.0, 66.0, 25.467863468386479)
(20.0, 67.0, 25.803655903807101)
(20.0, 68.0, 26.494159066080826)
(20.0, 69.0, 26.067741560987809)
(20.0, 70.0, 26.118799417483689)
(20.0, 71.0, 23.085011141403317)
(20.0, 72.0, 25.172429181030274)
(20.0, 73.0, 24.221096861773326)
(20.0, 74.0, 25.050891252333212)
(20.0, 75.0, 27.299171846756469)
(20.0, 76.0, 25.801706184614485)
(20.0, 77.0, 21.567689931252026)
(20.0, 78.0, 25.530020918150807)
(20.0, 79.0, 25.07662567668627)
(20.0, 80.0, 28.693983303304201)
(20.0, 81.0, 24.056550576038141)
(20.0, 82.0, 21.913927022884472)
(20.0, 83.0, 23.453372883999851)
(20.0, 84.0, 28.587801024425655)
(20.0, 85.0, 27.454329491644557)
(20.0, 86.0, 26.959753516469419)
(20.0, 87.0, 25.374902554411459)
(20.0, 88.0, 25.445965703368334)
(20.0, 89.0, 27.084153640517222)
(20.0, 90.0, 25.973945560640558)
(20.0, 91.0, 24.804230704046915)
(20.0, 92.0, 23.578807227480226)
(20.0, 93.0, 25.795771016541138)
(20.0, 94.0, 27.193232067746976)
(20.0, 95.0, 26.33634107584184)
(20.0, 96.0, 24.109087539617985)
(20.0, 97.0, 25.820588808691213)
(20.0, 98.0, 23.687268274548739)
(20.0, 99.0, 27.824170469047019)
(20.0, 100.0, 27.979922920279815)
(20.0, 101.0, 23.593333956922208)
(20.0, 102.0, 26.036907516711391)
(20.0, 103.0, 27.527655225857355)
(20.0, 104.0, 28.385063748400565)
(20.0, 105.0, 25.928612239168949)
(20.0, 106.0, 25.749147891177323)
(20.0, 107.0, 24.014124530286523)
(20.0, 108.0, 26.629554966624077)
(20.0, 109.0, 25.038810559465581)
(20.0, 110.0, 24.301286838499529)
(20.0, 111.0, 27.332071461132863)
(20.0, 112.0, 26.485484065839238)
(20.0, 113.0, 25.780376562753094)
(20.0, 114.0, 27.069648150662445)
(20.0, 115.0, 26.357793482263212)
(20.0, 116.0, 22.507413183273176)
(20.0, 117.0, 21.152249159865985)
(20.0, 118.0, 28.138967532467735)
(20.0, 119.0, 26.805279147969824)
(20.0, 120.0, 27.843610420098383)
(20.0, 121.0, 25.871290835644999)
(20.0, 122.0, 24.727432284334977)
(20.0, 123.0, 27.157776611497965)
(20.0, 124.0, 24.661749937705569)
(20.0, 125.0, 26.218133829534363)
(20.0, 126.0, 26.646024692236089)
(20.0, 127.0, 25.566023820258295)
(20.0, 128.0, 24.886089122039891)
(20.0, 129.0, 27.556483546553082)
(20.0, 130.0, 25.309982393866886)
(20.0, 131.0, 26.728550652338281)
(20.0, 132.0, 22.164998819630576)
(20.0, 133.0, 24.915911235019596)
(20.0, 134.0, 26.277703505303222)
(20.0, 135.0, 25.070774592039335)
(20.0, 136.0, 25.374329924437358)
(20.0, 137.0, 25.439185123207345)
(20.0, 138.0, 23.036955385815752)
(20.0, 139.0, 27.844396591401516)
(20.0, 140.0, 28.690897160590133)
(20.0, 141.0, 26.408472586225066)
(20.0, 142.0, 25.538367082978446)
(20.0, 143.0, 27.113895471076123)
(20.0, 144.0, 26.639183183435861)
(20.0, 145.0, 25.638514364210423)
(20.0, 146.0, 28.965418070769378)
(20.0, 147.0, 22.61540539912475)
(20.0, 148.0, 24.983725831497765)
(20.0, 149.0, 26.8327832309702)
(20.0, 150.0, 29.499842873473931)
(20.0, 151.0, 29.533697297802281)
(20.0, 152.0, 25.140431354123294)
(20.0, 153.0, 29.099194966675082)
(20.0, 154.0, 26.393908478136403)
(20.0, 155.0, 27.066007074698124)
(20.0, 156.0, 28.192321686276145)
(20.0, 157.0, 28.785807881592461)
(20.0, 158.0, 28.311715040670233)
(20.0, 159.0, 26.252221888744785)
(20.0, 160.0, 25.730563734330406)
(20.0, 161.0, 25.843075372193276)
(20.0, 162.0, 27.944739512865059)
(20.0, 163.0, 23.861390470753328)
(20.0, 164.0, 25.403370713678029)
(20.0, 165.0, 26.512274211703328)
(20.0, 166.0, 28.254850293501875)
(20.0, 167.0, 24.809680332654246)
(20.0, 168.0, 25.376400629236741)
(20.0, 169.0, 25.464894250666784)
(20.0, 170.0, 24.321733378464419)
(20.0, 171.0, 26.587727300148114)
(20.0, 172.0, 28.199421096003487)
(20.0, 173.0, 25.854553214833661)
(20.0, 174.0, 24.275745867274374)
(20.0, 175.0, 25.47162326771501)
(20.0, 176.0, 24.664157455368226)
(20.0, 177.0, 28.123852632383393)
(20.0, 178.0, 23.747789934671271)
(20.0, 179.0, 27.475104523283232)
(20.0, 180.0, 26.187353688103521)
(20.0, 181.0, 27.975412118533299)
(20.0, 182.0, 26.911131194209034)
(20.0, 183.0, 24.043856188872375)
(20.0, 184.0, 25.649289422805129)
(20.0, 185.0, 25.709761175277755)
(20.0, 186.0, 25.326805138909776)
(20.0, 187.0, 27.519571369677148)
(20.0, 188.0, 24.457050065173206)
(20.0, 189.0, 27.568010513041486)
(20.0, 190.0, 27.49110734832756)
(20.0, 191.0, 24.850072883693532)
(20.0, 192.0, 25.162105351209505)
(20.0, 193.0, 26.987764957851049)
(20.0, 194.0, 27.926008353786635)
(20.0, 195.0, 26.689331406495789)
(20.0, 196.0, 26.372538488040647)
(20.0, 197.0, 26.304297544491469)
(20.0, 198.0, 24.846371151343803)
(20.0, 199.0, 25.891324928068897)
(21.0, 0.0, 23.852861725247504)
(21.0, 1.0, 27.774457336580809)
(21.0, 2.0, 24.97496495732625)
(21.0, 3.0, 27.780892744097542)
(21.0, 4.0, 26.57732957940344)
(21.0, 5.0, 26.607869385907332)
(21.0, 6.0, 28.767335288945819)
(21.0, 7.0, 27.836303179406094)
(21.0, 8.0, 24.604213095273497)
(21.0, 9.0, 28.327859047081461)
(21.0, 10.0, 24.449552775288865)
(21.0, 11.0, 28.491187814912092)
(21.0, 12.0, 28.622467147245743)
(21.0, 13.0, 25.885761472677949)
(21.0, 14.0, 26.416393108848606)
(21.0, 15.0, 26.601624684928034)
(21.0, 16.0, 25.003778224356797)
(21.0, 17.0, 26.995752541510434)
(21.0, 18.0, 27.639263875715805)
(21.0, 19.0, 32.147717029443697)
(21.0, 20.0, 28.149994892394481)
(21.0, 21.0, 26.125090692923678)
(21.0, 22.0, 28.434438735196025)
(21.0, 23.0, 29.7841788297489)
(21.0, 24.0, 21.597665762873575)
(21.0, 25.0, 22.105241118326258)
(21.0, 26.0, 27.140647923510347)
(21.0, 27.0, 31.659204417823624)
(21.0, 28.0, 28.209580025293981)
(21.0, 29.0, 27.106184470359103)
(21.0, 30.0, 27.282319828205779)
(21.0, 31.0, 26.031247540846987)
(21.0, 32.0, 28.856146050078635)
(21.0, 33.0, 27.802057010141898)
(21.0, 34.0, 27.194243551465419)
(21.0, 35.0, 29.742759044382609)
(21.0, 36.0, 25.364728123500001)
(21.0, 37.0, 27.251726502152337)
(21.0, 38.0, 28.119194898086405)
(21.0, 39.0, 24.070131913838814)
(21.0, 40.0, 24.819825525269842)
(21.0, 41.0, 27.025869995612673)
(21.0, 42.0, 25.543715134870666)
(21.0, 43.0, 26.981463040461545)
(21.0, 44.0, 29.841736725575043)
(21.0, 45.0, 27.234551867452211)
(21.0, 46.0, 27.423900040989992)
(21.0, 47.0, 26.999565572702281)
(21.0, 48.0, 24.404544025969432)
(21.0, 49.0, 27.53833542818214)
(21.0, 50.0, 29.60793843135674)
(21.0, 51.0, 28.285858940777196)
(21.0, 52.0, 27.353350416970251)
(21.0, 53.0, 27.074960347585609)
(21.0, 54.0, 24.746743170019826)
(21.0, 55.0, 27.780520228817998)
(21.0, 56.0, 30.752429666649032)
(21.0, 57.0, 27.379297690394399)
(21.0, 58.0, 26.530298557497414)
(21.0, 59.0, 25.894729208095029)
(21.0, 60.0, 29.234315092410213)
(21.0, 61.0, 24.101087387174168)
(21.0, 62.0, 27.527883029996524)
(21.0, 63.0, 26.313486556764332)
(21.0, 64.0, 25.867304509818052)
(21.0, 65.0, 26.635748200733627)
(21.0, 66.0, 27.095532898781116)
(21.0, 67.0, 25.085303512730086)
(21.0, 68.0, 27.285842585839951)
(21.0, 69.0, 28.136206632354792)
(21.0, 70.0, 29.371749034656727)
(21.0, 71.0, 24.876554084883093)
(21.0, 72.0, 23.684102415971491)
(21.0, 73.0, 24.732037400094683)
(21.0, 74.0, 26.940939139879436)
(21.0, 75.0, 28.793320964354443)
(21.0, 76.0, 26.504204774667844)
(21.0, 77.0, 23.510025562165147)
(21.0, 78.0, 26.499667000248955)
(21.0, 79.0, 26.727070087279031)
(21.0, 80.0, 30.493453136883698)
(21.0, 81.0, 23.174261857648091)
(21.0, 82.0, 23.541032214557546)
(21.0, 83.0, 27.21781805723754)
(21.0, 84.0, 28.876728431644743)
(21.0, 85.0, 27.675079126265636)
(21.0, 86.0, 27.688844404099665)
(21.0, 87.0, 24.615087075491527)
(21.0, 88.0, 26.021361799536002)
(21.0, 89.0, 28.458991098486088)
(21.0, 90.0, 27.176799513807044)
(21.0, 91.0, 27.881036157436057)
(21.0, 92.0, 24.094465023957)
(21.0, 93.0, 27.051262332340539)
(21.0, 94.0, 28.561673160075344)
(21.0, 95.0, 26.455851175183007)
(21.0, 96.0, 24.119130212220412)
(21.0, 97.0, 26.730164199306515)
(21.0, 98.0, 25.940927767952431)
(21.0, 99.0, 28.486327899431913)
(21.0, 100.0, 28.991642443316437)
(21.0, 101.0, 24.235843913781501)
(21.0, 102.0, 26.734867963394084)
(21.0, 103.0, 28.499961694312621)
(21.0, 104.0, 29.582094972733564)
(21.0, 105.0, 28.071604486523626)
(21.0, 106.0, 26.731638290604899)
(21.0, 107.0, 24.640994969603959)
(21.0, 108.0, 27.218747789583652)
(21.0, 109.0, 26.520657307988859)
(21.0, 110.0, 26.232512121464829)
(21.0, 111.0, 29.605340326362608)
(21.0, 112.0, 30.75855692215713)
(21.0, 113.0, 27.340942933345879)
(21.0, 114.0, 28.119694576755876)
(21.0, 115.0, 26.761582284685684)
(21.0, 116.0, 24.922433783361491)
(21.0, 117.0, 25.6833633604078)
(21.0, 118.0, 26.812150211908538)
(21.0, 119.0, 26.981476848143878)
(21.0, 120.0, 28.253887208486333)
(21.0, 121.0, 28.58499422445934)
(21.0, 122.0, 27.195399157964928)
(21.0, 123.0, 28.994859481134654)
(21.0, 124.0, 26.353047418507927)
(21.0, 125.0, 30.387113427315271)
(21.0, 126.0, 26.820042091992018)
(21.0, 127.0, 27.450572660894267)
(21.0, 128.0, 24.883907521157219)
(21.0, 129.0, 29.625752609975926)
(21.0, 130.0, 27.683212391280225)
(21.0, 131.0, 28.290206882125474)
(21.0, 132.0, 23.258402942274241)
(21.0, 133.0, 23.941990586559669)
(21.0, 134.0, 28.764827288183824)
(21.0, 135.0, 26.320022115708483)
(21.0, 136.0, 27.068349168273773)
(21.0, 137.0, 27.452776705134163)
(21.0, 138.0, 24.314784278270629)
(21.0, 139.0, 29.090920111600248)
(21.0, 140.0, 30.159849048819627)
(21.0, 141.0, 27.654064833078071)
(21.0, 142.0, 26.463291642646119)
(21.0, 143.0, 28.123935091633527)
(21.0, 144.0, 27.28263493489105)
(21.0, 145.0, 28.03911964829086)
(21.0, 146.0, 30.358080974000998)
(21.0, 147.0, 23.453957131772718)
(21.0, 148.0, 26.193317279993359)
(21.0, 149.0, 28.564573265672788)
(21.0, 150.0, 30.923940645136234)
(21.0, 151.0, 29.99223808893732)
(21.0, 152.0, 27.79817012128958)
(21.0, 153.0, 29.018977789069005)
(21.0, 154.0, 29.092821446195686)
(21.0, 155.0, 28.665146496663592)
(21.0, 156.0, 29.735541315879527)
(21.0, 157.0, 30.639157229931431)
(21.0, 158.0, 31.101627928326494)
(21.0, 159.0, 28.284321710965479)
(21.0, 160.0, 26.687717315044271)
(21.0, 161.0, 27.787873160133163)
(21.0, 162.0, 28.658612094252486)
(21.0, 163.0, 25.677167264199021)
(21.0, 164.0, 26.312235475512296)
(21.0, 165.0, 26.778243802513902)
(21.0, 166.0, 29.324624758836833)
(21.0, 167.0, 25.793724394024963)
(21.0, 168.0, 28.128324771759463)
(21.0, 169.0, 27.477917820147137)
(21.0, 170.0, 24.353428548899785)
(21.0, 171.0, 28.35022371495797)
(21.0, 172.0, 30.361267213632644)
(21.0, 173.0, 28.042083459797258)
(21.0, 174.0, 24.947244238211688)
(21.0, 175.0, 27.218945872150275)
(21.0, 176.0, 26.760378962664028)
(21.0, 177.0, 28.965907902407086)
(21.0, 178.0, 25.637378685292958)
(21.0, 179.0, 28.571052106093425)
(21.0, 180.0, 26.992421047712504)
(21.0, 181.0, 27.656787190867885)
(21.0, 182.0, 28.199149138448654)
(21.0, 183.0, 26.585458819986123)
(21.0, 184.0, 26.663008443774682)
(21.0, 185.0, 27.783072165372594)
(21.0, 186.0, 27.230840622571396)
(21.0, 187.0, 30.491670010119318)
(21.0, 188.0, 27.913645012154117)
(21.0, 189.0, 28.586523319080285)
(21.0, 190.0, 30.741354783434495)
(21.0, 191.0, 26.895761652268568)
(21.0, 192.0, 26.515594561252655)
(21.0, 193.0, 27.174070171971135)
(21.0, 194.0, 28.359339815497478)
(21.0, 195.0, 28.349582319299735)
(21.0, 196.0, 27.20692596898926)
(21.0, 197.0, 27.681769338626623)
(21.0, 198.0, 25.909175843021423)
(21.0, 199.0, 27.15898091689548)
(22.0, 0.0, 20.322690959922934)
(22.0, 1.0, 23.507926275016999)
(22.0, 2.0, 22.196650707960917)
(22.0, 3.0, 24.634120944127247)
(22.0, 4.0, 20.937993759929931)
(22.0, 5.0, 24.254128187934512)
(22.0, 6.0, 24.909146102103158)
(22.0, 7.0, 24.413228237467894)
(22.0, 8.0, 21.527648303263458)
(22.0, 9.0, 24.106395148689561)
(22.0, 10.0, 21.786461277905399)
(22.0, 11.0, 24.574602294158961)
(22.0, 12.0, 22.689675095829827)
(22.0, 13.0, 21.880419048581164)
(22.0, 14.0, 21.526817489807279)
(22.0, 15.0, 21.496034623096229)
(22.0, 16.0, 20.885077294586452)
(22.0, 17.0, 24.367877484787542)
(22.0, 18.0, 24.117274821713671)
(22.0, 19.0, 27.952878184891347)
(22.0, 20.0, 23.876149093305642)
(22.0, 21.0, 23.47392510847061)
(22.0, 22.0, 25.648113078719263)
(22.0, 23.0, 24.910923789024256)
(22.0, 24.0, 17.353467461043458)
(22.0, 25.0, 19.909149171387643)
(22.0, 26.0, 23.301396314591013)
(22.0, 27.0, 26.437264313987757)
(22.0, 28.0, 23.710474899424909)
(22.0, 29.0, 22.274755330532898)
(22.0, 30.0, 21.682945286032858)
(22.0, 31.0, 21.813573946931971)
(22.0, 32.0, 22.122114455620196)
(22.0, 33.0, 24.089408769023276)
(22.0, 34.0, 24.529305987756629)
(22.0, 35.0, 23.921670865299618)
(22.0, 36.0, 21.525514871159565)
(22.0, 37.0, 24.991756212032907)
(22.0, 38.0, 23.033714791944888)
(22.0, 39.0, 20.503847743726929)
(22.0, 40.0, 21.971473147747307)
(22.0, 41.0, 22.928898669342566)
(22.0, 42.0, 22.383068193154436)
(22.0, 43.0, 24.434560480042791)
(22.0, 44.0, 27.530562071577702)
(22.0, 45.0, 23.933927493576842)
(22.0, 46.0, 25.057700044550234)
(22.0, 47.0, 23.102873957789697)
(22.0, 48.0, 22.756255831568044)
(22.0, 49.0, 24.268177559681323)
(22.0, 50.0, 26.472772316611348)
(22.0, 51.0, 23.538378367463174)
(22.0, 52.0, 23.940178179003009)
(22.0, 53.0, 21.587005860380806)
(22.0, 54.0, 20.735233303091881)
(22.0, 55.0, 23.081110488712362)
(22.0, 56.0, 24.044827128896411)
(22.0, 57.0, 21.695085583509773)
(22.0, 58.0, 22.155349259606655)
(22.0, 59.0, 23.895652071020738)
(22.0, 60.0, 23.550244545545588)
(22.0, 61.0, 21.363682975991896)
(22.0, 62.0, 24.501445165197723)
(22.0, 63.0, 22.611185979009562)
(22.0, 64.0, 22.344002006937266)
(22.0, 65.0, 22.867951401960621)
(22.0, 66.0, 23.085009056804065)
(22.0, 67.0, 22.976470360575725)
(22.0, 68.0, 26.609615366896488)
(22.0, 69.0, 24.645405547192201)
(22.0, 70.0, 25.434456416667906)
(22.0, 71.0, 22.899194035164882)
(22.0, 72.0, 20.448906849415504)
(22.0, 73.0, 21.855040626275475)
(22.0, 74.0, 24.087952969182268)
(22.0, 75.0, 24.927319567614745)
(22.0, 76.0, 24.653335231005116)
(22.0, 77.0, 21.055161666482476)
(22.0, 78.0, 24.006374694733871)
(22.0, 79.0, 21.504106782057605)
(22.0, 80.0, 26.023541533774665)
(22.0, 81.0, 20.136359685869174)
(22.0, 82.0, 19.272390114113556)
(22.0, 83.0, 21.83615480815714)
(22.0, 84.0, 24.253130040630811)
(22.0, 85.0, 24.989056746287631)
(22.0, 86.0, 25.568324433863769)
(22.0, 87.0, 22.751530663560025)
(22.0, 88.0, 23.156789543133861)
(22.0, 89.0, 23.538855453430344)
(22.0, 90.0, 22.943109212160007)
(22.0, 91.0, 23.980370673994237)
(22.0, 92.0, 20.873039931739942)
(22.0, 93.0, 22.218467659409523)
(22.0, 94.0, 23.094799689491531)
(22.0, 95.0, 21.174938052131196)
(22.0, 96.0, 21.534350732647955)
(22.0, 97.0, 24.418895419245541)
(22.0, 98.0, 22.390456456842962)
(22.0, 99.0, 23.712038723170565)
(22.0, 100.0, 25.116648604177872)
(22.0, 101.0, 21.531715298063652)
(22.0, 102.0, 24.03912872265488)
(22.0, 103.0, 25.644319532432558)
(22.0, 104.0, 25.560737921336639)
(22.0, 105.0, 22.590997092301585)
(22.0, 106.0, 22.307003467703574)
(22.0, 107.0, 20.680330448321211)
(22.0, 108.0, 23.824092564978507)
(22.0, 109.0, 23.246346392359762)
(22.0, 110.0, 23.295358563856858)
(22.0, 111.0, 23.658788051643914)
(22.0, 112.0, 25.578227582203997)
(22.0, 113.0, 24.526164733353273)
(22.0, 114.0, 23.747630222468967)
(22.0, 115.0, 23.241940966610144)
(22.0, 116.0, 20.852610031423939)
(22.0, 117.0, 20.905944998465969)
(22.0, 118.0, 23.571208552485931)
(22.0, 119.0, 22.994310574216374)
(22.0, 120.0, 24.1872670513456)
(22.0, 121.0, 24.795410232987646)
(22.0, 122.0, 21.16827862915499)
(22.0, 123.0, 24.575078685784824)
(22.0, 124.0, 22.958117465750956)
(22.0, 125.0, 25.620040959567543)
(22.0, 126.0, 22.885550801911769)
(22.0, 127.0, 23.422579413135438)
(22.0, 128.0, 24.087871515435239)
(22.0, 129.0, 24.438842005781257)
(22.0, 130.0, 23.094364458611693)
(22.0, 131.0, 23.242576071753067)
(22.0, 132.0, 20.402411063479114)
(22.0, 133.0, 22.01105785863367)
(22.0, 134.0, 24.936501321784178)
(22.0, 135.0, 22.165085034198899)
(22.0, 136.0, 23.678341753795475)
(22.0, 137.0, 22.602067070865846)
(22.0, 138.0, 20.097213218840416)
(22.0, 139.0, 25.340285433644663)
(22.0, 140.0, 26.690914719359338)
(22.0, 141.0, 23.161988546205698)
(22.0, 142.0, 24.522407061298779)
(22.0, 143.0, 24.831790279002522)
(22.0, 144.0, 21.898215398268672)
(22.0, 145.0, 24.247748341870576)
(22.0, 146.0, 26.231178550621429)
(22.0, 147.0, 21.473226745870853)
(22.0, 148.0, 23.554342117291469)
(22.0, 149.0, 24.288778653390075)
(22.0, 150.0, 25.523356332737794)
(22.0, 151.0, 25.795267484300041)
(22.0, 152.0, 23.025472218685085)
(22.0, 153.0, 25.592944554742775)
(22.0, 154.0, 23.583308735306112)
(22.0, 155.0, 24.341628551096527)
(22.0, 156.0, 25.838789779716706)
(22.0, 157.0, 25.357776216957188)
(22.0, 158.0, 24.985439640953562)
(22.0, 159.0, 24.340460583326148)
(22.0, 160.0, 21.644522777621358)
(22.0, 161.0, 23.074532729441568)
(22.0, 162.0, 24.11853007691262)
(22.0, 163.0, 20.719984199316837)
(22.0, 164.0, 23.941983746766429)
(22.0, 165.0, 24.377054646820266)
(22.0, 166.0, 25.34723022560911)
(22.0, 167.0, 23.456515337354094)
(22.0, 168.0, 23.570588977241435)
(22.0, 169.0, 22.321395761835902)
(22.0, 170.0, 20.852643700873145)
(22.0, 171.0, 24.548868346542712)
(22.0, 172.0, 25.729598311000657)
(22.0, 173.0, 23.364296378451272)
(22.0, 174.0, 22.405701881480788)
(22.0, 175.0, 23.802216283782496)
(22.0, 176.0, 21.681843773357041)
(22.0, 177.0, 24.890933317477561)
(22.0, 178.0, 23.386512786368122)
(22.0, 179.0, 25.330263913443829)
(22.0, 180.0, 24.059923776538195)
(22.0, 181.0, 23.384132754994454)
(22.0, 182.0, 23.563568349608829)
(22.0, 183.0, 22.329693918494563)
(22.0, 184.0, 22.755485864847554)
(22.0, 185.0, 23.390978062615559)
(22.0, 186.0, 23.087607136193384)
(22.0, 187.0, 26.269268732287646)
(22.0, 188.0, 22.832307276390296)
(22.0, 189.0, 25.180154203512156)
(22.0, 190.0, 23.806367233058481)
(22.0, 191.0, 23.310516319688254)
(22.0, 192.0, 22.526858971067895)
(22.0, 193.0, 24.253579870943561)
(22.0, 194.0, 23.805774994593605)
(22.0, 195.0, 24.07759159908975)
(22.0, 196.0, 24.7690222185349)
(22.0, 197.0, 23.960041265141673)
(22.0, 198.0, 22.066553296149294)
(22.0, 199.0, 22.560017487378669)
(23.0, 0.0, 21.979358845084988)
(23.0, 1.0, 25.12533520221697)
(23.0, 2.0, 24.116878832809913)
(23.0, 3.0, 24.528053238880688)
(23.0, 4.0, 23.677367009439571)
(23.0, 5.0, 25.787681899064726)
(23.0, 6.0, 26.793495266644676)
(23.0, 7.0, 27.042107492507036)
(23.0, 8.0, 22.111592892064944)
(23.0, 9.0, 24.730785555437315)
(23.0, 10.0, 23.160554950487352)
(23.0, 11.0, 27.459040915775564)
(23.0, 12.0, 26.425617390906048)
(23.0, 13.0, 26.401799296534211)
(23.0, 14.0, 26.504028923149029)
(23.0, 15.0, 23.061355442455575)
(23.0, 16.0, 24.362197444911395)
(23.0, 17.0, 25.129531597720497)
(23.0, 18.0, 25.974913797573837)
(23.0, 19.0, 29.844672383523381)
(23.0, 20.0, 26.828009185210288)
(23.0, 21.0, 24.342467740347065)
(23.0, 22.0, 27.117681973255436)
(23.0, 23.0, 27.845018220095845)
(23.0, 24.0, 21.380600781359927)
(23.0, 25.0, 22.897009954663734)
(23.0, 26.0, 24.776420678242147)
(23.0, 27.0, 29.352950352504415)
(23.0, 28.0, 25.925567444355572)
(23.0, 29.0, 23.594669598758493)
(23.0, 30.0, 25.816478686522032)
(23.0, 31.0, 23.585576338227401)
(23.0, 32.0, 26.157930649467456)
(23.0, 33.0, 24.818906925273243)
(23.0, 34.0, 26.247332319255282)
(23.0, 35.0, 28.688821892205876)
(23.0, 36.0, 23.402224248693003)
(23.0, 37.0, 26.107769274802614)
(23.0, 38.0, 26.346789910583574)
(23.0, 39.0, 22.410098439209001)
(23.0, 40.0, 24.322063013747275)
(23.0, 41.0, 24.846597684952393)
(23.0, 42.0, 24.28693474184189)
(23.0, 43.0, 28.37809922716519)
(23.0, 44.0, 27.830412944187348)
(23.0, 45.0, 26.726416448754641)
(23.0, 46.0, 24.945553519159461)
(23.0, 47.0, 25.882541955229083)
(23.0, 48.0, 23.894628120062027)
(23.0, 49.0, 27.656073806390044)
(23.0, 50.0, 27.0981394287043)
(23.0, 51.0, 26.710339312143979)
(23.0, 52.0, 25.669848852852652)
(23.0, 53.0, 24.802880408565823)
(23.0, 54.0, 25.128762559834691)
(23.0, 55.0, 23.651983480298757)
(23.0, 56.0, 27.289907724596453)
(23.0, 57.0, 24.992906928440014)
(23.0, 58.0, 23.63532758051058)
(23.0, 59.0, 25.50430355419515)
(23.0, 60.0, 27.299596699379862)
(23.0, 61.0, 24.081244369808996)
(23.0, 62.0, 25.780477735520854)
(23.0, 63.0, 24.833542162522235)
(23.0, 64.0, 23.714668381009446)
(23.0, 65.0, 25.635211179445466)
(23.0, 66.0, 24.68401360705144)
(23.0, 67.0, 25.366835335451668)
(23.0, 68.0, 25.91097777575343)
(23.0, 69.0, 23.133466542402608)
(23.0, 70.0, 25.371312201994808)
(23.0, 71.0, 23.40611381148921)
(23.0, 72.0, 22.788675147293993)
(23.0, 73.0, 24.35121453217721)
(23.0, 74.0, 26.458798114049387)
(23.0, 75.0, 26.388824466746428)
(23.0, 76.0, 25.78573164252645)
(23.0, 77.0, 22.729561300686065)
(23.0, 78.0, 23.356877942738905)
(23.0, 79.0, 26.120197793579511)
(23.0, 80.0, 27.500595785828686)
(23.0, 81.0, 23.358375829556291)
(23.0, 82.0, 22.547491883037388)
(23.0, 83.0, 23.478743992774817)
(23.0, 84.0, 28.058774783897356)
(23.0, 85.0, 27.31562413950806)
(23.0, 86.0, 27.349784273212251)
(23.0, 87.0, 24.464880126807021)
(23.0, 88.0, 24.207693457387563)
(23.0, 89.0, 25.811950137797663)
(23.0, 90.0, 25.9008348193946)
(23.0, 91.0, 23.336397264633618)
(23.0, 92.0, 24.828958278119675)
(23.0, 93.0, 25.220513121517982)
(23.0, 94.0, 26.259050413300233)
(23.0, 95.0, 24.829343164442275)
(23.0, 96.0, 22.959218490320886)
(23.0, 97.0, 25.648119033658759)
(23.0, 98.0, 25.082940011005888)
(23.0, 99.0, 25.75217075041256)
(23.0, 100.0, 27.680210918996959)
(23.0, 101.0, 23.687065932493109)
(23.0, 102.0, 24.872623990665911)
(23.0, 103.0, 25.941045431024975)
(23.0, 104.0, 29.317149216574695)
(23.0, 105.0, 26.473984654578196)
(23.0, 106.0, 24.180867066879408)
(23.0, 107.0, 24.060329756531701)
(23.0, 108.0, 26.221035414319758)
(23.0, 109.0, 24.966019718819439)
(23.0, 110.0, 25.09317671618571)
(23.0, 111.0, 26.677330281998266)
(23.0, 112.0, 27.340645548502554)
(23.0, 113.0, 25.180521145814932)
(23.0, 114.0, 26.225130086115303)
(23.0, 115.0, 27.787576341815832)
(23.0, 116.0, 24.622417198973476)
(23.0, 117.0, 21.116214686804685)
(23.0, 118.0, 27.878865631173134)
(23.0, 119.0, 26.770449795873045)
(23.0, 120.0, 25.788648962853546)
(23.0, 121.0, 26.255012159544989)
(23.0, 122.0, 23.2968159088364)
(23.0, 123.0, 29.285758868157188)
(23.0, 124.0, 26.170068481966986)
(23.0, 125.0, 29.125629347832504)
(23.0, 126.0, 25.09445478596956)
(23.0, 127.0, 26.093832164415488)
(23.0, 128.0, 25.022585750159859)
(23.0, 129.0, 28.313331193062478)
(23.0, 130.0, 25.562633802240846)
(23.0, 131.0, 25.855594845852373)
(23.0, 132.0, 21.50303278300386)
(23.0, 133.0, 23.306360525175823)
(23.0, 134.0, 26.322070667211491)
(23.0, 135.0, 24.446697483022433)
(23.0, 136.0, 26.178736850239147)
(23.0, 137.0, 26.327714827637188)
(23.0, 138.0, 23.682234473499754)
(23.0, 139.0, 28.239806593398455)
(23.0, 140.0, 28.916106424866115)
(23.0, 141.0, 26.341223729517679)
(23.0, 142.0, 25.567183364456369)
(23.0, 143.0, 27.936135071065312)
(23.0, 144.0, 24.160240590738098)
(23.0, 145.0, 24.6867884235246)
(23.0, 146.0, 29.611801628652863)
(23.0, 147.0, 25.040236821051373)
(23.0, 148.0, 25.280435825817801)
(23.0, 149.0, 27.338623740928259)
(23.0, 150.0, 30.545754450424507)
(23.0, 151.0, 29.037038572822659)
(23.0, 152.0, 26.800994464646617)
(23.0, 153.0, 26.341670303533682)
(23.0, 154.0, 26.256066809920451)
(23.0, 155.0, 25.61609245421549)
(23.0, 156.0, 27.691910676567392)
(23.0, 157.0, 27.160042540266137)
(23.0, 158.0, 27.682540236279717)
(23.0, 159.0, 27.622225264490954)
(23.0, 160.0, 24.270487239376422)
(23.0, 161.0, 25.293174455400422)
(23.0, 162.0, 27.311877276059899)
(23.0, 163.0, 24.575446144064159)
(23.0, 164.0, 25.825099032533885)
(23.0, 165.0, 25.947146100867752)
(23.0, 166.0, 26.7313976083386)
(23.0, 167.0, 26.474291183856895)
(23.0, 168.0, 26.432197949277288)
(23.0, 169.0, 26.19624908745352)
(23.0, 170.0, 23.397161749697094)
(23.0, 171.0, 27.144404551978521)
(23.0, 172.0, 29.143599819969165)
(23.0, 173.0, 26.608885257355755)
(23.0, 174.0, 23.644562328356308)
(23.0, 175.0, 28.04118978854352)
(23.0, 176.0, 24.975617640077928)
(23.0, 177.0, 28.778986927184803)
(23.0, 178.0, 23.533459488624267)
(23.0, 179.0, 27.249330022945809)
(23.0, 180.0, 27.038412770111165)
(23.0, 181.0, 25.179216769413351)
(23.0, 182.0, 25.718694556313906)
(23.0, 183.0, 24.688242842237084)
(23.0, 184.0, 23.941613698366659)
(23.0, 185.0, 25.846663573158924)
(23.0, 186.0, 25.324887425865256)
(23.0, 187.0, 28.628271682961085)
(23.0, 188.0, 24.348164838450217)
(23.0, 189.0, 27.814387410317231)
(23.0, 190.0, 27.217660081500306)
(23.0, 191.0, 24.453535797942514)
(23.0, 192.0, 25.037686153123985)
(23.0, 193.0, 26.575055673345233)
(23.0, 194.0, 28.250887587360115)
(23.0, 195.0, 26.159257651994075)
(23.0, 196.0, 26.661146389950645)
(23.0, 197.0, 25.31617672147198)
(23.0, 198.0, 25.101484035388161)
(23.0, 199.0, 27.438922221219048)
(24.0, 0.0, 22.599170168456673)
(24.0, 1.0, 24.360616291396518)
(24.0, 2.0, 20.732857063811661)
(24.0, 3.0, 26.081420292732432)
(24.0, 4.0, 21.870785225943841)
(24.0, 5.0, 24.972725185423737)
(24.0, 6.0, 26.580784178285548)
(24.0, 7.0, 24.18099095893308)
(24.0, 8.0, 21.056812824746288)
(24.0, 9.0, 26.61995602925548)
(24.0, 10.0, 22.985665581618079)
(24.0, 11.0, 24.85804965787111)
(24.0, 12.0, 24.610491120379489)
(24.0, 13.0, 24.845706059183222)
(24.0, 14.0, 25.683913667415442)
(24.0, 15.0, 24.073562135226251)
(24.0, 16.0, 24.857931627381777)
(24.0, 17.0, 25.960114558694386)
(24.0, 18.0, 23.827000905545809)
(24.0, 19.0, 28.943288536570041)
(24.0, 20.0, 25.876993091743611)
(24.0, 21.0, 25.04993170571041)
(24.0, 22.0, 24.726069426610749)
(24.0, 23.0, 27.023019386844982)
(24.0, 24.0, 19.832312611850654)
(24.0, 25.0, 22.043505464402291)
(24.0, 26.0, 23.550202997258992)
(24.0, 27.0, 28.8189371633276)
(24.0, 28.0, 25.102166431305776)
(24.0, 29.0, 25.181161497458309)
(24.0, 30.0, 25.133902268001556)
(24.0, 31.0, 22.822096590594928)
(24.0, 32.0, 26.375314142372709)
(24.0, 33.0, 25.253451399384893)
(24.0, 34.0, 26.23544745464558)
(24.0, 35.0, 25.761166591555998)
(24.0, 36.0, 21.366832582593101)
(24.0, 37.0, 27.331169956375241)
(24.0, 38.0, 26.638955533402381)
(24.0, 39.0, 23.359263760008709)
(24.0, 40.0, 22.971698989158149)
(24.0, 41.0, 24.249182317942235)
(24.0, 42.0, 24.155527312516018)
(24.0, 43.0, 25.767804395860175)
(24.0, 44.0, 29.324463856405398)
