(131.0, 81.0, 20.317702527226391)
(131.0, 82.0, 21.002923484275211)
(131.0, 83.0, 22.842634908732343)
(131.0, 84.0, 24.448746475176513)
(131.0, 85.0, 26.157398597483606)
(131.0, 86.0, 25.261165924240903)
(131.0, 87.0, 23.742182504259031)
(131.0, 88.0, 23.309748521130039)
(131.0, 89.0, 24.25216957044163)
(131.0, 90.0, 25.583831585582299)
(131.0, 91.0, 24.079465292909159)
(131.0, 92.0, 23.263869758809953)
(131.0, 93.0, 24.294694028145244)
(131.0, 94.0, 24.186594937281981)
(131.0, 95.0, 22.277904362459918)
(131.0, 96.0, 23.666869743892441)
(131.0, 97.0, 23.451853856994276)
(131.0, 98.0, 21.790797171944526)
(131.0, 99.0, 26.285335057953986)
(131.0, 100.0, 24.951098401994336)
(131.0, 101.0, 22.229966660682464)
(131.0, 102.0, 24.266225298912126)
(131.0, 103.0, 25.475682013584311)
(131.0, 104.0, 25.63562322100649)
(131.0, 105.0, 24.394211046423091)
(131.0, 106.0, 23.35410378981252)
(131.0, 107.0, 22.566385810731504)
(131.0, 108.0, 25.747833885261926)
(131.0, 109.0, 23.323205446213564)
(131.0, 110.0, 23.633118330157611)
(131.0, 111.0, 24.888951891325522)
(131.0, 112.0, 26.90803165806247)
(131.0, 113.0, 24.814757720863671)
(131.0, 114.0, 25.689325420768373)
(131.0, 115.0, 24.368235600426225)
(131.0, 116.0, 21.132709321850747)
(131.0, 117.0, 21.988805753175427)
(131.0, 118.0, 24.943770337699721)
(131.0, 119.0, 24.45107379038237)
(131.0, 120.0, 25.567255196515628)
(131.0, 121.0, 25.764834751695183)
(131.0, 122.0, 23.021949725186737)
(131.0, 123.0, 25.396794442868014)
(131.0, 124.0, 24.762633941746252)
(131.0, 125.0, 26.809423883896237)
(131.0, 126.0, 22.657105080482705)
(131.0, 127.0, 25.293997288020122)
(131.0, 128.0, 22.489223481377934)
(131.0, 129.0, 24.896817725429162)
(131.0, 130.0, 23.691154273018679)
(131.0, 131.0, 24.101960812766443)
(131.0, 132.0, 19.279313572343028)
(131.0, 133.0, 22.427070821157219)
(131.0, 134.0, 25.618605056115776)
(131.0, 135.0, 24.779676824203811)
(131.0, 136.0, 25.102082254481495)
(131.0, 137.0, 23.641972091790645)
(131.0, 138.0, 23.57152837929846)
(131.0, 139.0, 27.250873423263315)
(131.0, 140.0, 27.072851409609367)
(131.0, 141.0, 23.634982976762494)
(131.0, 142.0, 25.412024645261692)
(131.0, 143.0, 24.834427740172188)
(131.0, 144.0, 22.77445580336305)
(131.0, 145.0, 25.688988708148905)
(131.0, 146.0, 25.801694884133042)
(131.0, 147.0, 21.857326329408576)
(131.0, 148.0, 22.252785196587975)
(131.0, 149.0, 24.414525764444654)
(131.0, 150.0, 28.223323819155112)
(131.0, 151.0, 27.475562695372812)
(131.0, 152.0, 25.353723528991928)
(131.0, 153.0, 25.611596560180171)
(131.0, 154.0, 25.011047143484653)
(131.0, 155.0, 26.363387700777572)
(131.0, 156.0, 24.199213995987662)
(131.0, 157.0, 26.807884953412138)
(131.0, 158.0, 25.639567710764013)
(131.0, 159.0, 24.414713642937802)
(131.0, 160.0, 22.870939736791261)
(131.0, 161.0, 24.326341065932461)
(131.0, 162.0, 25.614552032963697)
(131.0, 163.0, 22.311645171178775)
(131.0, 164.0, 24.068797057484687)
(131.0, 165.0, 24.527456671979376)
(131.0, 166.0, 26.144007542390035)
(131.0, 167.0, 23.029058664405515)
(131.0, 168.0, 24.22616185822994)
(131.0, 169.0, 25.032660835506)
(131.0, 170.0, 21.580072774579527)
(131.0, 171.0, 26.600474595985929)
(131.0, 172.0, 26.639872664848454)
(131.0, 173.0, 24.204444937672541)
(131.0, 174.0, 22.186092249887363)
(131.0, 175.0, 24.402260684897662)
(131.0, 176.0, 24.122317768556211)
(131.0, 177.0, 23.909820356006531)
(131.0, 178.0, 22.81508893375549)
(131.0, 179.0, 26.204896086353564)
(131.0, 180.0, 24.611337022573274)
(131.0, 181.0, 25.648404609677911)
(131.0, 182.0, 25.937043431643829)
(131.0, 183.0, 23.838583590863706)
(131.0, 184.0, 23.227990594364282)
(131.0, 185.0, 23.018915192790516)
(131.0, 186.0, 24.497289144557058)
(131.0, 187.0, 26.473354155013865)
(131.0, 188.0, 23.555742146797598)
(131.0, 189.0, 26.622323075279098)
(131.0, 190.0, 24.954132265049836)
(131.0, 191.0, 22.86185271010514)
(131.0, 192.0, 24.126018221252082)
(131.0, 193.0, 24.101230303516076)
(131.0, 194.0, 26.518743865266739)
(131.0, 195.0, 24.392907829252)
(131.0, 196.0, 26.625205737825503)
(131.0, 197.0, 25.013807180554863)
(131.0, 198.0, 23.123888828045061)
(131.0, 199.0, 23.834119289759588)
(132.0, 0.0, 21.230215995185432)
(132.0, 1.0, 24.530384094505646)
(132.0, 2.0, 22.288947800674233)
(132.0, 3.0, 25.173204851628274)
(132.0, 4.0, 21.922187677920288)
(132.0, 5.0, 24.618961442323936)
(132.0, 6.0, 26.075227172813186)
(132.0, 7.0, 24.318066554263755)
(132.0, 8.0, 20.78396720368767)
(132.0, 9.0, 24.43835163010861)
(132.0, 10.0, 21.918242572524793)
(132.0, 11.0, 24.916876396525524)
(132.0, 12.0, 23.380151510004502)
(132.0, 13.0, 24.815223595649453)
(132.0, 14.0, 23.366501585676186)
(132.0, 15.0, 21.531771384701635)
(132.0, 16.0, 22.960121433637632)
(132.0, 17.0, 23.371377660511911)
(132.0, 18.0, 24.526029338833034)
(132.0, 19.0, 27.293226375653088)
(132.0, 20.0, 24.824760840671303)
(132.0, 21.0, 23.085424173621988)
(132.0, 22.0, 25.909234031421988)
(132.0, 23.0, 25.79862381671731)
(132.0, 24.0, 20.563588988825813)
(132.0, 25.0, 19.564225617489242)
(132.0, 26.0, 24.041311686658386)
(132.0, 27.0, 26.388012498283818)
(132.0, 28.0, 24.565400205387718)
(132.0, 29.0, 22.812407938273719)
(132.0, 30.0, 22.001753952614298)
(132.0, 31.0, 21.992462795560105)
(132.0, 32.0, 23.879389320366322)
(132.0, 33.0, 23.071641254410629)
(132.0, 34.0, 22.97909753237812)
(132.0, 35.0, 25.386135911220283)
(132.0, 36.0, 21.293582786289228)
(132.0, 37.0, 26.023101329659276)
(132.0, 38.0, 26.881474112628609)
(132.0, 39.0, 22.181545058276299)
(132.0, 40.0, 22.912457850773119)
(132.0, 41.0, 23.442992379746112)
(132.0, 42.0, 24.168333264229894)
(132.0, 43.0, 25.052343399102043)
(132.0, 44.0, 27.32903212689672)
(132.0, 45.0, 26.128825942546499)
(132.0, 46.0, 23.635948597090284)
(132.0, 47.0, 23.617606758420131)
(132.0, 48.0, 21.144494346940981)
(132.0, 49.0, 24.518732654294716)
(132.0, 50.0, 25.678605427492698)
(132.0, 51.0, 24.913856561902438)
(132.0, 52.0, 23.671515759474808)
(132.0, 53.0, 23.656054520915188)
(132.0, 54.0, 23.576191656689467)
(132.0, 55.0, 22.335257348681111)
(132.0, 56.0, 24.525113110389771)
(132.0, 57.0, 25.11669614558425)
(132.0, 58.0, 24.009027755369914)
(132.0, 59.0, 22.86063433872193)
(132.0, 60.0, 25.451033091427348)
(132.0, 61.0, 22.615003399599338)
(132.0, 62.0, 24.602017139148387)
(132.0, 63.0, 24.320746659495388)
(132.0, 64.0, 19.861548111759348)
(132.0, 65.0, 24.434117134871862)
(132.0, 66.0, 23.681268867461043)
(132.0, 67.0, 22.833743950324269)
(132.0, 68.0, 26.599690179637395)
(132.0, 69.0, 23.58043067922798)
(132.0, 70.0, 24.267273217666737)
(132.0, 71.0, 22.274383223269265)
(132.0, 72.0, 22.691082794426016)
(132.0, 73.0, 21.964959227382348)
(132.0, 74.0, 22.484987954099704)
(132.0, 75.0, 23.914311161335295)
(132.0, 76.0, 21.965831427329825)
(132.0, 77.0, 20.902648081903916)
(132.0, 78.0, 23.655647541212694)
(132.0, 79.0, 23.253275401468564)
(132.0, 80.0, 26.070333142017386)
(132.0, 81.0, 19.320731802854297)
(132.0, 82.0, 21.233495636988906)
(132.0, 83.0, 22.477831216725686)
(132.0, 84.0, 26.44275524291093)
(132.0, 85.0, 25.239013573515219)
(132.0, 86.0, 26.331245397407638)
(132.0, 87.0, 24.603073014744577)
(132.0, 88.0, 22.271177896895217)
(132.0, 89.0, 25.916016986202411)
(132.0, 90.0, 23.009899662457347)
(132.0, 91.0, 23.291695220912235)
(132.0, 92.0, 22.721925615671829)
(132.0, 93.0, 24.465461142625383)
(132.0, 94.0, 24.057595398693937)
(132.0, 95.0, 23.290689799148026)
(132.0, 96.0, 22.39726780242508)
(132.0, 97.0, 24.676610511858343)
(132.0, 98.0, 23.089312744268945)
(132.0, 99.0, 25.355003395943761)
(132.0, 100.0, 26.110175785124206)
(132.0, 101.0, 20.699192442970272)
(132.0, 102.0, 22.49629630144895)
(132.0, 103.0, 26.303827988385393)
(132.0, 104.0, 25.397459727412006)
(132.0, 105.0, 23.614481249125575)
(132.0, 106.0, 24.147195307531444)
(132.0, 107.0, 23.237591869210942)
(132.0, 108.0, 25.229850965191986)
(132.0, 109.0, 24.204309066215174)
(132.0, 110.0, 23.612606660544117)
(132.0, 111.0, 25.158420467671323)
(132.0, 112.0, 26.069171566714118)
(132.0, 113.0, 25.369277367294849)
(132.0, 114.0, 26.780305382389699)
(132.0, 115.0, 24.884865604583826)
(132.0, 116.0, 22.681346829600148)
(132.0, 117.0, 20.758997839063326)
(132.0, 118.0, 24.853457988502775)
(132.0, 119.0, 23.198915232958338)
(132.0, 120.0, 24.815480820541815)
(132.0, 121.0, 25.807391145261512)
(132.0, 122.0, 24.373634338429596)
(132.0, 123.0, 26.339849440948711)
(132.0, 124.0, 25.383958166623124)
(132.0, 125.0, 26.16433755552363)
(132.0, 126.0, 23.989463401120755)
(132.0, 127.0, 25.821281085023674)
(132.0, 128.0, 24.524544532559325)
(132.0, 129.0, 23.899807053475087)
(132.0, 130.0, 25.001535776329362)
(132.0, 131.0, 23.841998200163474)
(132.0, 132.0, 19.901682961583543)
(132.0, 133.0, 21.578988016565766)
(132.0, 134.0, 24.556596918025942)
(132.0, 135.0, 22.263602230422538)
(132.0, 136.0, 25.226882434461697)
(132.0, 137.0, 24.015648954741977)
(132.0, 138.0, 22.586363159600303)
(132.0, 139.0, 26.832088888591564)
(132.0, 140.0, 26.622217965159994)
(132.0, 141.0, 23.991054896632377)
(132.0, 142.0, 23.67839327138763)
(132.0, 143.0, 23.371312348135966)
(132.0, 144.0, 24.512370791626825)
(132.0, 145.0, 25.115675441443493)
(132.0, 146.0, 27.646806550287959)
(132.0, 147.0, 22.11123370775714)
(132.0, 148.0, 24.280388095992745)
(132.0, 149.0, 24.655934245077074)
(132.0, 150.0, 27.665239065631745)
(132.0, 151.0, 29.156272208926922)
(132.0, 152.0, 23.877677043067596)
(132.0, 153.0, 23.488652536385761)
(132.0, 154.0, 23.921313117790731)
(132.0, 155.0, 24.006983205672888)
(132.0, 156.0, 23.932122544584239)
(132.0, 157.0, 26.373292031623262)
(132.0, 158.0, 26.789280897070185)
(132.0, 159.0, 25.870498693647502)
(132.0, 160.0, 24.41593607154212)
(132.0, 161.0, 24.730465112921578)
(132.0, 162.0, 25.164243609421042)
(132.0, 163.0, 22.693208598640592)
(132.0, 164.0, 24.384606842322292)
(132.0, 165.0, 23.287065792547541)
(132.0, 166.0, 25.458407220838595)
(132.0, 167.0, 24.245918831217889)
(132.0, 168.0, 25.157512891263405)
(132.0, 169.0, 24.608724669170766)
(132.0, 170.0, 22.028699322700106)
(132.0, 171.0, 26.145302093412351)
(132.0, 172.0, 27.109105057919447)
(132.0, 173.0, 25.745648228405237)
(132.0, 174.0, 21.974230851380764)
(132.0, 175.0, 26.175518950439415)
(132.0, 176.0, 25.495317738780717)
(132.0, 177.0, 27.278083288158602)
(132.0, 178.0, 21.329880763764791)
(132.0, 179.0, 26.621976164039147)
(132.0, 180.0, 24.191181625271586)
(132.0, 181.0, 24.099119480892668)
(132.0, 182.0, 26.311424062456297)
(132.0, 183.0, 23.709738997807239)
(132.0, 184.0, 22.972371797659257)
(132.0, 185.0, 25.017970684150132)
(132.0, 186.0, 24.771666513034127)
(132.0, 187.0, 25.409762931092928)
(132.0, 188.0, 24.114251898132032)
(132.0, 189.0, 26.380018428475623)
(132.0, 190.0, 24.765494215807067)
(132.0, 191.0, 24.935533362733239)
(132.0, 192.0, 24.189389352028432)
(132.0, 193.0, 23.785313464488059)
(132.0, 194.0, 25.36464970719264)
(132.0, 195.0, 24.94520465765925)
(132.0, 196.0, 25.384004592725397)
(132.0, 197.0, 23.954668319078223)
(132.0, 198.0, 23.823218764553417)
(132.0, 199.0, 23.874606676911682)
(133.0, 0.0, 22.018218817417843)
(133.0, 1.0, 26.059811164719122)
(133.0, 2.0, 21.569658791662278)
(133.0, 3.0, 25.983267725450155)
(133.0, 4.0, 23.38543641627265)
(133.0, 5.0, 23.473986256761634)
(133.0, 6.0, 24.640083158340754)
(133.0, 7.0, 25.305386032082613)
(133.0, 8.0, 19.776288064138111)
(133.0, 9.0, 24.808974393422609)
(133.0, 10.0, 22.684720455200161)
(133.0, 11.0, 26.427196898141712)
(133.0, 12.0, 26.191130499441584)
(133.0, 13.0, 24.220364252942431)
(133.0, 14.0, 24.890882855361475)
(133.0, 15.0, 23.944246667287814)
(133.0, 16.0, 22.661422355790172)
(133.0, 17.0, 24.750631488837143)
(133.0, 18.0, 23.405806712681436)
(133.0, 19.0, 29.249007409628039)
(133.0, 20.0, 25.75879301466022)
(133.0, 21.0, 24.201129156059139)
(133.0, 22.0, 25.666194180617929)
(133.0, 23.0, 26.992146942970649)
(133.0, 24.0, 18.703819933889751)
(133.0, 25.0, 21.284792420918691)
(133.0, 26.0, 23.412745243951711)
(133.0, 27.0, 28.642296437048351)
(133.0, 28.0, 24.789331805260481)
(133.0, 29.0, 24.648380481446608)
(133.0, 30.0, 24.758274542555064)
(133.0, 31.0, 23.97068940396397)
(133.0, 32.0, 25.658025757387964)
(133.0, 33.0, 23.910938954574611)
(133.0, 34.0, 24.252398479029338)
(133.0, 35.0, 27.027398624635641)
(133.0, 36.0, 22.699110026764274)
(133.0, 37.0, 25.987714092451952)
(133.0, 38.0, 25.110502819122065)
(133.0, 39.0, 23.457244409773772)
(133.0, 40.0, 22.733006701700564)
(133.0, 41.0, 23.627329616158626)
(133.0, 42.0, 23.162517302736127)
(133.0, 43.0, 26.474216256937762)
(133.0, 44.0, 27.159531698944086)
(133.0, 45.0, 25.385784656990758)
(133.0, 46.0, 25.421805097312451)
(133.0, 47.0, 24.559257548192637)
(133.0, 48.0, 21.714138336732482)
(133.0, 49.0, 25.236390938280774)
(133.0, 50.0, 27.411209787907001)
(133.0, 51.0, 27.155322725661044)
(133.0, 52.0, 24.9532003428282)
(133.0, 53.0, 21.8371228562232)
(133.0, 54.0, 23.642275069972271)
(133.0, 55.0, 24.878117491736596)
(133.0, 56.0, 26.644888488576832)
(133.0, 57.0, 24.219768724974823)
(133.0, 58.0, 23.577553739576686)
(133.0, 59.0, 23.937690769984485)
(133.0, 60.0, 26.512719657579453)
(133.0, 61.0, 22.121067502750666)
(133.0, 62.0, 26.459446976253634)
(133.0, 63.0, 23.525256618277986)
(133.0, 64.0, 20.213916608548804)
(133.0, 65.0, 22.573185871599598)
(133.0, 66.0, 24.753980448353559)
(133.0, 67.0, 24.589260246718716)
(133.0, 68.0, 25.368191006272021)
(133.0, 69.0, 24.947930991191086)
(133.0, 70.0, 25.7145514815981)
(133.0, 71.0, 23.554208356128722)
(133.0, 72.0, 22.606429288389222)
(133.0, 73.0, 23.421661570051462)
(133.0, 74.0, 25.556940942366481)
(133.0, 75.0, 25.713013259927585)
(133.0, 76.0, 24.606337118586811)
(133.0, 77.0, 22.362350688085836)
(133.0, 78.0, 23.67213152289785)
(133.0, 79.0, 23.353267910727006)
(133.0, 80.0, 27.045091645076045)
(133.0, 81.0, 21.543838642843369)
(133.0, 82.0, 22.85159634501489)
(133.0, 83.0, 23.025771020845017)
(133.0, 84.0, 26.433195402002521)
(133.0, 85.0, 27.271084771002986)
(133.0, 86.0, 26.48636022651452)
(133.0, 87.0, 24.567322940107179)
(133.0, 88.0, 24.89202476818943)
(133.0, 89.0, 26.214970530689147)
(133.0, 90.0, 24.428588644587862)
(133.0, 91.0, 25.307953853135587)
(133.0, 92.0, 24.325923919109474)
(133.0, 93.0, 25.388768782065757)
(133.0, 94.0, 26.492409461003135)
(133.0, 95.0, 23.828594864211155)
(133.0, 96.0, 23.388970272248251)
(133.0, 97.0, 24.427115923632748)
(133.0, 98.0, 22.783723789668173)
(133.0, 99.0, 23.637484906556395)
(133.0, 100.0, 26.960594894739785)
(133.0, 101.0, 21.753849520436464)
(133.0, 102.0, 24.835087790208618)
(133.0, 103.0, 25.968285051011136)
(133.0, 104.0, 27.283162381732016)
(133.0, 105.0, 24.684595820946342)
(133.0, 106.0, 23.035515166374328)
(133.0, 107.0, 23.060053076016516)
(133.0, 108.0, 25.808003642176995)
(133.0, 109.0, 23.843437479387767)
(133.0, 110.0, 24.101565950536909)
(133.0, 111.0, 26.392690697654125)
(133.0, 112.0, 27.02698618377099)
(133.0, 113.0, 26.282106689170533)
(133.0, 114.0, 25.619727276537688)
(133.0, 115.0, 24.638842636213404)
(133.0, 116.0, 22.470477487368889)
(133.0, 117.0, 20.987007349835572)
(133.0, 118.0, 27.34871533704511)
(133.0, 119.0, 25.812148490220199)
(133.0, 120.0, 25.178320680278244)
(133.0, 121.0, 25.805162060554409)
(133.0, 122.0, 24.779633298584066)
(133.0, 123.0, 26.44092446815359)
(133.0, 124.0, 25.061233487167119)
(133.0, 125.0, 26.635553397287211)
(133.0, 126.0, 24.766681060951562)
(133.0, 127.0, 26.825520842080198)
(133.0, 128.0, 24.038651672107918)
(133.0, 129.0, 25.539525991376514)
(133.0, 130.0, 25.42443463960031)
(133.0, 131.0, 26.371545923044032)
(133.0, 132.0, 22.830599250538285)
(133.0, 133.0, 23.265133094349771)
(133.0, 134.0, 24.732973976242072)
(133.0, 135.0, 24.932985505849558)
(133.0, 136.0, 25.620678288956107)
(133.0, 137.0, 23.359344027638034)
(133.0, 138.0, 22.316320263713742)
(133.0, 139.0, 27.947612265899689)
(133.0, 140.0, 27.196047305523592)
(133.0, 141.0, 24.924880288166069)
(133.0, 142.0, 23.367445948797887)
(133.0, 143.0, 26.380351482565434)
(133.0, 144.0, 24.797205397845822)
(133.0, 145.0, 23.058463413672431)
(133.0, 146.0, 28.380247435643348)
(133.0, 147.0, 21.980989958915821)
(133.0, 148.0, 23.844925278287267)
(133.0, 149.0, 26.983368903802059)
(133.0, 150.0, 28.168487928620841)
(133.0, 151.0, 28.18030123837957)
(133.0, 152.0, 24.691347829588107)
(133.0, 153.0, 25.88388033825138)
(133.0, 154.0, 25.728873288036453)
(133.0, 155.0, 26.073473695740134)
(133.0, 156.0, 24.698563698359578)
(133.0, 157.0, 27.315666760225163)
(133.0, 158.0, 26.624726712459907)
(133.0, 159.0, 27.515599974855441)
(133.0, 160.0, 24.014013200540102)
(133.0, 161.0, 24.427803357999512)
(133.0, 162.0, 25.74303072612247)
(133.0, 163.0, 21.879627786124811)
(133.0, 164.0, 24.030430317885607)
(133.0, 165.0, 26.49649847560379)
(133.0, 166.0, 26.966855593547763)
(133.0, 167.0, 23.730365211442184)
(133.0, 168.0, 25.168656073875074)
(133.0, 169.0, 23.712828614514393)
(133.0, 170.0, 22.394604205048587)
(133.0, 171.0, 25.089954269537891)
(133.0, 172.0, 29.490651129972434)
(133.0, 173.0, 26.642360236751347)
(133.0, 174.0, 22.142263076848636)
(133.0, 175.0, 25.564838245167451)
(133.0, 176.0, 24.136332882821399)
(133.0, 177.0, 26.375795836125246)
(133.0, 178.0, 22.446874141411374)
(133.0, 179.0, 26.864282673540195)
(133.0, 180.0, 24.767755029187175)
(133.0, 181.0, 24.416693419235379)
(133.0, 182.0, 25.160660615949361)
(133.0, 183.0, 24.203981885052265)
(133.0, 184.0, 24.094598676174428)
(133.0, 185.0, 24.584221145199688)
(133.0, 186.0, 24.960581838533017)
(133.0, 187.0, 24.761646741270656)
(133.0, 188.0, 24.45129797800131)
(133.0, 189.0, 28.744756517914514)
(133.0, 190.0, 24.773302412443584)
(133.0, 191.0, 25.561921487645566)
(133.0, 192.0, 24.050136867763758)
(133.0, 193.0, 24.672215463311044)
(133.0, 194.0, 25.130216588085133)
(133.0, 195.0, 24.881680429118617)
(133.0, 196.0, 25.472158439005881)
(133.0, 197.0, 26.879111997982598)
(133.0, 198.0, 26.44833373260154)
(133.0, 199.0, 24.615029705183872)
(134.0, 0.0, 21.564934485142597)
(134.0, 1.0, 25.338426702221582)
(134.0, 2.0, 22.733494567808979)
(134.0, 3.0, 26.087500654010331)
(134.0, 4.0, 24.135514514984141)
(134.0, 5.0, 24.03695308788221)
(134.0, 6.0, 27.516544342709601)
(134.0, 7.0, 27.626775399385778)
(134.0, 8.0, 21.219438010608737)
(134.0, 9.0, 27.260495246762609)
(134.0, 10.0, 23.45302812209529)
(134.0, 11.0, 27.297386735854481)
(134.0, 12.0, 26.156452343273159)
(134.0, 13.0, 26.373166382814453)
(134.0, 14.0, 25.662444962728792)
(134.0, 15.0, 24.477533852432977)
(134.0, 16.0, 23.998579491808457)
(134.0, 17.0, 26.695735399486669)
(134.0, 18.0, 26.093716916945791)
(134.0, 19.0, 29.773155262206984)
(134.0, 20.0, 25.997323030032771)
(134.0, 21.0, 25.351480664888012)
(134.0, 22.0, 25.759549557340431)
(134.0, 23.0, 28.420921093118526)
(134.0, 24.0, 21.29403565781497)
(134.0, 25.0, 21.241534819953777)
(134.0, 26.0, 25.282785410849257)
(134.0, 27.0, 29.013526332751464)
(134.0, 28.0, 26.860077383275119)
(134.0, 29.0, 25.210275663743765)
(134.0, 30.0, 24.651707153662834)
(134.0, 31.0, 24.221012534563133)
(134.0, 32.0, 27.276606615669056)
(134.0, 33.0, 26.542932287624261)
(134.0, 34.0, 24.483398341828597)
(134.0, 35.0, 26.674215182414954)
(134.0, 36.0, 23.252230033022826)
(134.0, 37.0, 25.561691258910106)
(134.0, 38.0, 28.491658879333382)
(134.0, 39.0, 24.086650524809656)
(134.0, 40.0, 23.73869635227204)
(134.0, 41.0, 24.513890178766339)
(134.0, 42.0, 24.089883217084402)
(134.0, 43.0, 27.008849621372871)
(134.0, 44.0, 28.594868226273487)
(134.0, 45.0, 26.76599038360202)
(134.0, 46.0, 27.338473430623651)
(134.0, 47.0, 25.019857952837675)
(134.0, 48.0, 24.614565897905369)
(134.0, 49.0, 27.734986505206017)
(134.0, 50.0, 27.437709626881635)
(134.0, 51.0, 27.218382648351668)
(134.0, 52.0, 26.888613152415957)
(134.0, 53.0, 25.395282639399287)
(134.0, 54.0, 23.725969732840557)
(134.0, 55.0, 25.242965257528709)
(134.0, 56.0, 27.860337838398632)
(134.0, 57.0, 25.096321317022717)
(134.0, 58.0, 25.122624093467017)
(134.0, 59.0, 23.828717124709581)
(134.0, 60.0, 28.248404019252693)
(134.0, 61.0, 25.032971646702368)
(134.0, 62.0, 25.197012245473839)
(134.0, 63.0, 25.25036690577037)
(134.0, 64.0, 21.616574531179818)
(134.0, 65.0, 25.247039242826634)
(134.0, 66.0, 25.314601752083831)
(134.0, 67.0, 24.715752159412411)
(134.0, 68.0, 26.649852664638715)
(134.0, 69.0, 27.30297431427682)
(134.0, 70.0, 27.474219042476921)
(134.0, 71.0, 24.992864723848069)
(134.0, 72.0, 23.522503871513724)
(134.0, 73.0, 23.792393680734889)
(134.0, 74.0, 24.241349112317575)
(134.0, 75.0, 26.93641840487718)
(134.0, 76.0, 23.708923205586153)
(134.0, 77.0, 23.275273092590904)
(134.0, 78.0, 25.102392865201757)
(134.0, 79.0, 25.356554293164212)
(134.0, 80.0, 27.593539088563084)
(134.0, 81.0, 21.457354528592035)
(134.0, 82.0, 24.03220949981587)
(134.0, 83.0, 24.973970423239344)
(134.0, 84.0, 27.080361625872907)
(134.0, 85.0, 25.954930632626684)
(134.0, 86.0, 26.548295451204822)
(134.0, 87.0, 24.817129657224086)
(134.0, 88.0, 25.514191589953739)
(134.0, 89.0, 27.06901880726193)
(134.0, 90.0, 26.767065657232394)
(134.0, 91.0, 25.170307642911851)
(134.0, 92.0, 24.301230348096777)
(134.0, 93.0, 25.239163880609009)
(134.0, 94.0, 25.651510477370184)
(134.0, 95.0, 24.108898191150047)
(134.0, 96.0, 24.934891050067964)
(134.0, 97.0, 25.266770873573563)
(134.0, 98.0, 22.674230516738287)
(134.0, 99.0, 26.19392488879803)
(134.0, 100.0, 26.877131817973048)
(134.0, 101.0, 23.326105889777725)
(134.0, 102.0, 25.596297283951245)
(134.0, 103.0, 29.239130274298397)
(134.0, 104.0, 26.985918238887816)
(134.0, 105.0, 25.963878221382743)
(134.0, 106.0, 25.672474458162668)
(134.0, 107.0, 26.012113850056416)
(134.0, 108.0, 25.54016775091787)
(134.0, 109.0, 23.966606020603233)
(134.0, 110.0, 24.88647131456198)
(134.0, 111.0, 27.916233768239145)
(134.0, 112.0, 29.305784430694608)
(134.0, 113.0, 26.152396426503746)
(134.0, 114.0, 27.471147648526234)
(134.0, 115.0, 25.469666951477883)
(134.0, 116.0, 23.149009980033842)
(134.0, 117.0, 24.978998098854355)
(134.0, 118.0, 26.27933054249938)
(134.0, 119.0, 26.053123134734356)
(134.0, 120.0, 26.95255544089931)
(134.0, 121.0, 26.671352709609529)
(134.0, 122.0, 25.971937031726966)
(134.0, 123.0, 27.359675562013308)
(134.0, 124.0, 25.771631855791835)
(134.0, 125.0, 26.792977420096982)
(134.0, 126.0, 25.347449902044335)
(134.0, 127.0, 27.584581976476024)
(134.0, 128.0, 25.045320525909069)
(134.0, 129.0, 27.634943400781701)
(134.0, 130.0, 26.294634466278673)
(134.0, 131.0, 25.666030866157271)
(134.0, 132.0, 21.42900012549816)
(134.0, 133.0, 22.521945212397551)
(134.0, 134.0, 25.683378443859485)
(134.0, 135.0, 25.431369904437204)
(134.0, 136.0, 26.187610036946928)
(134.0, 137.0, 25.641427640630297)
(134.0, 138.0, 22.892441534242025)
(134.0, 139.0, 27.41270214819567)
(134.0, 140.0, 29.275536582520036)
(134.0, 141.0, 25.648924176511372)
(134.0, 142.0, 24.407369261310052)
(134.0, 143.0, 25.987721109766824)
(134.0, 144.0, 24.611914727382089)
(134.0, 145.0, 25.469456842086327)
(134.0, 146.0, 29.167687676602462)
(134.0, 147.0, 22.855838391646806)
(134.0, 148.0, 25.068147661310771)
(134.0, 149.0, 27.236409199697086)
(134.0, 150.0, 29.585492173239569)
(134.0, 151.0, 29.410297754030687)
(134.0, 152.0, 25.861237972423552)
(134.0, 153.0, 27.583874183063021)
(134.0, 154.0, 26.45768022292912)
(134.0, 155.0, 26.657631472997736)
(134.0, 156.0, 25.544725733613674)
(134.0, 157.0, 29.523232820953247)
(134.0, 158.0, 28.917211638093281)
(134.0, 159.0, 26.017931966298253)
(134.0, 160.0, 25.471699484267621)
(134.0, 161.0, 27.939953692366672)
(134.0, 162.0, 26.189693288881919)
(134.0, 163.0, 23.304136555793896)
(134.0, 164.0, 25.847773407300277)
(134.0, 165.0, 27.094054538629329)
(134.0, 166.0, 27.773836489814755)
(134.0, 167.0, 24.622348029594413)
(134.0, 168.0, 25.588878127341914)
(134.0, 169.0, 25.249221358939657)
(134.0, 170.0, 23.574560912627859)
(134.0, 171.0, 25.707641644882507)
(134.0, 172.0, 28.254054578534308)
(134.0, 173.0, 27.117736645835702)
(134.0, 174.0, 23.418319626877192)
(134.0, 175.0, 25.780320110158371)
(134.0, 176.0, 26.788368191757908)
(134.0, 177.0, 28.042665317608876)
(134.0, 178.0, 24.312716809460415)
(134.0, 179.0, 27.902523885337299)
(134.0, 180.0, 26.591547147242999)
(134.0, 181.0, 26.823144538658404)
(134.0, 182.0, 27.016900706421787)
(134.0, 183.0, 24.97937085180185)
(134.0, 184.0, 23.480369051851632)
(134.0, 185.0, 25.411160205878719)
(134.0, 186.0, 26.21901864977881)
(134.0, 187.0, 26.948153101924174)
(134.0, 188.0, 24.704840688303914)
(134.0, 189.0, 27.198721487608978)
(134.0, 190.0, 27.799402951357035)
(134.0, 191.0, 25.342373551810478)
(134.0, 192.0, 25.849800072334315)
(134.0, 193.0, 26.965801691114805)
(134.0, 194.0, 27.268017259688783)
(134.0, 195.0, 25.985194729366398)
(134.0, 196.0, 26.025474690758557)
(134.0, 197.0, 25.834774103449398)
(134.0, 198.0, 26.145407757542664)
(134.0, 199.0, 25.122104514672245)
(135.0, 0.0, 24.206263598688146)
(135.0, 1.0, 27.728306014727156)
(135.0, 2.0, 24.907271066938861)
(135.0, 3.0, 28.330860519428018)
(135.0, 4.0, 26.19401902282436)
(135.0, 5.0, 27.44797453768194)
(135.0, 6.0, 28.551795996258953)
(135.0, 7.0, 29.53101228094037)
(135.0, 8.0, 23.708698648976107)
(135.0, 9.0, 28.079429240260364)
(135.0, 10.0, 25.337363524452069)
(135.0, 11.0, 29.316736450217586)
(135.0, 12.0, 28.63338911123288)
(135.0, 13.0, 27.065334280553632)
(135.0, 14.0, 28.095723024062842)
(135.0, 15.0, 27.417537532442395)
(135.0, 16.0, 25.180293513101041)
(135.0, 17.0, 27.647922696101773)
(135.0, 18.0, 29.155215447196763)
(135.0, 19.0, 31.895841119325212)
(135.0, 20.0, 27.076482757320594)
(135.0, 21.0, 26.150782068996875)
(135.0, 22.0, 27.846255457034747)
(135.0, 23.0, 29.038047346603491)
(135.0, 24.0, 21.439050876761453)
(135.0, 25.0, 21.398411687162561)
(135.0, 26.0, 27.14605837006669)
(135.0, 27.0, 30.781994048896866)
(135.0, 28.0, 28.424937005227093)
(135.0, 29.0, 28.392393267462147)
(135.0, 30.0, 27.016243686827742)
(135.0, 31.0, 27.663289094432397)
(135.0, 32.0, 29.073170832653854)
(135.0, 33.0, 28.76669250467674)
(135.0, 34.0, 27.917352294753851)
(135.0, 35.0, 28.123651581672448)
(135.0, 36.0, 26.000727908311223)
(135.0, 37.0, 29.618985848533175)
(135.0, 38.0, 27.10051683140156)
(135.0, 39.0, 24.018484831757245)
(135.0, 40.0, 26.258389488569595)
(135.0, 41.0, 28.672607864398394)
(135.0, 42.0, 24.798603652492282)
(135.0, 43.0, 28.831437034991286)
(135.0, 44.0, 32.475486882895588)
(135.0, 45.0, 28.257385934709863)
(135.0, 46.0, 27.363575279564888)
(135.0, 47.0, 24.406846445050384)
(135.0, 48.0, 25.627000298215609)
(135.0, 49.0, 29.935862904471811)
(135.0, 50.0, 29.978370932076057)
(135.0, 51.0, 29.441092141567172)
(135.0, 52.0, 27.997149733547516)
(135.0, 53.0, 26.855852592612983)
(135.0, 54.0, 26.90156723371339)
(135.0, 55.0, 25.609460593740224)
(135.0, 56.0, 29.797963981574735)
(135.0, 57.0, 27.393500022758843)
(135.0, 58.0, 25.619724466549126)
(135.0, 59.0, 25.88424513229133)
(135.0, 60.0, 28.704618881711795)
(135.0, 61.0, 24.35715034407789)
(135.0, 62.0, 29.179410104031376)
(135.0, 63.0, 26.433980407163176)
(135.0, 64.0, 25.0721050809674)
(135.0, 65.0, 25.87650143489692)
(135.0, 66.0, 26.089639741404028)
(135.0, 67.0, 26.264617944661666)
(135.0, 68.0, 28.344793640392094)
(135.0, 69.0, 26.169969061208285)
(135.0, 70.0, 30.339399601571927)
(135.0, 71.0, 25.839892768862839)
(135.0, 72.0, 25.941862930616193)
(135.0, 73.0, 24.202705151653618)
(135.0, 74.0, 26.81388248358218)
(135.0, 75.0, 28.408109135677467)
(135.0, 76.0, 26.845910059918182)
(135.0, 77.0, 25.166702701767459)
(135.0, 78.0, 26.361006917232373)
(135.0, 79.0, 26.186055566873797)
(135.0, 80.0, 26.583144413524828)
(135.0, 81.0, 22.585536591380375)
(135.0, 82.0, 24.304319117803473)
(135.0, 83.0, 25.584572120920519)
(135.0, 84.0, 28.726791760758125)
(135.0, 85.0, 28.116345719981275)
(135.0, 86.0, 27.619246054166634)
(135.0, 87.0, 26.949063472307554)
(135.0, 88.0, 26.492236069571067)
(135.0, 89.0, 28.410081541297703)
(135.0, 90.0, 25.740303276114666)
(135.0, 91.0, 26.653356615097998)
(135.0, 92.0, 26.853454134691063)
(135.0, 93.0, 27.962298630763105)
(135.0, 94.0, 27.028578901564916)
(135.0, 95.0, 25.91695149428082)
(135.0, 96.0, 24.421597943381453)
(135.0, 97.0, 27.124200256794271)
(135.0, 98.0, 25.110015043330073)
(135.0, 99.0, 29.00795996716559)
(135.0, 100.0, 30.427955562130464)
(135.0, 101.0, 25.786117859112672)
(135.0, 102.0, 28.376864703837441)
(135.0, 103.0, 28.512228104514428)
(135.0, 104.0, 29.590978652613757)
(135.0, 105.0, 27.9786793930964)
(135.0, 106.0, 25.655728327353977)
(135.0, 107.0, 25.354993653016347)
(135.0, 108.0, 27.676258095243846)
(135.0, 109.0, 27.428382892321192)
(135.0, 110.0, 24.110966243724498)
(135.0, 111.0, 27.138231858722659)
(135.0, 112.0, 30.41340071989174)
(135.0, 113.0, 28.192236079635407)
(135.0, 114.0, 27.929078629361335)
(135.0, 115.0, 28.185882178388205)
(135.0, 116.0, 24.409113551467922)
(135.0, 117.0, 23.617266699929552)
(135.0, 118.0, 30.343230446210022)
(135.0, 119.0, 27.286967595429353)
(135.0, 120.0, 27.67276101200105)
(135.0, 121.0, 27.56913498352802)
(135.0, 122.0, 25.648201445518598)
(135.0, 123.0, 29.043543499444219)
(135.0, 124.0, 27.966023054725536)
(135.0, 125.0, 29.016077056905601)
(135.0, 126.0, 27.185335405112802)
(135.0, 127.0, 27.980544591716065)
(135.0, 128.0, 24.880151868810174)
(135.0, 129.0, 28.118751057668646)
(135.0, 130.0, 28.105532942561645)
(135.0, 131.0, 27.057340081978847)
(135.0, 132.0, 23.501469136264745)
(135.0, 133.0, 25.298711123381473)
(135.0, 134.0, 28.093250445246639)
(135.0, 135.0, 25.612248189796357)
(135.0, 136.0, 27.641010958236301)
(135.0, 137.0, 26.095910309394029)
(135.0, 138.0, 25.550922498671767)
(135.0, 139.0, 28.803888603198502)
(135.0, 140.0, 29.756232690772855)
(135.0, 141.0, 26.989365717200009)
(135.0, 142.0, 26.367473265049089)
(135.0, 143.0, 28.15846128599479)
(135.0, 144.0, 27.518392202620912)
(135.0, 145.0, 28.595419427396958)
(135.0, 146.0, 29.395832486295298)
(135.0, 147.0, 25.367293796098298)
(135.0, 148.0, 27.306302965299498)
(135.0, 149.0, 30.54643204823827)
(135.0, 150.0, 31.194735366679495)
(135.0, 151.0, 30.127723130371354)
(135.0, 152.0, 28.414059497753026)
(135.0, 153.0, 29.890363197416697)
(135.0, 154.0, 28.197886497312602)
(135.0, 155.0, 28.81880372106999)
(135.0, 156.0, 28.000430411655849)
(135.0, 157.0, 28.772547807800542)
(135.0, 158.0, 28.769934522907807)
(135.0, 159.0, 28.762595959282379)
(135.0, 160.0, 25.313624333532246)
(135.0, 161.0, 27.216676518952287)
(135.0, 162.0, 29.781726633128571)
(135.0, 163.0, 26.091425462533667)
(135.0, 164.0, 27.97988957482319)
(135.0, 165.0, 29.063983908714089)
(135.0, 166.0, 27.845379947971523)
(135.0, 167.0, 26.211405983048675)
(135.0, 168.0, 28.382805375405308)
(135.0, 169.0, 28.690423365278352)
(135.0, 170.0, 24.905028366070518)
(135.0, 171.0, 29.272495078992254)
(135.0, 172.0, 31.101615054848438)
(135.0, 173.0, 27.473417047386231)
(135.0, 174.0, 24.702108682121008)
(135.0, 175.0, 29.629546890240327)
(135.0, 176.0, 27.411540157859406)
(135.0, 177.0, 27.960414349483077)
(135.0, 178.0, 25.412674792009611)
(135.0, 179.0, 29.504805302163316)
(135.0, 180.0, 28.320373454833653)
(135.0, 181.0, 28.598741000237155)
(135.0, 182.0, 26.95378194399369)
(135.0, 183.0, 26.573647160662475)
(135.0, 184.0, 25.248368214549235)
(135.0, 185.0, 27.360677764629497)
(135.0, 186.0, 27.107417013062566)
(135.0, 187.0, 30.49218561016697)
(135.0, 188.0, 27.701517603872198)
(135.0, 189.0, 30.171274175807916)
(135.0, 190.0, 29.80862943275319)
(135.0, 191.0, 27.266441420065235)
(135.0, 192.0, 26.299999421643207)
(135.0, 193.0, 27.581951751894387)
(135.0, 194.0, 29.949697173530964)
(135.0, 195.0, 28.061947745432551)
(135.0, 196.0, 28.223037510580568)
(135.0, 197.0, 28.915991234003055)
(135.0, 198.0, 26.491260334049258)
(135.0, 199.0, 25.74910727821538)
(136.0, 0.0, 23.148423940119606)
(136.0, 1.0, 24.790796034334239)
(136.0, 2.0, 24.700859390278122)
(136.0, 3.0, 28.729286580597755)
(136.0, 4.0, 22.834412718603073)
(136.0, 5.0, 26.419718449882911)
(136.0, 6.0, 27.714852862145626)
(136.0, 7.0, 27.512855497784429)
(136.0, 8.0, 22.457951093758506)
(136.0, 9.0, 26.455893645069906)
(136.0, 10.0, 26.197842371059544)
(136.0, 11.0, 25.364106362263573)
(136.0, 12.0, 26.564989661313426)
(136.0, 13.0, 26.956057342711084)
(136.0, 14.0, 27.107688628452582)
(136.0, 15.0, 24.821094660614357)
(136.0, 16.0, 24.063968649109256)
(136.0, 17.0, 27.033480607560101)
(136.0, 18.0, 25.569724311284254)
(136.0, 19.0, 29.871536737697248)
(136.0, 20.0, 27.272258117975667)
(136.0, 21.0, 25.127214779914507)
(136.0, 22.0, 28.498539113844608)
(136.0, 23.0, 27.93810053173452)
(136.0, 24.0, 21.535073750277803)
(136.0, 25.0, 22.048744861466172)
(136.0, 26.0, 24.295375150879678)
(136.0, 27.0, 28.755302319068356)
(136.0, 28.0, 27.04351494706367)
(136.0, 29.0, 26.196369677601844)
(136.0, 30.0, 27.040625813332422)
(136.0, 31.0, 24.194024640650966)
(136.0, 32.0, 27.472247436066116)
(136.0, 33.0, 25.405553824172575)
(136.0, 34.0, 25.778164478103129)
(136.0, 35.0, 26.736777749985848)
(136.0, 36.0, 23.709143149879228)
(136.0, 37.0, 27.402975922571851)
(136.0, 38.0, 27.345489104935396)
(136.0, 39.0, 21.808807689176486)
(136.0, 40.0, 23.248642179858052)
(136.0, 41.0, 25.338889343801707)
(136.0, 42.0, 26.265177035785264)
(136.0, 43.0, 27.92651312124195)
(136.0, 44.0, 31.181405253360705)
(136.0, 45.0, 27.403405192757447)
(136.0, 46.0, 26.287258887400064)
(136.0, 47.0, 25.018406940863883)
(136.0, 48.0, 24.403148343026185)
(136.0, 49.0, 28.377928986765451)
(136.0, 50.0, 28.750465931374382)
(136.0, 51.0, 29.030087360654722)
(136.0, 52.0, 28.923841333993163)
(136.0, 53.0, 26.225658732526856)
(136.0, 54.0, 25.909664240640652)
(136.0, 55.0, 26.773848795220125)
(136.0, 56.0, 27.66565066696586)
(136.0, 57.0, 24.295909848439763)
(136.0, 58.0, 24.282755376589019)
(136.0, 59.0, 25.663909965695161)
(136.0, 60.0, 27.869682375189996)
(136.0, 61.0, 24.732643382727691)
(136.0, 62.0, 27.525001134303857)
(136.0, 63.0, 25.972888461707548)
(136.0, 64.0, 23.900884822078901)
(136.0, 65.0, 25.233808922243053)
(136.0, 66.0, 25.861385355713345)
(136.0, 67.0, 25.316681763825873)
(136.0, 68.0, 27.49706989459807)
(136.0, 69.0, 24.542760085283781)
(136.0, 70.0, 27.584405107028026)
(136.0, 71.0, 27.180418923907197)
(136.0, 72.0, 24.113015706500757)
(136.0, 73.0, 23.862906907505192)
(136.0, 74.0, 26.641091521524888)
(136.0, 75.0, 27.967886405219691)
(136.0, 76.0, 26.845571435133337)
(136.0, 77.0, 23.113727777524304)
(136.0, 78.0, 27.754519268830087)
(136.0, 79.0, 25.709078690099801)
(136.0, 80.0, 27.015272068970003)
(136.0, 81.0, 22.246228789034831)
(136.0, 82.0, 23.524330100588593)
(136.0, 83.0, 26.796184283743937)
(136.0, 84.0, 29.79084746467257)
(136.0, 85.0, 27.938900637171237)
(136.0, 86.0, 27.935972607326409)
(136.0, 87.0, 24.746984965284476)
(136.0, 88.0, 26.18104167521177)
(136.0, 89.0, 27.627414195429679)
(136.0, 90.0, 26.512127603273939)
(136.0, 91.0, 24.902946349012801)
(136.0, 92.0, 24.738252321836612)
(136.0, 93.0, 27.113568902625143)
(136.0, 94.0, 28.330858056745733)
(136.0, 95.0, 25.37308085778912)
(136.0, 96.0, 25.159483592471364)
(136.0, 97.0, 26.682821810575433)
(136.0, 98.0, 25.757655615579623)
(136.0, 99.0, 26.141220266984874)
(136.0, 100.0, 27.132397133245636)
(136.0, 101.0, 23.516104788085848)
(136.0, 102.0, 26.16831234744021)
(136.0, 103.0, 27.66782214835024)
(136.0, 104.0, 28.916006401835194)
(136.0, 105.0, 26.445235071479814)
(136.0, 106.0, 25.68709253085753)
(136.0, 107.0, 25.367105381434722)
(136.0, 108.0, 26.752013863235849)
(136.0, 109.0, 25.54266779637458)
(136.0, 110.0, 25.345049061602378)
(136.0, 111.0, 29.066936283659743)
(136.0, 112.0, 27.783159308023052)
(136.0, 113.0, 27.492800218515427)
(136.0, 114.0, 26.5785188329703)
(136.0, 115.0, 25.243540064102604)
(136.0, 116.0, 23.595101577382138)
(136.0, 117.0, 22.405148790556908)
(136.0, 118.0, 27.902136818314538)
(136.0, 119.0, 27.37833356922928)
(136.0, 120.0, 28.32121027125465)
(136.0, 121.0, 28.797937680773046)
(136.0, 122.0, 25.535892634689525)
(136.0, 123.0, 28.502932727415022)
(136.0, 124.0, 27.393191720962459)
(136.0, 125.0, 26.269004144285958)
(136.0, 126.0, 25.754058755587451)
(136.0, 127.0, 26.486059830086827)
(136.0, 128.0, 26.140371746102797)
(136.0, 129.0, 27.726571212684576)
(136.0, 130.0, 26.675432705772614)
(136.0, 131.0, 27.562261001412708)
(136.0, 132.0, 21.485450495592374)
(136.0, 133.0, 25.101502648745665)
(136.0, 134.0, 26.866975329680397)
(136.0, 135.0, 24.891212107841458)
(136.0, 136.0, 27.879320942427888)
(136.0, 137.0, 26.933639446904721)
(136.0, 138.0, 23.984830922652051)
(136.0, 139.0, 30.279488648946767)
(136.0, 140.0, 29.087484936555438)
(136.0, 141.0, 26.645018493599537)
(136.0, 142.0, 26.256960686613411)
(136.0, 143.0, 27.832466427217781)
(136.0, 144.0, 25.918473026902397)
(136.0, 145.0, 26.178432304280193)
(136.0, 146.0, 28.991219376196838)
(136.0, 147.0, 23.441389022297731)
(136.0, 148.0, 25.605453116310006)
(136.0, 149.0, 25.973182769350153)
(136.0, 150.0, 28.563026263747716)
(136.0, 151.0, 30.493638976885592)
(136.0, 152.0, 25.363723316475841)
(136.0, 153.0, 27.139035245452703)
(136.0, 154.0, 26.720524656071511)
(136.0, 155.0, 27.23181418006488)
(136.0, 156.0, 27.428821280082754)
(136.0, 157.0, 31.959958842378196)
(136.0, 158.0, 26.984740425202546)
(136.0, 159.0, 27.242514153398083)
(136.0, 160.0, 25.905674881270492)
(136.0, 161.0, 26.190549537727669)
(136.0, 162.0, 26.365631435086737)
(136.0, 163.0, 22.71151366914992)
(136.0, 164.0, 25.788017332506268)
(136.0, 165.0, 28.106987826693555)
(136.0, 166.0, 29.002947278281816)
(136.0, 167.0, 25.50704124080718)
(136.0, 168.0, 26.746497419159425)
(136.0, 169.0, 25.083775390280522)
(136.0, 170.0, 26.029428928603899)
(136.0, 171.0, 27.924455281431317)
(136.0, 172.0, 28.674860396157658)
(136.0, 173.0, 26.882164341582822)
(136.0, 174.0, 22.971595194137436)
(136.0, 175.0, 26.713575648676379)
(136.0, 176.0, 24.822551457234894)
(136.0, 177.0, 29.485681048923425)
(136.0, 178.0, 24.805337841954206)
(136.0, 179.0, 28.218689617757992)
(136.0, 180.0, 26.795691323255724)
(136.0, 181.0, 28.857932785080507)
(136.0, 182.0, 27.049156765510986)
(136.0, 183.0, 24.171075497443478)
(136.0, 184.0, 25.880762398151212)
(136.0, 185.0, 26.946740408374769)
(136.0, 186.0, 26.786098494811775)
(136.0, 187.0, 28.627658506223078)
(136.0, 188.0, 26.20375651599435)
(136.0, 189.0, 28.96443987390014)
(136.0, 190.0, 26.820659899414714)
(136.0, 191.0, 26.386654426082135)
(136.0, 192.0, 28.206341379710704)
(136.0, 193.0, 25.577117786784054)
(136.0, 194.0, 28.316560797986355)
(136.0, 195.0, 27.246375530633056)
(136.0, 196.0, 27.350412946846397)
(136.0, 197.0, 28.496965620893217)
(136.0, 198.0, 24.436745379048407)
(136.0, 199.0, 25.623594161081996)
(137.0, 0.0, 21.773167843635679)
(137.0, 1.0, 25.832841675706472)
(137.0, 2.0, 24.610277472413486)
(137.0, 3.0, 27.280579263861277)
(137.0, 4.0, 23.564519048129238)
(137.0, 5.0, 26.204046877676507)
(137.0, 6.0, 25.974284100716041)
(137.0, 7.0, 26.609776376529112)
(137.0, 8.0, 22.783615947319376)
(137.0, 9.0, 26.354113997534)
(137.0, 10.0, 23.176456379076143)
(137.0, 11.0, 27.756344179376484)
(137.0, 12.0, 25.606387920439406)
(137.0, 13.0, 25.974802527044563)
(137.0, 14.0, 25.934095732349626)
(137.0, 15.0, 25.024362761325357)
(137.0, 16.0, 24.174463711959461)
(137.0, 17.0, 25.61763126089501)
(137.0, 18.0, 24.001121163708476)
(137.0, 19.0, 30.709505431034351)
(137.0, 20.0, 26.161093063636493)
(137.0, 21.0, 22.868984825968528)
(137.0, 22.0, 27.60344987104606)
(137.0, 23.0, 27.837845741236777)
(137.0, 24.0, 21.271865704062972)
(137.0, 25.0, 21.313266542381044)
(137.0, 26.0, 23.464577164065162)
(137.0, 27.0, 29.442342859890044)
(137.0, 28.0, 24.925292183019174)
(137.0, 29.0, 25.069523771763564)
(137.0, 30.0, 24.721254547159177)
(137.0, 31.0, 23.516250043554276)
(137.0, 32.0, 25.127377853519359)
(137.0, 33.0, 25.766021173924631)
(137.0, 34.0, 27.36139533971965)
(137.0, 35.0, 26.331290237501914)
(137.0, 36.0, 24.220204239113027)
(137.0, 37.0, 26.547396169965396)
(137.0, 38.0, 26.571273860809001)
(137.0, 39.0, 23.235554987224191)
(137.0, 40.0, 23.417518038423182)
(137.0, 41.0, 25.090989581428758)
(137.0, 42.0, 24.686338583269823)
(137.0, 43.0, 26.738240602626504)
(137.0, 44.0, 29.321960763100311)
(137.0, 45.0, 26.119327815228043)
(137.0, 46.0, 26.181215443884405)
(137.0, 47.0, 24.248098625638033)
(137.0, 48.0, 24.447756748551058)
(137.0, 49.0, 26.750149017284045)
(137.0, 50.0, 27.2559211109598)
(137.0, 51.0, 28.446468474645499)
(137.0, 52.0, 26.108032715877172)
(137.0, 53.0, 24.021195968392345)
(137.0, 54.0, 22.583176226457596)
(137.0, 55.0, 23.844081788310366)
(137.0, 56.0, 28.447924845001694)
(137.0, 57.0, 25.909787016016956)
(137.0, 58.0, 25.039859727710713)
(137.0, 59.0, 24.740116591656083)
(137.0, 60.0, 25.764103763415488)
(137.0, 61.0, 22.572533783522328)
(137.0, 62.0, 28.230594689418805)
(137.0, 63.0, 23.633755705836371)
(137.0, 64.0, 23.682822993313554)
(137.0, 65.0, 24.381728191560818)
(137.0, 66.0, 25.091259429906103)
(137.0, 67.0, 24.867583887470047)
(137.0, 68.0, 27.159939198764455)
(137.0, 69.0, 25.783192518393083)
(137.0, 70.0, 27.042958743545832)
(137.0, 71.0, 24.839837545517465)
(137.0, 72.0, 23.076292678952175)
(137.0, 73.0, 23.030079435270071)
(137.0, 74.0, 25.304413718028908)
(137.0, 75.0, 27.52403975226045)
(137.0, 76.0, 24.42161747802842)
(137.0, 77.0, 25.030089330409698)
(137.0, 78.0, 24.279631921648189)
(137.0, 79.0, 24.165214909877857)
(137.0, 80.0, 27.05800122241811)
(137.0, 81.0, 21.593456455870051)
(137.0, 82.0, 21.951093807969542)
(137.0, 83.0, 23.322221193449298)
(137.0, 84.0, 27.139491849243083)
(137.0, 85.0, 26.461236868241066)
(137.0, 86.0, 26.815620034243345)
(137.0, 87.0, 24.169354222427298)
(137.0, 88.0, 24.656498892852898)
(137.0, 89.0, 26.836494258209829)
(137.0, 90.0, 25.887285827643751)
(137.0, 91.0, 25.264724248033712)
(137.0, 92.0, 23.312277006675924)
(137.0, 93.0, 26.743230757342833)
(137.0, 94.0, 25.753778512271445)
(137.0, 95.0, 23.148464008952502)
(137.0, 96.0, 24.467041695205168)
(137.0, 97.0, 25.231155655620192)
(137.0, 98.0, 25.812595643592445)
(137.0, 99.0, 25.848180674650255)
(137.0, 100.0, 26.643597776034682)
(137.0, 101.0, 24.677137337364563)
(137.0, 102.0, 25.202746705066751)
(137.0, 103.0, 27.765962606151781)
(137.0, 104.0, 27.705461590882226)
(137.0, 105.0, 24.460627849602481)
(137.0, 106.0, 23.727395874380974)
(137.0, 107.0, 24.050104714384695)
(137.0, 108.0, 24.791670347103437)
(137.0, 109.0, 24.935309334849279)
(137.0, 110.0, 24.730594329846106)
(137.0, 111.0, 26.996510187617325)
(137.0, 112.0, 28.67783694418933)
(137.0, 113.0, 24.961582596411631)
(137.0, 114.0, 26.024627629055516)
(137.0, 115.0, 24.339877460522708)
(137.0, 116.0, 25.101156806631245)
(137.0, 117.0, 22.174562200589982)
(137.0, 118.0, 26.41542198876737)
(137.0, 119.0, 25.40925138609856)
(137.0, 120.0, 26.893401023769638)
(137.0, 121.0, 26.379003773814848)
(137.0, 122.0, 25.12178196493786)
(137.0, 123.0, 28.728612991718773)
(137.0, 124.0, 24.328390101934009)
(137.0, 125.0, 27.241235288338235)
(137.0, 126.0, 26.02545111577659)
(137.0, 127.0, 26.605044106099232)
(137.0, 128.0, 24.988064821425514)
(137.0, 129.0, 26.803545216206231)
(137.0, 130.0, 26.339597237594901)
(137.0, 131.0, 25.697875975918034)
(137.0, 132.0, 21.965604733586346)
(137.0, 133.0, 24.077688028658454)
(137.0, 134.0, 25.775107257674485)
(137.0, 135.0, 27.148270553244135)
(137.0, 136.0, 24.27652166841575)
(137.0, 137.0, 25.806423898537588)
(137.0, 138.0, 24.455150806275199)
(137.0, 139.0, 28.266129393844892)
(137.0, 140.0, 27.851352500789474)
(137.0, 141.0, 25.126938403723262)
(137.0, 142.0, 25.770442622796232)
(137.0, 143.0, 25.98521823613677)
(137.0, 144.0, 26.595078929971645)
(137.0, 145.0, 25.835731824682565)
(137.0, 146.0, 27.721977233871179)
(137.0, 147.0, 23.421665827466509)
(137.0, 148.0, 24.102815993416563)
(137.0, 149.0, 25.938637660523213)
(137.0, 150.0, 28.952068071036241)
(137.0, 151.0, 28.889086915185281)
(137.0, 152.0, 27.264790484475995)
(137.0, 153.0, 28.493023390724964)
(137.0, 154.0, 25.92029837030007)
(137.0, 155.0, 26.820075423106111)
(137.0, 156.0, 25.989984646854147)
(137.0, 157.0, 29.046497124260455)
(137.0, 158.0, 26.378013980251744)
(137.0, 159.0, 27.015867864972968)
(137.0, 160.0, 23.919069072959577)
(137.0, 161.0, 24.182965769172764)
(137.0, 162.0, 27.090716139515145)
(137.0, 163.0, 23.045127305323255)
(137.0, 164.0, 24.415591202314783)
(137.0, 165.0, 25.757324688937391)
(137.0, 166.0, 28.116236581402994)
(137.0, 167.0, 24.531795327024945)
(137.0, 168.0, 25.928026703320178)
(137.0, 169.0, 24.502607167943488)
(137.0, 170.0, 23.692869730624345)
(137.0, 171.0, 27.325271813535114)
(137.0, 172.0, 27.708599391356088)
(137.0, 173.0, 25.7503168289042)
(137.0, 174.0, 22.699409269249859)
(137.0, 175.0, 26.384604743308724)
(137.0, 176.0, 24.873485788558796)
(137.0, 177.0, 26.75172850877226)
(137.0, 178.0, 22.717088634803694)
(137.0, 179.0, 28.117140119324425)
(137.0, 180.0, 26.038054278248218)
(137.0, 181.0, 24.41082921379622)
(137.0, 182.0, 26.554297667361617)
(137.0, 183.0, 25.051573527550534)
(137.0, 184.0, 26.639540571104835)
(137.0, 185.0, 25.071949179010957)
(137.0, 186.0, 25.593278977715819)
(137.0, 187.0, 28.430396803573274)
(137.0, 188.0, 24.14089879546918)
(137.0, 189.0, 28.539078028708573)
(137.0, 190.0, 27.181999853032394)
(137.0, 191.0, 24.196462586234198)
(137.0, 192.0, 23.831477327198314)
(137.0, 193.0, 26.078420519812386)
(137.0, 194.0, 26.470661858647446)
(137.0, 195.0, 25.809374932616187)
(137.0, 196.0, 27.060675236378753)
(137.0, 197.0, 27.474819315451683)
(137.0, 198.0, 25.235406732330418)
(137.0, 199.0, 25.903867530399484)
(138.0, 0.0, 22.181215495619774)
(138.0, 1.0, 26.765085243305194)
(138.0, 2.0, 25.756586766896149)
(138.0, 3.0, 26.051245921615752)
(138.0, 4.0, 23.291063939892677)
(138.0, 5.0, 27.201069145148988)
(138.0, 6.0, 29.511366185217213)
(138.0, 7.0, 26.832468276436693)
(138.0, 8.0, 23.18002785142254)
(138.0, 9.0, 25.449890814159087)
(138.0, 10.0, 25.119294656497267)
(138.0, 11.0, 28.522101418392797)
(138.0, 12.0, 26.056944434314484)
(138.0, 13.0, 26.853998816143935)
(138.0, 14.0, 26.133207347456288)
(138.0, 15.0, 25.073639200462992)
(138.0, 16.0, 25.454994569801386)
(138.0, 17.0, 27.838751144079406)
(138.0, 18.0, 27.581600649256728)
(138.0, 19.0, 31.281863214229489)
(138.0, 20.0, 27.170123607013881)
(138.0, 21.0, 25.418419112172121)
(138.0, 22.0, 27.316700687529824)
(138.0, 23.0, 29.632783889334764)
(138.0, 24.0, 21.802793026112049)
(138.0, 25.0, 22.099985340262229)
(138.0, 26.0, 23.8179339400426)
(138.0, 27.0, 30.183461874841207)
(138.0, 28.0, 26.708558289930352)
(138.0, 29.0, 26.227368326748653)
(138.0, 30.0, 26.825564638422456)
(138.0, 31.0, 23.511594959345338)
(138.0, 32.0, 27.136215671094)
(138.0, 33.0, 26.842359737740157)
(138.0, 34.0, 27.364876670166446)
(138.0, 35.0, 28.214703820886896)
(138.0, 36.0, 25.094463693027365)
(138.0, 37.0, 27.015408563510217)
(138.0, 38.0, 28.436807313761321)
(138.0, 39.0, 22.898213517435895)
(138.0, 40.0, 25.292191993194251)
(138.0, 41.0, 26.81964226781319)
(138.0, 42.0, 26.473123685828359)
(138.0, 43.0, 27.634849695380325)
(138.0, 44.0, 29.286922193236286)
(138.0, 45.0, 28.525010024153694)
(138.0, 46.0, 27.680761414583614)
(138.0, 47.0, 24.477355129907863)
(138.0, 48.0, 25.56261542374093)
(138.0, 49.0, 27.833630913763756)
(138.0, 50.0, 28.042031533929176)
(138.0, 51.0, 27.003733586988528)
(138.0, 52.0, 28.638713928294521)
(138.0, 53.0, 24.917120606405369)
(138.0, 54.0, 26.023153046083493)
(138.0, 55.0, 25.604243970172348)
(138.0, 56.0, 28.821075878952893)
(138.0, 57.0, 24.510009523079638)
(138.0, 58.0, 24.708166006031504)
(138.0, 59.0, 27.113987803384852)
(138.0, 60.0, 27.97368373214146)
(138.0, 61.0, 24.150486222154321)
(138.0, 62.0, 27.406243169619774)
(138.0, 63.0, 24.714383668781039)
(138.0, 64.0, 24.157357596815906)
(138.0, 65.0, 27.474692376581487)
(138.0, 66.0, 27.174286479437935)
(138.0, 67.0, 26.325004250425586)
(138.0, 68.0, 27.498763160434667)
(138.0, 69.0, 25.980883647966376)
(138.0, 70.0, 27.992980551479608)
(138.0, 71.0, 25.577587701563964)
(138.0, 72.0, 25.254654829991463)
(138.0, 73.0, 24.819156475722501)
(138.0, 74.0, 26.920153897270225)
(138.0, 75.0, 27.644896542880616)
(138.0, 76.0, 26.144372259974155)
(138.0, 77.0, 24.123677352253928)
(138.0, 78.0, 25.700888293936064)
(138.0, 79.0, 25.546990634076295)
(138.0, 80.0, 29.364071194436164)
(138.0, 81.0, 23.186275127106384)
(138.0, 82.0, 23.381275016961531)
(138.0, 83.0, 24.136779728033222)
(138.0, 84.0, 29.508594752268841)
(138.0, 85.0, 27.351639356087347)
(138.0, 86.0, 27.867827132228634)
(138.0, 87.0, 25.237573710736825)
(138.0, 88.0, 25.548885695769364)
(138.0, 89.0, 28.062537039954321)
(138.0, 90.0, 25.524041443395244)
(138.0, 91.0, 26.576107274518215)
(138.0, 92.0, 24.091827857115845)
(138.0, 93.0, 26.473601107872337)
(138.0, 94.0, 29.250548228710283)
(138.0, 95.0, 26.870307204415088)
(138.0, 96.0, 25.269750001074343)
(138.0, 97.0, 26.957813836464986)
(138.0, 98.0, 26.18177830550939)
(138.0, 99.0, 27.804304257388612)
(138.0, 100.0, 29.058990738774654)
(138.0, 101.0, 24.48838221281834)
(138.0, 102.0, 25.563101650611895)
(138.0, 103.0, 27.552167031565439)
(138.0, 104.0, 28.786149121512334)
(138.0, 105.0, 26.390832614761461)
(138.0, 106.0, 26.263316783472707)
(138.0, 107.0, 24.798381005888949)
(138.0, 108.0, 27.860711072721276)
(138.0, 109.0, 27.328454328963371)
(138.0, 110.0, 26.819745096620885)
(138.0, 111.0, 28.223372732702568)
(138.0, 112.0, 28.018814239280236)
(138.0, 113.0, 26.385603042806601)
(138.0, 114.0, 28.324231183734526)
(138.0, 115.0, 26.00811703317644)
(138.0, 116.0, 23.995765966643962)
(138.0, 117.0, 22.692876826121111)
(138.0, 118.0, 28.425424437907328)
(138.0, 119.0, 27.630051422218681)
(138.0, 120.0, 28.022946991310604)
(138.0, 121.0, 27.904257244370001)
(138.0, 122.0, 24.387500361291522)
(138.0, 123.0, 29.041769191135231)
(138.0, 124.0, 26.274617336544718)
(138.0, 125.0, 27.501731933956108)
(138.0, 126.0, 26.694508666332549)
(138.0, 127.0, 25.124071886636528)
(138.0, 128.0, 25.979168616241822)
(138.0, 129.0, 30.128467435323699)
(138.0, 130.0, 27.012597907551111)
(138.0, 131.0, 27.308256099158644)
(138.0, 132.0, 22.806057882654272)
(138.0, 133.0, 25.03755484369854)
(138.0, 134.0, 26.770903966275831)
(138.0, 135.0, 27.270655642016102)
(138.0, 136.0, 28.544606540906955)
(138.0, 137.0, 28.056456023529957)
(138.0, 138.0, 24.5046432080145)
(138.0, 139.0, 29.749969585083686)
(138.0, 140.0, 29.991661277497307)
(138.0, 141.0, 27.887427598922581)
(138.0, 142.0, 26.204713486103756)
(138.0, 143.0, 27.989575194288417)
(138.0, 144.0, 27.345934202359508)
(138.0, 145.0, 27.836205611668941)
(138.0, 146.0, 29.15590654632776)
(138.0, 147.0, 25.258119495952712)
(138.0, 148.0, 25.132057288694028)
(138.0, 149.0, 26.936358758139004)
(138.0, 150.0, 30.108081021401773)
(138.0, 151.0, 30.415357103115429)
(138.0, 152.0, 26.603209961947037)
(138.0, 153.0, 28.335215368157186)
(138.0, 154.0, 27.157211968090188)
(138.0, 155.0, 26.305180346172495)
(138.0, 156.0, 28.41773283553335)
(138.0, 157.0, 29.636231974208801)
(138.0, 158.0, 29.321038302285366)
(138.0, 159.0, 26.546077324524362)
(138.0, 160.0, 26.176061282020186)
(138.0, 161.0, 27.999765107935708)
(138.0, 162.0, 26.729310402004394)
(138.0, 163.0, 25.703223961675405)
(138.0, 164.0, 27.083691561066466)
(138.0, 165.0, 26.816573604536412)
(138.0, 166.0, 28.009634096668442)
(138.0, 167.0, 25.292351366706278)
(138.0, 168.0, 25.736493645380747)
(138.0, 169.0, 25.581547056876804)
(138.0, 170.0, 23.759745260854782)
(138.0, 171.0, 27.604226809261085)
(138.0, 172.0, 28.325939097114627)
(138.0, 173.0, 26.777252954047164)
(138.0, 174.0, 26.495838980806003)
(138.0, 175.0, 27.756647179640343)
(138.0, 176.0, 26.012504569625005)
(138.0, 177.0, 27.74513550895)
(138.0, 178.0, 24.455017371133223)
(138.0, 179.0, 28.943426652309736)
(138.0, 180.0, 27.678061900021039)
(138.0, 181.0, 28.181072102710825)
(138.0, 182.0, 27.58186523504865)
(138.0, 183.0, 25.924577527886203)
(138.0, 184.0, 25.210018332773963)
(138.0, 185.0, 26.437135523399601)
(138.0, 186.0, 26.078088856703761)
(138.0, 187.0, 30.324205422401214)
(138.0, 188.0, 26.297116381305429)
(138.0, 189.0, 27.957138182983854)
(138.0, 190.0, 29.214067028116023)
(138.0, 191.0, 26.532428200767498)
(138.0, 192.0, 26.367018009371773)
(138.0, 193.0, 26.610620161850214)
(138.0, 194.0, 28.544968506893671)
(138.0, 195.0, 27.697537507018446)
(138.0, 196.0, 28.142463306311722)
(138.0, 197.0, 25.543462054314723)
(138.0, 198.0, 24.383846955741902)
(138.0, 199.0, 27.261062671103783)
(139.0, 0.0, 20.619509259443259)
(139.0, 1.0, 23.326714555992069)
(139.0, 2.0, 22.208812309646898)
(139.0, 3.0, 24.051021351213194)
(139.0, 4.0, 22.484014773203995)
(139.0, 5.0, 24.939458095425746)
(139.0, 6.0, 24.153178858347694)
(139.0, 7.0, 24.846704061012019)
(139.0, 8.0, 20.538960551563068)
(139.0, 9.0, 25.284971625847557)
(139.0, 10.0, 22.419776981355994)
(139.0, 11.0, 24.639037771727388)
(139.0, 12.0, 24.258559055218324)
(139.0, 13.0, 24.204941869272943)
(139.0, 14.0, 23.439548822816647)
(139.0, 15.0, 22.241670723616426)
(139.0, 16.0, 21.257998319070062)
(139.0, 17.0, 24.499211603992727)
(139.0, 18.0, 23.213342078698947)
(139.0, 19.0, 27.134093951165202)
(139.0, 20.0, 23.855818527823523)
(139.0, 21.0, 23.241890237486629)
(139.0, 22.0, 25.634334412587123)
(139.0, 23.0, 26.396978988925405)
(139.0, 24.0, 17.298857466438374)
(139.0, 25.0, 20.511300067540247)
(139.0, 26.0, 23.330780864154747)
(139.0, 27.0, 25.896765551254905)
(139.0, 28.0, 22.985459705082437)
(139.0, 29.0, 23.527943039558142)
(139.0, 30.0, 23.558813440569708)
(139.0, 31.0, 22.347276837180221)
(139.0, 32.0, 24.852754886791988)
(139.0, 33.0, 24.536233857725811)
(139.0, 34.0, 24.725440933186043)
(139.0, 35.0, 24.678711877270221)
(139.0, 36.0, 22.531967177950946)
(139.0, 37.0, 24.769953237917907)
(139.0, 38.0, 23.628427911197544)
(139.0, 39.0, 21.355631860526227)
(139.0, 40.0, 21.89483758765957)
(139.0, 41.0, 23.69522178316636)
(139.0, 42.0, 22.023448163937623)
(139.0, 43.0, 25.36711551401325)
(139.0, 44.0, 26.687976890486656)
(139.0, 45.0, 24.98862613431157)
(139.0, 46.0, 25.172301859192018)
(139.0, 47.0, 23.668998295707922)
(139.0, 48.0, 22.818229875153069)
(139.0, 49.0, 25.363179069715393)
(139.0, 50.0, 26.281899875961123)
(139.0, 51.0, 25.592478024623457)
(139.0, 52.0, 23.886245117002776)
(139.0, 53.0, 22.855566761510531)
(139.0, 54.0, 21.74051829196415)
(139.0, 55.0, 22.513049659804508)
(139.0, 56.0, 26.52304474228578)
(139.0, 57.0, 25.474173641517417)
(139.0, 58.0, 22.701697118408916)
(139.0, 59.0, 24.46758542933464)
(139.0, 60.0, 23.682800779208041)
(139.0, 61.0, 20.195593125076126)
(139.0, 62.0, 25.685586308550143)
(139.0, 63.0, 23.716294928933337)
(139.0, 64.0, 22.356569529831852)
(139.0, 65.0, 23.685256334373904)
(139.0, 66.0, 23.016674744036337)
(139.0, 67.0, 22.033715695544707)
(139.0, 68.0, 25.656021846110608)
(139.0, 69.0, 23.134761392415101)
(139.0, 70.0, 26.103328194455472)
(139.0, 71.0, 21.774093908232732)
(139.0, 72.0, 22.462267276572291)
(139.0, 73.0, 21.092143525060635)
(139.0, 74.0, 24.41787700163966)
(139.0, 75.0, 25.124406473828515)
(139.0, 76.0, 25.213700516778466)
(139.0, 77.0, 22.134973904479349)
(139.0, 78.0, 25.739218018815198)
(139.0, 79.0, 22.755126772809913)
(139.0, 80.0, 25.340663036247015)
(139.0, 81.0, 19.506204597469431)
(139.0, 82.0, 19.637109986934117)
(139.0, 83.0, 22.762312950500746)
(139.0, 84.0, 24.742698628780065)
(139.0, 85.0, 25.924673955163581)
(139.0, 86.0, 24.934585670767365)
(139.0, 87.0, 22.916602405629376)
(139.0, 88.0, 23.11562102975747)
(139.0, 89.0, 25.650932249709051)
(139.0, 90.0, 23.549352554171286)
(139.0, 91.0, 23.088908007198711)
(139.0, 92.0, 22.57517234319036)
(139.0, 93.0, 22.991616299427825)
(139.0, 94.0, 24.382565915427911)
(139.0, 95.0, 22.541645939265504)
(139.0, 96.0, 22.268155841362418)
(139.0, 97.0, 23.898023499406428)
(139.0, 98.0, 23.213326834308212)
(139.0, 99.0, 24.105328765736566)
(139.0, 100.0, 24.463914593451115)
(139.0, 101.0, 22.031275849152806)
(139.0, 102.0, 23.154872098597657)
(139.0, 103.0, 23.993261975809421)
(139.0, 104.0, 24.229439355696169)
(139.0, 105.0, 23.641066322087521)
(139.0, 106.0, 23.411254561689837)
(139.0, 107.0, 22.101545267626939)
(139.0, 108.0, 24.1861533444158)
(139.0, 109.0, 24.459201460361115)
(139.0, 110.0, 22.396794071379514)
(139.0, 111.0, 23.679910024229798)
(139.0, 112.0, 24.319728433883199)
(139.0, 113.0, 23.913196760133214)
(139.0, 114.0, 24.403529495838697)
(139.0, 115.0, 23.658054141264564)
(139.0, 116.0, 20.340866100236102)
(139.0, 117.0, 21.018467480716048)
(139.0, 118.0, 25.255251333621885)
(139.0, 119.0, 23.722583664406205)
(139.0, 120.0, 23.804603027362432)
(139.0, 121.0, 23.822422651538879)
(139.0, 122.0, 23.936345910897344)
(139.0, 123.0, 26.021826862756431)
(139.0, 124.0, 23.549967724356165)
(139.0, 125.0, 26.581459503563121)
(139.0, 126.0, 22.248533517552261)
(139.0, 127.0, 24.184689626252645)
(139.0, 128.0, 21.827590969022783)
(139.0, 129.0, 24.466847748001797)
(139.0, 130.0, 24.073045482924734)
(139.0, 131.0, 24.378872214583197)
(139.0, 132.0, 19.813271980113193)
(139.0, 133.0, 23.152009152627659)
(139.0, 134.0, 22.603775897973357)
(139.0, 135.0, 24.736275668902167)
(139.0, 136.0, 26.440093268537467)
(139.0, 137.0, 23.562688816801415)
(139.0, 138.0, 21.287098201149796)
(139.0, 139.0, 25.408256324851045)
(139.0, 140.0, 27.179410786338131)
(139.0, 141.0, 23.614825792195049)
(139.0, 142.0, 23.704043839794952)
(139.0, 143.0, 25.020039984584045)
(139.0, 144.0, 23.824250354612364)
(139.0, 145.0, 25.053372352110209)
(139.0, 146.0, 24.682578002873214)
(139.0, 147.0, 21.655397657616582)
(139.0, 148.0, 23.279952574866094)
(139.0, 149.0, 25.336805903734536)
(139.0, 150.0, 27.106186468927078)
(139.0, 151.0, 26.060163410444709)
(139.0, 152.0, 23.538038112853215)
(139.0, 153.0, 26.176495653832358)
(139.0, 154.0, 24.444209601210567)
(139.0, 155.0, 25.743576003820031)
(139.0, 156.0, 25.149395640984217)
(139.0, 157.0, 25.846081483010106)
(139.0, 158.0, 24.398805561722916)
(139.0, 159.0, 24.321672538439849)
(139.0, 160.0, 22.088372440435123)
(139.0, 161.0, 23.229470830980116)
(139.0, 162.0, 25.0333904656996)
(139.0, 163.0, 22.44771508446247)
(139.0, 164.0, 23.748672709992672)
(139.0, 165.0, 24.17077817875418)
(139.0, 166.0, 25.781722863533528)
(139.0, 167.0, 23.06590966261971)
(139.0, 168.0, 25.229219027826158)
(139.0, 169.0, 22.197742422270299)
(139.0, 170.0, 22.669117497037611)
(139.0, 171.0, 24.635631433841606)
(139.0, 172.0, 26.856184593268704)
(139.0, 173.0, 23.263038398185323)
(139.0, 174.0, 22.610277593934359)
(139.0, 175.0, 23.988707175956876)
(139.0, 176.0, 23.08069764210747)
(139.0, 177.0, 25.378393351444807)
(139.0, 178.0, 22.521301074741679)
(139.0, 179.0, 25.438140453163854)
(139.0, 180.0, 23.790369913198937)
(139.0, 181.0, 24.179419733382442)
(139.0, 182.0, 25.669870692497504)
(139.0, 183.0, 22.798525820298288)
(139.0, 184.0, 22.450684688652913)
(139.0, 185.0, 22.798024734722148)
(139.0, 186.0, 23.267860404706326)
(139.0, 187.0, 26.458451012944575)
(139.0, 188.0, 22.832562254182914)
(139.0, 189.0, 25.674219315981194)
(139.0, 190.0, 24.499293011032524)
(139.0, 191.0, 23.379764962248036)
(139.0, 192.0, 22.8856020307623)
(139.0, 193.0, 24.755913885166724)
(139.0, 194.0, 25.275083022179601)
(139.0, 195.0, 25.753568495962401)
(139.0, 196.0, 25.116643690920561)
(139.0, 197.0, 24.734561031019823)
(139.0, 198.0, 22.903462317287506)
(139.0, 199.0, 24.476243699903389)
(140.0, 0.0, 19.214729791328359)
(140.0, 1.0, 22.800210529934393)
(140.0, 2.0, 22.030972431234751)
(140.0, 3.0, 23.277346448208561)
(140.0, 4.0, 20.896316982914772)
(140.0, 5.0, 23.701949623223289)
(140.0, 6.0, 24.283670546665782)
(140.0, 7.0, 23.408952322427723)
(140.0, 8.0, 20.17502640882417)
(140.0, 9.0, 23.431076883296392)
(140.0, 10.0, 21.715061515426452)
(140.0, 11.0, 24.259530967656399)
(140.0, 12.0, 23.584697939087462)
(140.0, 13.0, 23.017541305118066)
(140.0, 14.0, 23.280045707068513)
(140.0, 15.0, 21.43691642828944)
(140.0, 16.0, 21.202147098680509)
(140.0, 17.0, 24.595267270329927)
(140.0, 18.0, 22.983070604345983)
(140.0, 19.0, 25.134153999459972)
(140.0, 20.0, 23.462685335049382)
(140.0, 21.0, 21.226498658018293)
(140.0, 22.0, 24.895299335066603)
(140.0, 23.0, 24.488903388963845)
(140.0, 24.0, 17.907077594194838)
(140.0, 25.0, 19.297329306820842)
(140.0, 26.0, 21.653589890454871)
(140.0, 27.0, 24.777239012299308)
(140.0, 28.0, 22.217233316683185)
(140.0, 29.0, 23.438251731869642)
(140.0, 30.0, 22.185450626772845)
(140.0, 31.0, 21.338456855003017)
(140.0, 32.0, 22.275486614353252)
(140.0, 33.0, 23.596046102722909)
(140.0, 34.0, 24.022686731433112)
(140.0, 35.0, 24.112617005131508)
(140.0, 36.0, 20.814588693346042)
(140.0, 37.0, 23.900253707454141)
(140.0, 38.0, 24.402769136993179)
(140.0, 39.0, 20.650616507610636)
(140.0, 40.0, 22.217209658044275)
(140.0, 41.0, 22.946456766478349)
(140.0, 42.0, 21.898414869364995)
(140.0, 43.0, 22.63213952673383)
(140.0, 44.0, 25.269371027906331)
(140.0, 45.0, 23.51350620609723)
(140.0, 46.0, 24.030361880619378)
(140.0, 47.0, 21.838448146008087)
(140.0, 48.0, 21.702343889663826)
(140.0, 49.0, 24.692050559877469)
(140.0, 50.0, 24.752697615299816)
(140.0, 51.0, 24.557120951574088)
(140.0, 52.0, 23.514523827302494)
(140.0, 53.0, 21.851977639856869)
(140.0, 54.0, 20.449568466441267)
(140.0, 55.0, 22.287664474127816)
(140.0, 56.0, 24.602138536760005)
(140.0, 57.0, 21.60753129780031)
(140.0, 58.0, 22.709316316748392)
(140.0, 59.0, 22.164082673164561)
(140.0, 60.0, 24.472467566980903)
(140.0, 61.0, 22.304354688526473)
(140.0, 62.0, 23.030578495331998)
(140.0, 63.0, 21.947109008699687)
(140.0, 64.0, 20.239140371346458)
(140.0, 65.0, 23.064750414778366)
