(69.0, 167.0, 23.416188410134204)
(69.0, 168.0, 21.797042398065074)
(69.0, 169.0, 24.010040575163735)
(69.0, 170.0, 21.796353676582221)
(69.0, 171.0, 23.737182800918344)
(69.0, 172.0, 24.291472764762336)
(69.0, 173.0, 25.006524491176759)
(69.0, 174.0, 20.499716205708435)
(69.0, 175.0, 25.670235867850554)
(69.0, 176.0, 23.008876014398407)
(69.0, 177.0, 24.018096651276831)
(69.0, 178.0, 21.958090563588783)
(69.0, 179.0, 24.45481331932627)
(69.0, 180.0, 23.932897253195513)
(69.0, 181.0, 22.602006725535979)
(69.0, 182.0, 22.29050517521403)
(69.0, 183.0, 23.374128184029516)
(69.0, 184.0, 20.926204175045282)
(69.0, 185.0, 23.364225214084904)
(69.0, 186.0, 23.053426995518347)
(69.0, 187.0, 23.961974983022337)
(69.0, 188.0, 22.085756000409731)
(69.0, 189.0, 24.640682521197334)
(69.0, 190.0, 24.118002453744182)
(69.0, 191.0, 22.562378466125391)
(69.0, 192.0, 23.28330049381686)
(69.0, 193.0, 23.632514034046064)
(69.0, 194.0, 25.904839415831894)
(69.0, 195.0, 22.908741618442498)
(69.0, 196.0, 24.636395821318153)
(69.0, 197.0, 23.122072877416439)
(69.0, 198.0, 22.687065354047686)
(69.0, 199.0, 22.777246344103652)
(70.0, 0.0, 20.530892819272211)
(70.0, 1.0, 23.369031863529532)
(70.0, 2.0, 21.894963057463364)
(70.0, 3.0, 22.944972832697204)
(70.0, 4.0, 21.414729393556776)
(70.0, 5.0, 23.206236894021558)
(70.0, 6.0, 23.802327588957091)
(70.0, 7.0, 23.713684469115503)
(70.0, 8.0, 19.250498555352628)
(70.0, 9.0, 22.912365252526467)
(70.0, 10.0, 21.917834664219015)
(70.0, 11.0, 24.473833706404601)
(70.0, 12.0, 23.121035126788371)
(70.0, 13.0, 22.949222903110826)
(70.0, 14.0, 23.099278067379668)
(70.0, 15.0, 22.60289612454028)
(70.0, 16.0, 20.792375197764343)
(70.0, 17.0, 22.857044376372162)
(70.0, 18.0, 23.673929501107345)
(70.0, 19.0, 26.06584668663967)
(70.0, 20.0, 20.879608334794742)
(70.0, 21.0, 21.760410443178724)
(70.0, 22.0, 23.616017419571921)
(70.0, 23.0, 24.046531173727104)
(70.0, 24.0, 17.283574375806531)
(70.0, 25.0, 18.189565289967021)
(70.0, 26.0, 21.772858701058382)
(70.0, 27.0, 25.46900652951539)
(70.0, 28.0, 23.985833070066775)
(70.0, 29.0, 21.456689938952039)
(70.0, 30.0, 21.718995224999439)
(70.0, 31.0, 23.139727495736473)
(70.0, 32.0, 24.267356135173678)
(70.0, 33.0, 23.136913269105538)
(70.0, 34.0, 22.949765347915992)
(70.0, 35.0, 24.157086399666159)
(70.0, 36.0, 21.15371542746324)
(70.0, 37.0, 22.876701717974459)
(70.0, 38.0, 23.188449673423719)
(70.0, 39.0, 19.82448141752845)
(70.0, 40.0, 20.791699792798571)
(70.0, 41.0, 23.11388603754429)
(70.0, 42.0, 21.310023353760855)
(70.0, 43.0, 23.788832057532133)
(70.0, 44.0, 25.797442805286245)
(70.0, 45.0, 23.680066933353579)
(70.0, 46.0, 22.552497139739167)
(70.0, 47.0, 21.781123018307927)
(70.0, 48.0, 21.601616718263855)
(70.0, 49.0, 24.401020852691115)
(70.0, 50.0, 25.683058874151037)
(70.0, 51.0, 24.503383482356259)
(70.0, 52.0, 25.133406836593487)
(70.0, 53.0, 22.834933371100966)
(70.0, 54.0, 20.047210917391229)
(70.0, 55.0, 23.849088399232677)
(70.0, 56.0, 24.96428331515844)
(70.0, 57.0, 22.020862572143141)
(70.0, 58.0, 19.780804303846509)
(70.0, 59.0, 21.84637142740926)
(70.0, 60.0, 22.533782620839382)
(70.0, 61.0, 20.38766870319186)
(70.0, 62.0, 24.539155451850704)
(70.0, 63.0, 20.749971965321869)
(70.0, 64.0, 21.026833104737111)
(70.0, 65.0, 21.208339902244347)
(70.0, 66.0, 22.052392407065433)
(70.0, 67.0, 23.258871781002586)
(70.0, 68.0, 24.366304550418143)
(70.0, 69.0, 23.274627798693089)
(70.0, 70.0, 24.555444641630082)
(70.0, 71.0, 22.851101877115198)
(70.0, 72.0, 21.701158086801644)
(70.0, 73.0, 22.037197789934016)
(70.0, 74.0, 22.507869613922544)
(70.0, 75.0, 23.788058825700134)
(70.0, 76.0, 23.796277492502952)
(70.0, 77.0, 22.181279452413559)
(70.0, 78.0, 23.515134536971416)
(70.0, 79.0, 22.378342817745818)
(70.0, 80.0, 24.817288385787204)
(70.0, 81.0, 18.862472996435383)
(70.0, 82.0, 18.597737163673639)
(70.0, 83.0, 19.674540403194495)
(70.0, 84.0, 23.741153090814983)
(70.0, 85.0, 24.297021928486195)
(70.0, 86.0, 22.544420081178153)
(70.0, 87.0, 20.906880154362344)
(70.0, 88.0, 22.086338713657472)
(70.0, 89.0, 22.496750197460468)
(70.0, 90.0, 20.892090082941948)
(70.0, 91.0, 23.244718745981217)
(70.0, 92.0, 21.464000908661799)
(70.0, 93.0, 22.964026522207945)
(70.0, 94.0, 23.627669734048457)
(70.0, 95.0, 21.294594576194946)
(70.0, 96.0, 19.897715200465413)
(70.0, 97.0, 22.502721986246858)
(70.0, 98.0, 23.688814039902141)
(70.0, 99.0, 23.119537059448817)
(70.0, 100.0, 25.274664554262671)
(70.0, 101.0, 22.284072087143084)
(70.0, 102.0, 22.78333896637357)
(70.0, 103.0, 22.642094541193931)
(70.0, 104.0, 24.694195954983577)
(70.0, 105.0, 22.333123208953872)
(70.0, 106.0, 22.275795789832635)
(70.0, 107.0, 22.155242382068828)
(70.0, 108.0, 22.591658131485666)
(70.0, 109.0, 21.99702164905236)
(70.0, 110.0, 20.897689551905266)
(70.0, 111.0, 24.40498455288536)
(70.0, 112.0, 26.199078054551133)
(70.0, 113.0, 23.255515247206816)
(70.0, 114.0, 24.0603625782005)
(70.0, 115.0, 22.456896801548247)
(70.0, 116.0, 22.117824790127216)
(70.0, 117.0, 20.640619563999127)
(70.0, 118.0, 23.792118219470396)
(70.0, 119.0, 21.741521294702896)
(70.0, 120.0, 22.189403875082657)
(70.0, 121.0, 23.553082945637509)
(70.0, 122.0, 23.823569748427342)
(70.0, 123.0, 24.411507435294233)
(70.0, 124.0, 21.262031280602059)
(70.0, 125.0, 23.772744968203501)
(70.0, 126.0, 22.162617990514264)
(70.0, 127.0, 23.379773654455548)
(70.0, 128.0, 21.347696683326628)
(70.0, 129.0, 24.155068617072594)
(70.0, 130.0, 23.342495240598865)
(70.0, 131.0, 22.856022030556225)
(70.0, 132.0, 19.0052364945223)
(70.0, 133.0, 20.65304313307707)
(70.0, 134.0, 22.973978533821512)
(70.0, 135.0, 22.93661849191097)
(70.0, 136.0, 22.885060063621964)
(70.0, 137.0, 22.295172016200336)
(70.0, 138.0, 22.092949554524367)
(70.0, 139.0, 23.808430489674393)
(70.0, 140.0, 24.159126274708647)
(70.0, 141.0, 22.760508779798585)
(70.0, 142.0, 21.853270307529897)
(70.0, 143.0, 23.359306076127439)
(70.0, 144.0, 22.754454116848823)
(70.0, 145.0, 24.83740855757301)
(70.0, 146.0, 25.215561695737183)
(70.0, 147.0, 20.717486651631653)
(70.0, 148.0, 22.270878564934584)
(70.0, 149.0, 22.500663138828795)
(70.0, 150.0, 25.631630560868526)
(70.0, 151.0, 26.079408896471534)
(70.0, 152.0, 23.979385937413895)
(70.0, 153.0, 24.182894226540231)
(70.0, 154.0, 23.296047997977301)
(70.0, 155.0, 24.110251716013291)
(70.0, 156.0, 23.716852652636629)
(70.0, 157.0, 24.564853384085509)
(70.0, 158.0, 24.063386286410765)
(70.0, 159.0, 22.786998522317457)
(70.0, 160.0, 21.505564408790701)
(70.0, 161.0, 23.584247490642305)
(70.0, 162.0, 22.599339478537456)
(70.0, 163.0, 20.314549713272168)
(70.0, 164.0, 21.73523715522601)
(70.0, 165.0, 23.621582258853408)
(70.0, 166.0, 22.623552232130638)
(70.0, 167.0, 22.250682687042474)
(70.0, 168.0, 21.82490766604549)
(70.0, 169.0, 22.227437728096731)
(70.0, 170.0, 21.825075702611052)
(70.0, 171.0, 23.710948265522127)
(70.0, 172.0, 23.855089861914557)
(70.0, 173.0, 22.357837819775607)
(70.0, 174.0, 19.265292609760195)
(70.0, 175.0, 25.499597384869183)
(70.0, 176.0, 20.956373317292169)
(70.0, 177.0, 23.441504480275636)
(70.0, 178.0, 20.871332180716401)
(70.0, 179.0, 23.855247065991314)
(70.0, 180.0, 22.006861590425782)
(70.0, 181.0, 22.983623980942692)
(70.0, 182.0, 23.067063472808272)
(70.0, 183.0, 21.993843117380798)
(70.0, 184.0, 22.549496842027672)
(70.0, 185.0, 21.102684185050588)
(70.0, 186.0, 22.321466642545722)
(70.0, 187.0, 23.896406535818461)
(70.0, 188.0, 21.807180961187644)
(70.0, 189.0, 25.720683931360007)
(70.0, 190.0, 24.870239234399577)
(70.0, 191.0, 20.994969521944778)
(70.0, 192.0, 22.582694595620929)
(70.0, 193.0, 23.359312216924003)
(70.0, 194.0, 22.592196294915194)
(70.0, 195.0, 23.097116328440919)
(70.0, 196.0, 23.34387055905443)
(70.0, 197.0, 22.635987941826524)
(70.0, 198.0, 20.996030853062649)
(70.0, 199.0, 22.419379532274984)
(71.0, 0.0, 20.727925211817258)
(71.0, 1.0, 24.602198727666426)
(71.0, 2.0, 24.142277899958941)
(71.0, 3.0, 27.426020391333726)
(71.0, 4.0, 24.136278573458949)
(71.0, 5.0, 23.719140311480604)
(71.0, 6.0, 27.942398355351237)
(71.0, 7.0, 27.952762136373888)
(71.0, 8.0, 21.385042161833745)
(71.0, 9.0, 23.650714830753913)
(71.0, 10.0, 23.381736912816748)
(71.0, 11.0, 25.918987291070589)
(71.0, 12.0, 25.016339122711454)
(71.0, 13.0, 26.044254545096482)
(71.0, 14.0, 25.88256921519093)
(71.0, 15.0, 24.239505877844792)
(71.0, 16.0, 22.862631575378792)
(71.0, 17.0, 25.827651149986703)
(71.0, 18.0, 27.034710953039109)
(71.0, 19.0, 29.146502282214474)
(71.0, 20.0, 24.878907318650572)
(71.0, 21.0, 25.069227379264774)
(71.0, 22.0, 26.687965401934022)
(71.0, 23.0, 27.297393315803596)
(71.0, 24.0, 20.274599559842159)
(71.0, 25.0, 20.018334721783692)
(71.0, 26.0, 22.345273549788072)
(71.0, 27.0, 29.086654677535986)
(71.0, 28.0, 25.67739871458053)
(71.0, 29.0, 25.165885296160003)
(71.0, 30.0, 24.297339154808256)
(71.0, 31.0, 24.125862356989757)
(71.0, 32.0, 25.544782640254052)
(71.0, 33.0, 25.085946479419146)
(71.0, 34.0, 25.090363785870608)
(71.0, 35.0, 26.010821581791898)
(71.0, 36.0, 22.773050563804606)
(71.0, 37.0, 27.170793223228905)
(71.0, 38.0, 28.021177289711531)
(71.0, 39.0, 22.713479735674778)
(71.0, 40.0, 23.026166527585488)
(71.0, 41.0, 25.774889868109653)
(71.0, 42.0, 23.99503118458027)
(71.0, 43.0, 24.471625535328894)
(71.0, 44.0, 28.138422537917279)
(71.0, 45.0, 27.677523231262406)
(71.0, 46.0, 25.697904784562517)
(71.0, 47.0, 22.800793254192513)
(71.0, 48.0, 22.6785154291933)
(71.0, 49.0, 27.320867126405478)
(71.0, 50.0, 25.463133963994665)
(71.0, 51.0, 26.750435600259358)
(71.0, 52.0, 25.743891431872388)
(71.0, 53.0, 25.018436469579914)
(71.0, 54.0, 24.201564056334771)
(71.0, 55.0, 23.165659680880943)
(71.0, 56.0, 27.207911925571118)
(71.0, 57.0, 24.19043436750373)
(71.0, 58.0, 23.846038789631077)
(71.0, 59.0, 25.712189561156531)
(71.0, 60.0, 27.069379356264456)
(71.0, 61.0, 23.835328809026763)
(71.0, 62.0, 24.86409164224159)
(71.0, 63.0, 22.340550317449832)
(71.0, 64.0, 22.816722207052464)
(71.0, 65.0, 24.584757110969615)
(71.0, 66.0, 24.762100945143441)
(71.0, 67.0, 25.571862679090945)
(71.0, 68.0, 24.70800303755275)
(71.0, 69.0, 26.539520483401866)
(71.0, 70.0, 27.514492887564025)
(71.0, 71.0, 25.861684031334047)
(71.0, 72.0, 21.989730833798916)
(71.0, 73.0, 23.240240913102767)
(71.0, 74.0, 23.915644212734694)
(71.0, 75.0, 25.662604574039655)
(71.0, 76.0, 25.09520974063367)
(71.0, 77.0, 23.289918126689233)
(71.0, 78.0, 24.954517352027764)
(71.0, 79.0, 23.650756485581091)
(71.0, 80.0, 26.030589450030359)
(71.0, 81.0, 21.537417935464141)
(71.0, 82.0, 23.353938117164859)
(71.0, 83.0, 24.811129603077315)
(71.0, 84.0, 27.523279761859701)
(71.0, 85.0, 26.135520237039685)
(71.0, 86.0, 25.174610643711517)
(71.0, 87.0, 25.151634927931354)
(71.0, 88.0, 25.152510774576651)
(71.0, 89.0, 27.189445176866901)
(71.0, 90.0, 23.958548348206094)
(71.0, 91.0, 23.503199102653149)
(71.0, 92.0, 23.829240158462206)
(71.0, 93.0, 26.920376221974145)
(71.0, 94.0, 26.219301441188573)
(71.0, 95.0, 23.826798071614672)
(71.0, 96.0, 22.743713268257181)
(71.0, 97.0, 24.935888964375184)
(71.0, 98.0, 23.048395893511568)
(71.0, 99.0, 24.918060256526765)
(71.0, 100.0, 25.678896035491217)
(71.0, 101.0, 23.4355904444812)
(71.0, 102.0, 25.176201602450906)
(71.0, 103.0, 26.262588144542075)
(71.0, 104.0, 27.407005106776712)
(71.0, 105.0, 26.529607255257638)
(71.0, 106.0, 24.797002276530307)
(71.0, 107.0, 24.226678657975082)
(71.0, 108.0, 24.996547631588793)
(71.0, 109.0, 25.237452770914075)
(71.0, 110.0, 24.15977468541292)
(71.0, 111.0, 25.949158283158056)
(71.0, 112.0, 27.254547187805493)
(71.0, 113.0, 25.863469973015661)
(71.0, 114.0, 26.385603723937798)
(71.0, 115.0, 26.472731527410378)
(71.0, 116.0, 23.208561856953615)
(71.0, 117.0, 21.890493255029877)
(71.0, 118.0, 26.735087745223517)
(71.0, 119.0, 25.175254814380189)
(71.0, 120.0, 25.550647940815981)
(71.0, 121.0, 27.16875654563421)
(71.0, 122.0, 25.327368480751755)
(71.0, 123.0, 27.64577879035939)
(71.0, 124.0, 25.75040729502954)
(71.0, 125.0, 26.517260433999372)
(71.0, 126.0, 24.803764912004837)
(71.0, 127.0, 25.123072963558137)
(71.0, 128.0, 22.853211506697892)
(71.0, 129.0, 28.108833992746444)
(71.0, 130.0, 26.068419449318785)
(71.0, 131.0, 24.925284478821659)
(71.0, 132.0, 21.743971221223788)
(71.0, 133.0, 22.383925527264232)
(71.0, 134.0, 26.937801726830568)
(71.0, 135.0, 24.853841534232462)
(71.0, 136.0, 26.060282130097459)
(71.0, 137.0, 25.952611409732668)
(71.0, 138.0, 22.415470497564197)
(71.0, 139.0, 26.758269969033027)
(71.0, 140.0, 27.562382531094372)
(71.0, 141.0, 25.192649580211519)
(71.0, 142.0, 23.529113297049431)
(71.0, 143.0, 26.803464382724858)
(71.0, 144.0, 24.646956467577926)
(71.0, 145.0, 27.197889251064584)
(71.0, 146.0, 26.96761341219996)
(71.0, 147.0, 22.843542498578447)
(71.0, 148.0, 24.328784500479699)
(71.0, 149.0, 26.894310140996495)
(71.0, 150.0, 27.393492724345904)
(71.0, 151.0, 27.580962095855831)
(71.0, 152.0, 25.899849309608715)
(71.0, 153.0, 27.283484877452391)
(71.0, 154.0, 27.498088008787064)
(71.0, 155.0, 26.409558088542951)
(71.0, 156.0, 25.643227623538543)
(71.0, 157.0, 28.00454131219108)
(71.0, 158.0, 27.130377971864377)
(71.0, 159.0, 26.190531607165113)
(71.0, 160.0, 25.013238613746957)
(71.0, 161.0, 26.303653157825057)
(71.0, 162.0, 25.659107554326624)
(71.0, 163.0, 23.028748678129489)
(71.0, 164.0, 24.578427073133334)
(71.0, 165.0, 25.440809176508964)
(71.0, 166.0, 27.024185725317238)
(71.0, 167.0, 24.081732807937289)
(71.0, 168.0, 26.23231539746687)
(71.0, 169.0, 25.46712986524788)
(71.0, 170.0, 22.749500996817289)
(71.0, 171.0, 25.402630019610779)
(71.0, 172.0, 27.845244349136287)
(71.0, 173.0, 26.335995663084216)
(71.0, 174.0, 22.140464736193444)
(71.0, 175.0, 26.192544991130855)
(71.0, 176.0, 25.246102756627291)
(71.0, 177.0, 26.722505435445417)
(71.0, 178.0, 23.315102703279877)
(71.0, 179.0, 27.895496344270601)
(71.0, 180.0, 24.522345075398686)
(71.0, 181.0, 26.000067967844355)
(71.0, 182.0, 25.426749481540824)
(71.0, 183.0, 24.857995792384589)
(71.0, 184.0, 23.587985624788068)
(71.0, 185.0, 26.246832998972387)
(71.0, 186.0, 24.242498008450404)
(71.0, 187.0, 27.907918220170377)
(71.0, 188.0, 26.609239537858866)
(71.0, 189.0, 26.753193976427156)
(71.0, 190.0, 27.982894814387841)
(71.0, 191.0, 24.311307475622947)
(71.0, 192.0, 25.673162415313321)
(71.0, 193.0, 24.397794114328534)
(71.0, 194.0, 26.954266478043035)
(71.0, 195.0, 28.413964224467264)
(71.0, 196.0, 25.80725961059207)
(71.0, 197.0, 24.872238253322173)
(71.0, 198.0, 25.6513623465232)
(71.0, 199.0, 25.914880728724718)
(72.0, 0.0, 21.84470061660139)
(72.0, 1.0, 24.7404774464447)
(72.0, 2.0, 23.289568974450169)
(72.0, 3.0, 25.546979798894377)
(72.0, 4.0, 23.61710814126435)
(72.0, 5.0, 24.223667477162444)
(72.0, 6.0, 26.232817920951533)
(72.0, 7.0, 25.132054868209224)
(72.0, 8.0, 20.971758440110776)
(72.0, 9.0, 23.167736878323112)
(72.0, 10.0, 23.383046226704433)
(72.0, 11.0, 25.257258618666963)
(72.0, 12.0, 23.259339241229867)
(72.0, 13.0, 24.247716134353787)
(72.0, 14.0, 24.684288910076987)
(72.0, 15.0, 23.972291920059629)
(72.0, 16.0, 22.944643920633162)
(72.0, 17.0, 25.244555014201993)
(72.0, 18.0, 25.226437742728081)
(72.0, 19.0, 27.628566161903791)
(72.0, 20.0, 23.805232054657044)
(72.0, 21.0, 24.192619081874625)
(72.0, 22.0, 27.344044091236249)
(72.0, 23.0, 26.360338383385319)
(72.0, 24.0, 20.499961804858771)
(72.0, 25.0, 20.809801269667052)
(72.0, 26.0, 23.364803002557327)
(72.0, 27.0, 27.784446530633513)
(72.0, 28.0, 24.362737453895853)
(72.0, 29.0, 23.450640518524455)
(72.0, 30.0, 24.010145252453086)
(72.0, 31.0, 22.744669263698444)
(72.0, 32.0, 25.154792080212879)
(72.0, 33.0, 24.689319642757766)
(72.0, 34.0, 25.279651856956981)
(72.0, 35.0, 26.252712307663742)
(72.0, 36.0, 22.074333301685801)
(72.0, 37.0, 26.271141479191677)
(72.0, 38.0, 23.740964295320243)
(72.0, 39.0, 21.638485590167601)
(72.0, 40.0, 22.463317385409564)
(72.0, 41.0, 24.365086546543182)
(72.0, 42.0, 22.497082313183018)
(72.0, 43.0, 25.898405731925731)
(72.0, 44.0, 28.791939246645477)
(72.0, 45.0, 25.219758440321371)
(72.0, 46.0, 24.660327200778362)
(72.0, 47.0, 24.498388248240609)
(72.0, 48.0, 22.832197437970652)
(72.0, 49.0, 27.763711740468878)
(72.0, 50.0, 27.92241199646157)
(72.0, 51.0, 25.94389986216683)
(72.0, 52.0, 25.016575468470162)
(72.0, 53.0, 23.994753832541107)
(72.0, 54.0, 23.416830288323474)
(72.0, 55.0, 22.825562727821662)
(72.0, 56.0, 27.564682713115687)
(72.0, 57.0, 23.427720513736162)
(72.0, 58.0, 23.974156046330283)
(72.0, 59.0, 23.839835988439784)
(72.0, 60.0, 26.632803165392698)
(72.0, 61.0, 21.606178720738221)
(72.0, 62.0, 25.640394515572698)
(72.0, 63.0, 23.374225414717856)
(72.0, 64.0, 22.157570728139618)
(72.0, 65.0, 24.260944498290048)
(72.0, 66.0, 22.924824979703789)
(72.0, 67.0, 22.749949754007794)
(72.0, 68.0, 26.236137287217915)
(72.0, 69.0, 24.306145837660033)
(72.0, 70.0, 25.704748636648556)
(72.0, 71.0, 22.322211848130127)
(72.0, 72.0, 21.959356691306532)
(72.0, 73.0, 21.62670707831867)
(72.0, 74.0, 24.972432120491479)
(72.0, 75.0, 25.385547718197834)
(72.0, 76.0, 25.219777128645333)
(72.0, 77.0, 20.590983176668608)
(72.0, 78.0, 24.543803577754183)
(72.0, 79.0, 23.479533937728345)
(72.0, 80.0, 25.599021248179426)
(72.0, 81.0, 20.53365068737477)
(72.0, 82.0, 20.712836015757524)
(72.0, 83.0, 22.916506163436484)
(72.0, 84.0, 26.650057443564222)
(72.0, 85.0, 25.980493385711156)
(72.0, 86.0, 24.302399126275134)
(72.0, 87.0, 23.54142720868785)
(72.0, 88.0, 24.038104128428341)
(72.0, 89.0, 24.755496836454185)
(72.0, 90.0, 24.329236996856913)
(72.0, 91.0, 23.426085147640347)
(72.0, 92.0, 23.456193504695353)
(72.0, 93.0, 24.183808962866099)
(72.0, 94.0, 23.668170606504901)
(72.0, 95.0, 22.34643868862522)
(72.0, 96.0, 22.904275898721306)
(72.0, 97.0, 23.098333742236719)
(72.0, 98.0, 21.346960171677342)
(72.0, 99.0, 25.333296400584132)
(72.0, 100.0, 25.239541980209129)
(72.0, 101.0, 20.978587338212478)
(72.0, 102.0, 25.022475627493144)
(72.0, 103.0, 24.697319250771105)
(72.0, 104.0, 26.291146166209085)
(72.0, 105.0, 25.224227828413078)
(72.0, 106.0, 23.845872351963319)
(72.0, 107.0, 23.8602772488601)
(72.0, 108.0, 24.172127149659843)
(72.0, 109.0, 23.232251707327265)
(72.0, 110.0, 23.697565904342476)
(72.0, 111.0, 24.502367781176925)
(72.0, 112.0, 27.930424257043807)
(72.0, 113.0, 25.015763365689182)
(72.0, 114.0, 23.500472700706421)
(72.0, 115.0, 25.509193878824636)
(72.0, 116.0, 22.503319071864844)
(72.0, 117.0, 22.440489478024787)
(72.0, 118.0, 27.663222417351886)
(72.0, 119.0, 24.020610803498364)
(72.0, 120.0, 24.346277162635356)
(72.0, 121.0, 26.637292055582499)
(72.0, 122.0, 24.329093528962279)
(72.0, 123.0, 26.430889855976964)
(72.0, 124.0, 25.616885309810574)
(72.0, 125.0, 26.707281399726035)
(72.0, 126.0, 25.147421734518691)
(72.0, 127.0, 25.179072670440682)
(72.0, 128.0, 23.393419782544079)
(72.0, 129.0, 25.576747578047943)
(72.0, 130.0, 23.935295616815466)
(72.0, 131.0, 24.981571734456423)
(72.0, 132.0, 20.814459553180029)
(72.0, 133.0, 21.6191488190493)
(72.0, 134.0, 25.325941451109689)
(72.0, 135.0, 23.232064202878277)
(72.0, 136.0, 25.615566545472355)
(72.0, 137.0, 24.260006949720506)
(72.0, 138.0, 22.45552703339089)
(72.0, 139.0, 27.310536851554605)
(72.0, 140.0, 27.522986828549755)
(72.0, 141.0, 24.008594186746556)
(72.0, 142.0, 24.289437614422027)
(72.0, 143.0, 25.583819717863804)
(72.0, 144.0, 23.279327532586578)
(72.0, 145.0, 24.753246915197074)
(72.0, 146.0, 27.317633911755539)
(72.0, 147.0, 22.405184801315329)
(72.0, 148.0, 24.610141918809703)
(72.0, 149.0, 25.583494867226204)
(72.0, 150.0, 28.761901324751765)
(72.0, 151.0, 26.880885090125901)
(72.0, 152.0, 25.759569731625952)
(72.0, 153.0, 26.990666259049956)
(72.0, 154.0, 26.317169020815768)
(72.0, 155.0, 25.148915507559273)
(72.0, 156.0, 24.636565838133315)
(72.0, 157.0, 27.430885306919468)
(72.0, 158.0, 26.035592161482288)
(72.0, 159.0, 24.708646074532062)
(72.0, 160.0, 23.085613286535487)
(72.0, 161.0, 23.734608465439358)
(72.0, 162.0, 24.082847963641164)
(72.0, 163.0, 23.978288637668573)
(72.0, 164.0, 24.504852260314898)
(72.0, 165.0, 25.253170483998517)
(72.0, 166.0, 24.813250515839641)
(72.0, 167.0, 24.351396366472382)
(72.0, 168.0, 25.154958676799765)
(72.0, 169.0, 26.442676731958574)
(72.0, 170.0, 22.288616054375588)
(72.0, 171.0, 25.519704093710285)
(72.0, 172.0, 27.357690647370486)
(72.0, 173.0, 26.414460747337724)
(72.0, 174.0, 21.60569996171488)
(72.0, 175.0, 25.13146583418683)
(72.0, 176.0, 24.033073838674248)
(72.0, 177.0, 26.031770281614779)
(72.0, 178.0, 23.376280629658631)
(72.0, 179.0, 26.00666895542361)
(72.0, 180.0, 24.115354199239814)
(72.0, 181.0, 25.487434141502035)
(72.0, 182.0, 24.518750125491685)
(72.0, 183.0, 23.579983912785799)
(72.0, 184.0, 23.560040237140118)
(72.0, 185.0, 22.775539712473794)
(72.0, 186.0, 23.3718782408557)
(72.0, 187.0, 25.337597911854331)
(72.0, 188.0, 24.802871965083682)
(72.0, 189.0, 27.517123992862455)
(72.0, 190.0, 26.301535482980615)
(72.0, 191.0, 23.510815896462777)
(72.0, 192.0, 23.0148826948401)
(72.0, 193.0, 24.881934967915608)
(72.0, 194.0, 26.224839834643902)
(72.0, 195.0, 24.862816397981621)
(72.0, 196.0, 26.166124533023158)
(72.0, 197.0, 26.487854622259736)
(72.0, 198.0, 25.093983184320809)
(72.0, 199.0, 24.396104677873456)
(73.0, 0.0, 20.120769938033561)
(73.0, 1.0, 24.619351493318071)
(73.0, 2.0, 21.767152974934199)
(73.0, 3.0, 23.87879866041601)
(73.0, 4.0, 23.059664266390463)
(73.0, 5.0, 22.753597824726658)
(73.0, 6.0, 26.1094559450292)
(73.0, 7.0, 25.812197023044913)
(73.0, 8.0, 20.593134701179221)
(73.0, 9.0, 22.712458929944095)
(73.0, 10.0, 22.870170324662048)
(73.0, 11.0, 24.22021149010699)
(73.0, 12.0, 24.033171071642276)
(73.0, 13.0, 22.856884143446077)
(73.0, 14.0, 23.732935680040811)
(73.0, 15.0, 22.385959443005412)
(73.0, 16.0, 21.387695891193481)
(73.0, 17.0, 24.251632694677674)
(73.0, 18.0, 24.583652989715077)
(73.0, 19.0, 26.986285174581646)
(73.0, 20.0, 23.801570771903624)
(73.0, 21.0, 22.466668204640747)
(73.0, 22.0, 25.612997810767713)
(73.0, 23.0, 23.962630592432085)
(73.0, 24.0, 18.482676824593863)
(73.0, 25.0, 17.942393109486648)
(73.0, 26.0, 22.124379244552095)
(73.0, 27.0, 26.645423814289522)
(73.0, 28.0, 22.613662987844567)
(73.0, 29.0, 22.719842645019764)
(73.0, 30.0, 23.24932777796986)
(73.0, 31.0, 22.473015375254541)
(73.0, 32.0, 22.947486767033077)
(73.0, 33.0, 24.7714196090668)
(73.0, 34.0, 25.012252743104426)
(73.0, 35.0, 24.75452044279562)
(73.0, 36.0, 22.01840048253484)
(73.0, 37.0, 25.655323241875067)
(73.0, 38.0, 23.462040650009165)
(73.0, 39.0, 21.296860153442012)
(73.0, 40.0, 21.91673560228045)
(73.0, 41.0, 23.272692765752417)
(73.0, 42.0, 21.91817315523015)
(73.0, 43.0, 25.192671440985301)
(73.0, 44.0, 26.322315247498981)
(73.0, 45.0, 24.087138346174626)
(73.0, 46.0, 23.452009431281468)
(73.0, 47.0, 24.293157683916284)
(73.0, 48.0, 22.634721998403453)
(73.0, 49.0, 24.73793006179752)
(73.0, 50.0, 27.320652571104276)
(73.0, 51.0, 25.779425738718981)
(73.0, 52.0, 23.234981574462729)
(73.0, 53.0, 22.439397327199977)
(73.0, 54.0, 23.464359550599433)
(73.0, 55.0, 22.796960923159155)
(73.0, 56.0, 25.302766725232885)
(73.0, 57.0, 20.618275215787911)
(73.0, 58.0, 21.951646496559498)
(73.0, 59.0, 23.996168848814143)
(73.0, 60.0, 24.440628310585247)
(73.0, 61.0, 21.638206060378849)
(73.0, 62.0, 24.421088583731503)
(73.0, 63.0, 23.018811464806173)
(73.0, 64.0, 21.264641277472673)
(73.0, 65.0, 24.316824098344433)
(73.0, 66.0, 23.747651453982453)
(73.0, 67.0, 24.723583789262296)
(73.0, 68.0, 25.48077422368906)
(73.0, 69.0, 23.276823655789418)
(73.0, 70.0, 25.810330522528126)
(73.0, 71.0, 22.777697703826444)
(73.0, 72.0, 22.253173880361494)
(73.0, 73.0, 21.979211631131594)
(73.0, 74.0, 23.772661764007836)
(73.0, 75.0, 24.484907070589443)
(73.0, 76.0, 25.00590696121008)
(73.0, 77.0, 20.59997152989159)
(73.0, 78.0, 24.61302503922672)
(73.0, 79.0, 22.9387299602814)
(73.0, 80.0, 24.524734381218913)
(73.0, 81.0, 17.770294054554533)
(73.0, 82.0, 20.841740561705272)
(73.0, 83.0, 22.547334641910393)
(73.0, 84.0, 24.462462134979987)
(73.0, 85.0, 25.657006701386283)
(73.0, 86.0, 24.471506708520703)
(73.0, 87.0, 23.656661504003679)
(73.0, 88.0, 22.188447351937651)
(73.0, 89.0, 23.916881480488449)
(73.0, 90.0, 22.034218056962114)
(73.0, 91.0, 23.327370434489438)
(73.0, 92.0, 23.503369358831986)
(73.0, 93.0, 22.169919654202587)
(73.0, 94.0, 23.558602077899522)
(73.0, 95.0, 23.049151610116283)
(73.0, 96.0, 20.939210377398066)
(73.0, 97.0, 22.723691486631122)
(73.0, 98.0, 22.277933125066546)
(73.0, 99.0, 24.787078870001555)
(73.0, 100.0, 24.802159510765176)
(73.0, 101.0, 21.363000392069939)
(73.0, 102.0, 23.939085785150123)
(73.0, 103.0, 23.980804618729962)
(73.0, 104.0, 26.197963390324393)
(73.0, 105.0, 23.104841765329148)
(73.0, 106.0, 21.623379934829039)
(73.0, 107.0, 21.623459830477351)
(73.0, 108.0, 23.263473021125396)
(73.0, 109.0, 23.440205996175067)
(73.0, 110.0, 23.683334111966275)
(73.0, 111.0, 24.130276744840533)
(73.0, 112.0, 25.21937316566796)
(73.0, 113.0, 23.752460373765246)
(73.0, 114.0, 24.122329053712512)
(73.0, 115.0, 23.828415771364007)
(73.0, 116.0, 22.449629686555138)
(73.0, 117.0, 21.982454913910569)
(73.0, 118.0, 25.090574799359672)
(73.0, 119.0, 24.224281726341239)
(73.0, 120.0, 24.781550982211332)
(73.0, 121.0, 25.556352796900502)
(73.0, 122.0, 22.357526133048975)
(73.0, 123.0, 25.15518832718454)
(73.0, 124.0, 25.406104200806507)
(73.0, 125.0, 24.574099069363438)
(73.0, 126.0, 22.986025653941919)
(73.0, 127.0, 24.563468307403316)
(73.0, 128.0, 23.670351693904802)
(73.0, 129.0, 26.530054223361176)
(73.0, 130.0, 23.895188737442517)
(73.0, 131.0, 24.890213561014985)
(73.0, 132.0, 19.71570323128293)
(73.0, 133.0, 22.019800789358353)
(73.0, 134.0, 22.653762063031014)
(73.0, 135.0, 21.751355328545326)
(73.0, 136.0, 25.477048353377931)
(73.0, 137.0, 22.284754906105302)
(73.0, 138.0, 20.384126426309003)
(73.0, 139.0, 25.700911464558573)
(73.0, 140.0, 27.11254272058617)
(73.0, 141.0, 22.690811923477138)
(73.0, 142.0, 25.29196663796565)
(73.0, 143.0, 24.952763661933382)
(73.0, 144.0, 22.200579596889202)
(73.0, 145.0, 22.63936698742895)
(73.0, 146.0, 25.041210057799034)
(73.0, 147.0, 23.021623121724772)
(73.0, 148.0, 22.864592508165906)
(73.0, 149.0, 25.842566117651586)
(73.0, 150.0, 25.635711051558566)
(73.0, 151.0, 28.020229296419362)
(73.0, 152.0, 24.874491575050829)
(73.0, 153.0, 24.567423432849399)
(73.0, 154.0, 24.910313003544971)
(73.0, 155.0, 23.964854597857908)
(73.0, 156.0, 23.756444957744218)
(73.0, 157.0, 26.252398304446885)
(73.0, 158.0, 24.525314351862797)
(73.0, 159.0, 26.540982767594308)
(73.0, 160.0, 22.19864365079362)
(73.0, 161.0, 24.959466981428584)
(73.0, 162.0, 23.097506091350468)
(73.0, 163.0, 22.798068225754832)
(73.0, 164.0, 24.766708836172764)
(73.0, 165.0, 24.26653121503535)
(73.0, 166.0, 24.040936570198472)
(73.0, 167.0, 22.004002078805446)
(73.0, 168.0, 24.5130422915006)
(73.0, 169.0, 23.023863404979682)
(73.0, 170.0, 20.487803972584235)
(73.0, 171.0, 25.114874141128045)
(73.0, 172.0, 24.680725864351881)
(73.0, 173.0, 25.819776770650133)
(73.0, 174.0, 22.673361699514373)
(73.0, 175.0, 26.42726369186823)
(73.0, 176.0, 22.987498876503793)
(73.0, 177.0, 25.489951686829986)
(73.0, 178.0, 22.569989095956654)
(73.0, 179.0, 23.784134465897878)
(73.0, 180.0, 24.207713616124277)
(73.0, 181.0, 23.712687460687803)
(73.0, 182.0, 24.898818851244148)
(73.0, 183.0, 24.621702595453371)
(73.0, 184.0, 23.006127299083641)
(73.0, 185.0, 22.934378984212721)
(73.0, 186.0, 22.411601834784058)
(73.0, 187.0, 24.674345275562402)
(73.0, 188.0, 23.427456857555168)
(73.0, 189.0, 26.44387927156836)
(73.0, 190.0, 24.772999097928906)
(73.0, 191.0, 22.809991882435046)
(73.0, 192.0, 21.484778165443156)
(73.0, 193.0, 24.217713455671941)
(73.0, 194.0, 25.225314102561001)
(73.0, 195.0, 23.600922274903247)
(73.0, 196.0, 25.217005273817172)
(73.0, 197.0, 25.120076113539916)
(73.0, 198.0, 23.281646449219927)
(73.0, 199.0, 24.477289198456191)
(74.0, 0.0, 20.600132162783165)
(74.0, 1.0, 22.640410543247146)
(74.0, 2.0, 22.581887688387706)
(74.0, 3.0, 21.616592606546959)
(74.0, 4.0, 19.832904999984471)
(74.0, 5.0, 23.706083784030351)
(74.0, 6.0, 26.204242503374942)
(74.0, 7.0, 23.356133311810737)
(74.0, 8.0, 20.281181758325516)
(74.0, 9.0, 22.865288632708801)
(74.0, 10.0, 23.037670026431012)
(74.0, 11.0, 24.904621452056531)
(74.0, 12.0, 23.682656451348318)
(74.0, 13.0, 23.111873577908696)
(74.0, 14.0, 21.431470569308345)
(74.0, 15.0, 21.180945421127333)
(74.0, 16.0, 22.052315429235271)
(74.0, 17.0, 22.528087832126346)
(74.0, 18.0, 23.139843273747587)
(74.0, 19.0, 27.964874116712199)
(74.0, 20.0, 23.856909609055773)
(74.0, 21.0, 22.508343365379464)
(74.0, 22.0, 25.381551185116059)
(74.0, 23.0, 25.895453016750444)
(74.0, 24.0, 17.778748241095389)
(74.0, 25.0, 20.920916649936533)
(74.0, 26.0, 21.394570802528147)
(74.0, 27.0, 25.235942230862975)
(74.0, 28.0, 23.271589087801733)
(74.0, 29.0, 21.942967995118448)
(74.0, 30.0, 23.485455510270228)
(74.0, 31.0, 20.556004804820688)
(74.0, 32.0, 23.903772218685159)
(74.0, 33.0, 22.843916291447094)
(74.0, 34.0, 22.807433733878355)
(74.0, 35.0, 22.66942766603454)
(74.0, 36.0, 20.150738474589506)
(74.0, 37.0, 23.851046901027352)
(74.0, 38.0, 23.583067490369693)
(74.0, 39.0, 21.007951471510886)
(74.0, 40.0, 20.981572532093121)
(74.0, 41.0, 21.856100670862453)
(74.0, 42.0, 23.983710186954241)
(74.0, 43.0, 23.398873513371068)
(74.0, 44.0, 26.423677755233335)
(74.0, 45.0, 24.145273263475715)
(74.0, 46.0, 23.449329937861002)
(74.0, 47.0, 22.097278589355923)
(74.0, 48.0, 23.518491780849061)
(74.0, 49.0, 24.582269546320639)
(74.0, 50.0, 25.412429623652912)
(74.0, 51.0, 24.540301343975433)
(74.0, 52.0, 23.77466376882321)
(74.0, 53.0, 23.225204312501351)
(74.0, 54.0, 21.739499357705668)
(74.0, 55.0, 23.452398795610335)
(74.0, 56.0, 24.573398047058049)
(74.0, 57.0, 21.883751186414461)
(74.0, 58.0, 21.91809907391567)
(74.0, 59.0, 24.488426457542868)
(74.0, 60.0, 24.44850204694502)
(74.0, 61.0, 21.710334702115812)
(74.0, 62.0, 23.570697742027342)
(74.0, 63.0, 22.056584203251056)
(74.0, 64.0, 20.15304332784153)
(74.0, 65.0, 24.032036596967306)
(74.0, 66.0, 22.756515416522095)
(74.0, 67.0, 22.406709402857544)
(74.0, 68.0, 24.756080266436143)
(74.0, 69.0, 21.957011282436312)
(74.0, 70.0, 23.332960411784189)
(74.0, 71.0, 21.357286633351922)
(74.0, 72.0, 20.616734749293439)
(74.0, 73.0, 23.305942760815302)
(74.0, 74.0, 22.913194641165596)
(74.0, 75.0, 24.47867978411945)
(74.0, 76.0, 22.998032358963378)
(74.0, 77.0, 21.220337577609609)
(74.0, 78.0, 23.047611477438096)
(74.0, 79.0, 23.425142549410005)
(74.0, 80.0, 25.907374466967774)
(74.0, 81.0, 18.463424262416403)
(74.0, 82.0, 20.275629416131167)
(74.0, 83.0, 20.200003962738169)
(74.0, 84.0, 25.365628897276192)
(74.0, 85.0, 25.007098390909999)
(74.0, 86.0, 24.813273668880136)
(74.0, 87.0, 21.052349843318957)
(74.0, 88.0, 23.37609272970813)
(74.0, 89.0, 24.161069081092215)
(74.0, 90.0, 21.924458657926273)
(74.0, 91.0, 22.177885553520973)
(74.0, 92.0, 22.323449655435727)
(74.0, 93.0, 22.650266303528003)
(74.0, 94.0, 23.225264154793965)
(74.0, 95.0, 20.783615043694635)
(74.0, 96.0, 22.448680159205111)
(74.0, 97.0, 22.746595139637293)
(74.0, 98.0, 21.533307417890864)
(74.0, 99.0, 23.492612078072334)
(74.0, 100.0, 24.103148363782651)
(74.0, 101.0, 20.801552598762434)
(74.0, 102.0, 23.697877540536425)
(74.0, 103.0, 24.584723578724599)
(74.0, 104.0, 25.001236013198262)
(74.0, 105.0, 22.312999437231959)
(74.0, 106.0, 23.498430277715787)
(74.0, 107.0, 21.087470334497525)
(74.0, 108.0, 24.752372774909102)
(74.0, 109.0, 21.477449190791788)
(74.0, 110.0, 21.818088274061051)
(74.0, 111.0, 24.286613351346272)
(74.0, 112.0, 24.269325527663185)
(74.0, 113.0, 23.142881070622554)
(74.0, 114.0, 24.443844180151594)
(74.0, 115.0, 23.39259302643169)
(74.0, 116.0, 21.302235389414882)
(74.0, 117.0, 18.514010349792162)
(74.0, 118.0, 23.399021715487709)
(74.0, 119.0, 23.154093431428379)
(74.0, 120.0, 23.383536785094392)
(74.0, 121.0, 24.119479364722384)
(74.0, 122.0, 21.793200156303591)
(74.0, 123.0, 25.759708676952862)
(74.0, 124.0, 23.641450948625987)
(74.0, 125.0, 24.431212303658622)
(74.0, 126.0, 22.184356703772131)
(74.0, 127.0, 23.190795429478108)
(74.0, 128.0, 22.53915880935428)
(74.0, 129.0, 24.723544014894095)
(74.0, 130.0, 24.356385842258469)
(74.0, 131.0, 23.129797459326941)
(74.0, 132.0, 18.506299055422556)
(74.0, 133.0, 21.945947091525696)
(74.0, 134.0, 24.99335167229135)
(74.0, 135.0, 22.575196228453891)
(74.0, 136.0, 24.878044786205677)
(74.0, 137.0, 24.033135270334096)
(74.0, 138.0, 21.644751560422804)
(74.0, 139.0, 25.282477340946393)
(74.0, 140.0, 25.639424373563077)
(74.0, 141.0, 24.461355523289381)
(74.0, 142.0, 24.283324510988404)
(74.0, 143.0, 24.869474330145426)
(74.0, 144.0, 22.15617198479152)
(74.0, 145.0, 24.290450230859122)
(74.0, 146.0, 25.691363022520314)
(74.0, 147.0, 21.049787242166097)
(74.0, 148.0, 22.054135153886445)
(74.0, 149.0, 22.415789800489719)
(74.0, 150.0, 27.782789727043131)
(74.0, 151.0, 26.655163289175)
(74.0, 152.0, 22.446249305871895)
(74.0, 153.0, 23.529328730253631)
(74.0, 154.0, 24.046105454364152)
(74.0, 155.0, 22.68912762507253)
(74.0, 156.0, 23.634306792874394)
(74.0, 157.0, 25.816550122532142)
(74.0, 158.0, 25.329838580776432)
(74.0, 159.0, 23.93690547507607)
(74.0, 160.0, 22.634398539749601)
(74.0, 161.0, 23.0054680775897)
(74.0, 162.0, 24.356117994073401)
(74.0, 163.0, 21.281488470828869)
(74.0, 164.0, 23.243986018796708)
(74.0, 165.0, 22.823378575910532)
(74.0, 166.0, 24.796450942061643)
(74.0, 167.0, 22.322660403048349)
(74.0, 168.0, 22.689874623134244)
(74.0, 169.0, 22.363917319854117)
(74.0, 170.0, 21.479217333948924)
(74.0, 171.0, 23.795346596602691)
(74.0, 172.0, 24.912725283435538)
(74.0, 173.0, 22.746369939813302)
(74.0, 174.0, 20.491193494831041)
(74.0, 175.0, 24.325050142763644)
(74.0, 176.0, 20.967968985633043)
(74.0, 177.0, 25.504943966192116)
(74.0, 178.0, 21.622682991255125)
(74.0, 179.0, 25.26374721529141)
(74.0, 180.0, 23.402730604218387)
(74.0, 181.0, 23.724800332938109)
(74.0, 182.0, 24.087336193486152)
(74.0, 183.0, 21.116894027677386)
(74.0, 184.0, 22.540655437697481)
(74.0, 185.0, 23.81487200236813)
(74.0, 186.0, 22.991024988904115)
(74.0, 187.0, 25.818800345505053)
(74.0, 188.0, 22.237230763443073)
(74.0, 189.0, 25.046881522553292)
(74.0, 190.0, 24.349568564738036)
(74.0, 191.0, 22.197691933401401)
(74.0, 192.0, 24.1026825208227)
(74.0, 193.0, 22.420955302354464)
(74.0, 194.0, 24.793439155329125)
(74.0, 195.0, 23.651945554327028)
(74.0, 196.0, 23.910187563400672)
(74.0, 197.0, 23.054115279543634)
(74.0, 198.0, 21.656891967404739)
(74.0, 199.0, 23.075294289632801)
(75.0, 0.0, 20.95644920434518)
(75.0, 1.0, 24.292410523372848)
(75.0, 2.0, 21.783710750665161)
(75.0, 3.0, 24.578372321370264)
(75.0, 4.0, 21.902119550040609)
(75.0, 5.0, 24.537280945905554)
(75.0, 6.0, 28.021088415527295)
(75.0, 7.0, 23.199132958791498)
(75.0, 8.0, 21.092850763613654)
(75.0, 9.0, 24.390317351145704)
(75.0, 10.0, 23.807624417805478)
(75.0, 11.0, 25.442069483163291)
(75.0, 12.0, 24.578264151727957)
(75.0, 13.0, 23.66871957426217)
(75.0, 14.0, 23.311581419649301)
(75.0, 15.0, 22.094997719848305)
(75.0, 16.0, 23.867653948622007)
(75.0, 17.0, 24.723251138916609)
(75.0, 18.0, 24.631226445783149)
(75.0, 19.0, 29.352324983066989)
(75.0, 20.0, 25.247249611050144)
(75.0, 21.0, 23.971881175269196)
(75.0, 22.0, 25.261608227598998)
(75.0, 23.0, 25.645801735164731)
(75.0, 24.0, 20.39849001366813)
(75.0, 25.0, 20.123371106002814)
(75.0, 26.0, 21.669031407086258)
(75.0, 27.0, 27.270369510001419)
(75.0, 28.0, 24.0603151299077)
(75.0, 29.0, 25.032338560033377)
(75.0, 30.0, 24.106211723878161)
(75.0, 31.0, 21.437612209378234)
(75.0, 32.0, 24.856749360059027)
(75.0, 33.0, 24.767182635927171)
(75.0, 34.0, 24.998096183469514)
(75.0, 35.0, 25.342562039570975)
(75.0, 36.0, 21.875363185416777)
(75.0, 37.0, 26.106622887633545)
(75.0, 38.0, 26.8467632905299)
(75.0, 39.0, 23.871858523857725)
(75.0, 40.0, 23.523721175166912)
(75.0, 41.0, 24.411881307546558)
(75.0, 42.0, 24.405110019908136)
(75.0, 43.0, 25.083133580878723)
(75.0, 44.0, 26.484777224185336)
(75.0, 45.0, 25.767107031195899)
(75.0, 46.0, 22.619763380013417)
(75.0, 47.0, 22.17374281556085)
(75.0, 48.0, 22.276884253083885)
(75.0, 49.0, 27.932689841463144)
(75.0, 50.0, 25.531327297545598)
(75.0, 51.0, 25.775889094011362)
(75.0, 52.0, 25.034000104853728)
(75.0, 53.0, 23.187411997403309)
(75.0, 54.0, 24.557195004444743)
(75.0, 55.0, 22.957396591115906)
(75.0, 56.0, 26.168576915550382)
(75.0, 57.0, 24.172781536295982)
(75.0, 58.0, 23.535407159992157)
(75.0, 59.0, 23.233362105172755)
(75.0, 60.0, 25.733064566687368)
(75.0, 61.0, 21.878234152700216)
(75.0, 62.0, 24.725824714279483)
(75.0, 63.0, 24.00675760463189)
(75.0, 64.0, 22.253751181155373)
(75.0, 65.0, 25.22858867970692)
(75.0, 66.0, 25.259581260819232)
(75.0, 67.0, 24.309381372590082)
(75.0, 68.0, 25.342650558790904)
(75.0, 69.0, 22.795932108987696)
(75.0, 70.0, 25.736968805603048)
(75.0, 71.0, 22.392669223423482)
(75.0, 72.0, 21.109149068981313)
(75.0, 73.0, 22.844014081740728)
(75.0, 74.0, 24.745677636484857)
(75.0, 75.0, 24.008645321034052)
(75.0, 76.0, 22.663315318439253)
(75.0, 77.0, 22.739127125568519)
(75.0, 78.0, 22.881743691258585)
(75.0, 79.0, 23.446532809670689)
(75.0, 80.0, 27.103987328171137)
(75.0, 81.0, 21.067947148603587)
(75.0, 82.0, 22.572970965704357)
(75.0, 83.0, 22.783640082817627)
(75.0, 84.0, 24.761598111396463)
(75.0, 85.0, 25.055510972008442)
(75.0, 86.0, 25.572806856508116)
(75.0, 87.0, 22.804512590446716)
(75.0, 88.0, 23.226937042837069)
(75.0, 89.0, 25.105452085723869)
(75.0, 90.0, 23.64215750712556)
(75.0, 91.0, 23.944216634925919)
(75.0, 92.0, 23.649413958488473)
(75.0, 93.0, 25.543662719489109)
(75.0, 94.0, 24.776463918501733)
(75.0, 95.0, 24.453523299821597)
(75.0, 96.0, 22.884545656159169)
(75.0, 97.0, 22.495293286510734)
(75.0, 98.0, 21.949393445325747)
(75.0, 99.0, 24.991789272811598)
(75.0, 100.0, 24.706015219213015)
(75.0, 101.0, 21.899801139842509)
(75.0, 102.0, 24.451707545868423)
(75.0, 103.0, 24.628749758011065)
(75.0, 104.0, 27.028108911679819)
(75.0, 105.0, 24.27006467299087)
(75.0, 106.0, 23.660648074283788)
(75.0, 107.0, 21.513721223079511)
(75.0, 108.0, 24.226487895007189)
(75.0, 109.0, 23.014492943264752)
(75.0, 110.0, 23.701722315084197)
(75.0, 111.0, 25.0782904965052)
(75.0, 112.0, 27.970620941855898)
(75.0, 113.0, 25.25096723271669)
(75.0, 114.0, 24.627988618408576)
(75.0, 115.0, 24.56632402332032)
(75.0, 116.0, 21.817253712505874)
(75.0, 117.0, 21.845974987650376)
(75.0, 118.0, 25.00567885674544)
(75.0, 119.0, 24.121677287684591)
(75.0, 120.0, 24.77188046381281)
(75.0, 121.0, 24.680242950373859)
(75.0, 122.0, 22.133196741867209)
(75.0, 123.0, 25.704182328419453)
(75.0, 124.0, 26.08048227105963)
(75.0, 125.0, 26.370958690540295)
(75.0, 126.0, 22.70543920292285)
(75.0, 127.0, 26.124957547416081)
(75.0, 128.0, 22.845387882939374)
(75.0, 129.0, 25.148387889788488)
(75.0, 130.0, 25.603828785192242)
(75.0, 131.0, 23.574919198152465)
(75.0, 132.0, 19.63948121341291)
(75.0, 133.0, 21.599337547206691)
(75.0, 134.0, 25.036113668179034)
(75.0, 135.0, 25.19223203017172)
(75.0, 136.0, 24.922146390065286)
(75.0, 137.0, 23.287735613956041)
(75.0, 138.0, 22.782927291554365)
(75.0, 139.0, 26.150884520460558)
(75.0, 140.0, 27.380078311949809)
(75.0, 141.0, 24.164921042236308)
(75.0, 142.0, 23.754309229228326)
(75.0, 143.0, 25.068078843588495)
(75.0, 144.0, 23.30315507547277)
(75.0, 145.0, 26.190783672277384)
(75.0, 146.0, 26.605474352055911)
(75.0, 147.0, 23.067678078014474)
(75.0, 148.0, 24.425190946120356)
(75.0, 149.0, 25.228102398683376)
(75.0, 150.0, 27.797387336113356)
(75.0, 151.0, 28.274238668113853)
(75.0, 152.0, 24.765559829139562)
(75.0, 153.0, 24.310858165357956)
(75.0, 154.0, 25.385690011731434)
(75.0, 155.0, 25.122879005536106)
(75.0, 156.0, 24.808095985727856)
(75.0, 157.0, 27.399505728164741)
(75.0, 158.0, 26.80312120374855)
(75.0, 159.0, 25.326612632209297)
(75.0, 160.0, 24.490546187466972)
(75.0, 161.0, 24.777868526973755)
(75.0, 162.0, 25.687232641107016)
(75.0, 163.0, 22.30050489715455)
(75.0, 164.0, 24.627260538003355)
(75.0, 165.0, 24.044992488314069)
(75.0, 166.0, 25.302079647235594)
(75.0, 167.0, 22.973217596495267)
(75.0, 168.0, 24.281350313083713)
(75.0, 169.0, 25.753336567825851)
(75.0, 170.0, 21.513973933107472)
(75.0, 171.0, 25.451045232390552)
(75.0, 172.0, 26.582314657906814)
(75.0, 173.0, 25.447474561913562)
(75.0, 174.0, 22.076387970815318)
(75.0, 175.0, 26.200721992431244)
(75.0, 176.0, 25.223145068096777)
(75.0, 177.0, 24.079036147317495)
(75.0, 178.0, 21.27942449085451)
(75.0, 179.0, 26.280134899514024)
(75.0, 180.0, 26.170837015361862)
(75.0, 181.0, 24.592616100654226)
(75.0, 182.0, 25.584059003721119)
(75.0, 183.0, 24.82003599265698)
(75.0, 184.0, 23.280495471993643)
(75.0, 185.0, 24.560400721145111)
(75.0, 186.0, 22.690909917837224)
(75.0, 187.0, 26.947523661878709)
(75.0, 188.0, 25.58762295931135)
(75.0, 189.0, 25.956918322202533)
(75.0, 190.0, 26.137241632571744)
(75.0, 191.0, 24.3857777049591)
(75.0, 192.0, 25.01621691124808)
(75.0, 193.0, 24.950579269886639)
(75.0, 194.0, 26.656077123887467)
(75.0, 195.0, 24.293943351329212)
(75.0, 196.0, 24.658870101978525)
(75.0, 197.0, 24.922572613609667)
(75.0, 198.0, 23.686962012754961)
(75.0, 199.0, 23.66123590101234)
(76.0, 0.0, 23.300862099658509)
(76.0, 1.0, 26.864323512748783)
(76.0, 2.0, 25.032098923211493)
(76.0, 3.0, 27.548157645037175)
(76.0, 4.0, 25.997250680968822)
(76.0, 5.0, 24.605825206887129)
(76.0, 6.0, 29.391517230571097)
(76.0, 7.0, 27.300185039933503)
(76.0, 8.0, 21.522416467213532)
(76.0, 9.0, 28.27154553490324)
(76.0, 10.0, 25.726452849301623)
(76.0, 11.0, 27.831363696684459)
(76.0, 12.0, 27.173078244103113)
(76.0, 13.0, 27.988856156593371)
(76.0, 14.0, 26.961015690577522)
(76.0, 15.0, 25.578002161138759)
(76.0, 16.0, 26.076203933121867)
(76.0, 17.0, 26.600218211799998)
(76.0, 18.0, 25.519757463010009)
(76.0, 19.0, 30.944364919133651)
(76.0, 20.0, 26.383556929457381)
(76.0, 21.0, 24.978694957760425)
(76.0, 22.0, 27.556121047976372)
(76.0, 23.0, 28.095435845471609)
(76.0, 24.0, 23.419409532897109)
(76.0, 25.0, 21.818785788083606)
(76.0, 26.0, 23.031123186734021)
(76.0, 27.0, 29.724022548338503)
(76.0, 28.0, 25.726771262784197)
(76.0, 29.0, 27.110238897516531)
(76.0, 30.0, 25.616165679355298)
(76.0, 31.0, 24.51256308336842)
(76.0, 32.0, 28.767232847495929)
(76.0, 33.0, 26.166978190308001)
(76.0, 34.0, 27.053512438305997)
(76.0, 35.0, 27.097059853704032)
(76.0, 36.0, 25.440169145364401)
(76.0, 37.0, 27.94398337418167)
(76.0, 38.0, 27.490248329218172)
(76.0, 39.0, 25.44579118307195)
(76.0, 40.0, 24.943976621634285)
(76.0, 41.0, 24.88695453618211)
(76.0, 42.0, 26.012611047940652)
(76.0, 43.0, 27.330884868972777)
(76.0, 44.0, 31.772091285549227)
(76.0, 45.0, 26.795913622023885)
(76.0, 46.0, 26.88879747438779)
(76.0, 47.0, 25.556156939447845)
(76.0, 48.0, 25.161620079382253)
(76.0, 49.0, 29.599659247176852)
(76.0, 50.0, 30.866119492668243)
(76.0, 51.0, 29.161156764641007)
(76.0, 52.0, 26.795069998478567)
(76.0, 53.0, 27.527281587404001)
(76.0, 54.0, 26.364256438611502)
(76.0, 55.0, 25.201892999417545)
(76.0, 56.0, 29.216067494340944)
(76.0, 57.0, 25.897091824610953)
(76.0, 58.0, 25.622794421586942)
(76.0, 59.0, 24.890378372164637)
(76.0, 60.0, 26.637283357404428)
(76.0, 61.0, 24.635515124718875)
(76.0, 62.0, 28.726512688354642)
(76.0, 63.0, 27.083382545563147)
(76.0, 64.0, 23.579670916465155)
(76.0, 65.0, 26.645368000339509)
(76.0, 66.0, 26.048285912466227)
(76.0, 67.0, 26.091754629881425)
(76.0, 68.0, 27.685265308428999)
(76.0, 69.0, 26.444350813708859)
(76.0, 70.0, 29.125213740506286)
(76.0, 71.0, 25.47286299437615)
(76.0, 72.0, 24.340576439571876)
(76.0, 73.0, 23.9658889513898)
(76.0, 74.0, 27.163034507188783)
(76.0, 75.0, 28.627179102404522)
(76.0, 76.0, 26.212369193181431)
(76.0, 77.0, 25.024334826663974)
(76.0, 78.0, 27.013019044739952)
(76.0, 79.0, 26.939240687346864)
(76.0, 80.0, 27.800571321798163)
(76.0, 81.0, 22.066075810952022)
(76.0, 82.0, 23.852343746200191)
(76.0, 83.0, 22.976886404994531)
(76.0, 84.0, 29.477615476389342)
(76.0, 85.0, 29.803110957814191)
(76.0, 86.0, 28.024011345121679)
(76.0, 87.0, 26.487235586370161)
(76.0, 88.0, 24.760530977590481)
(76.0, 89.0, 26.284041417841209)
(76.0, 90.0, 26.779888539002371)
(76.0, 91.0, 24.971214131176161)
(76.0, 92.0, 26.779649024061211)
(76.0, 93.0, 25.733976348763662)
(76.0, 94.0, 25.96102877492585)
(76.0, 95.0, 27.279568514935594)
(76.0, 96.0, 25.774485563983397)
(76.0, 97.0, 25.624029959297239)
(76.0, 98.0, 24.294838898848955)
(76.0, 99.0, 27.248870510234866)
(76.0, 100.0, 27.310900874502131)
(76.0, 101.0, 25.483669124224832)
(76.0, 102.0, 25.215823547306552)
(76.0, 103.0, 28.27345499935678)
(76.0, 104.0, 29.088756552757385)
(76.0, 105.0, 27.613219830608639)
(76.0, 106.0, 25.760933548250108)
(76.0, 107.0, 25.914951378649608)
(76.0, 108.0, 25.526592374626922)
(76.0, 109.0, 24.203028510950571)
(76.0, 110.0, 25.535494195604613)
(76.0, 111.0, 27.88787664281428)
(76.0, 112.0, 29.055699992343794)
(76.0, 113.0, 28.132753723923525)
(76.0, 114.0, 26.517698015669215)
(76.0, 115.0, 27.552364309954481)
(76.0, 116.0, 25.434110006005589)
(76.0, 117.0, 22.786939616984192)
(76.0, 118.0, 28.125946360284651)
(76.0, 119.0, 28.318238604437493)
(76.0, 120.0, 27.673009195684852)
(76.0, 121.0, 27.157696217787475)
(76.0, 122.0, 26.218859094815777)
(76.0, 123.0, 30.813705583519848)
(76.0, 124.0, 26.107128024048588)
(76.0, 125.0, 27.574133678331773)
(76.0, 126.0, 25.237207634301839)
(76.0, 127.0, 28.579441763196005)
(76.0, 128.0, 24.870077146269423)
(76.0, 129.0, 27.493526094561471)
(76.0, 130.0, 27.978200698426537)
(76.0, 131.0, 27.120212427181098)
(76.0, 132.0, 22.319989819700449)
(76.0, 133.0, 23.423495004455198)
(76.0, 134.0, 26.144665757231699)
(76.0, 135.0, 28.376126416748892)
(76.0, 136.0, 27.456370701164712)
(76.0, 137.0, 26.767724598849149)
(76.0, 138.0, 24.063364498301357)
(76.0, 139.0, 29.43331571471132)
(76.0, 140.0, 29.679668714322425)
(76.0, 141.0, 25.224131109360481)
(76.0, 142.0, 25.454875279307295)
(76.0, 143.0, 27.138281585522645)
(76.0, 144.0, 26.249363667635809)
(76.0, 145.0, 27.667118031709997)
(76.0, 146.0, 29.434074118360805)
(76.0, 147.0, 24.725296028218708)
(76.0, 148.0, 27.034498942341717)
(76.0, 149.0, 28.362888600695854)
(76.0, 150.0, 31.038289884117269)
(76.0, 151.0, 30.208367116900284)
(76.0, 152.0, 26.645190959656976)
(76.0, 153.0, 27.138627588759682)
(76.0, 154.0, 28.131851028901249)
(76.0, 155.0, 28.624421185897504)
(76.0, 156.0, 27.122214391449077)
(76.0, 157.0, 29.64144501234739)
(76.0, 158.0, 29.232449904953889)
(76.0, 159.0, 28.516346846627076)
(76.0, 160.0, 27.259377518251462)
(76.0, 161.0, 27.516487731229411)
(76.0, 162.0, 26.530158020256803)
(76.0, 163.0, 23.777424680124941)
(76.0, 164.0, 27.576126679462327)
(76.0, 165.0, 26.373247560246416)
(76.0, 166.0, 27.663780585888972)
(76.0, 167.0, 26.216959523805372)
(76.0, 168.0, 26.68549630720338)
(76.0, 169.0, 27.111313421990634)
(76.0, 170.0, 25.254702494805322)
(76.0, 171.0, 26.804262916704143)
(76.0, 172.0, 29.647670593958988)
(76.0, 173.0, 26.781238677900298)
(76.0, 174.0, 23.360909280375139)
(76.0, 175.0, 26.948243196232013)
(76.0, 176.0, 25.939334037149528)
(76.0, 177.0, 28.91148868890113)
(76.0, 178.0, 23.8169621972004)
(76.0, 179.0, 29.363605027754247)
(76.0, 180.0, 26.713651783302787)
(76.0, 181.0, 28.06161770933527)
(76.0, 182.0, 27.489820110229356)
(76.0, 183.0, 23.935932980090076)
(76.0, 184.0, 25.201378420864643)
(76.0, 185.0, 27.233150212338355)
(76.0, 186.0, 26.471175982364471)
(76.0, 187.0, 27.066082226266886)
(76.0, 188.0, 26.298739533975844)
(76.0, 189.0, 29.916488046041259)
(76.0, 190.0, 29.490697390773619)
(76.0, 191.0, 27.311222948572592)
(76.0, 192.0, 26.660377540706815)
(76.0, 193.0, 28.520853630422703)
(76.0, 194.0, 27.174914135794481)
(76.0, 195.0, 26.377347890519289)
(76.0, 196.0, 26.316334055131968)
(76.0, 197.0, 27.686521382959327)
(76.0, 198.0, 25.274280396904874)
(76.0, 199.0, 27.647877382285518)
(77.0, 0.0, 20.704737559234324)
(77.0, 1.0, 23.28920769775813)
(77.0, 2.0, 22.781645296889408)
(77.0, 3.0, 24.392286806889285)
(77.0, 4.0, 20.874124449359378)
(77.0, 5.0, 24.223660284428934)
(77.0, 6.0, 26.019012146485373)
(77.0, 7.0, 24.273214276975605)
(77.0, 8.0, 20.743957454106894)
(77.0, 9.0, 25.762039535866339)
(77.0, 10.0, 23.054755686101895)
(77.0, 11.0, 24.438110764417907)
(77.0, 12.0, 25.600430480834977)
(77.0, 13.0, 22.996086810206503)
(77.0, 14.0, 26.372936728110531)
(77.0, 15.0, 22.490168504654179)
(77.0, 16.0, 22.170579580862984)
(77.0, 17.0, 23.284764880462394)
(77.0, 18.0, 23.678433284829353)
(77.0, 19.0, 27.181298733259226)
(77.0, 20.0, 25.678205459600139)
(77.0, 21.0, 23.208879356596924)
(77.0, 22.0, 25.424678467071839)
(77.0, 23.0, 27.310083393110535)
(77.0, 24.0, 19.914131867141613)
(77.0, 25.0, 21.203316723244935)
(77.0, 26.0, 23.533090523805601)
(77.0, 27.0, 26.963770258231285)
(77.0, 28.0, 24.692365126968919)
(77.0, 29.0, 25.15893384718651)
(77.0, 30.0, 25.029557140718808)
(77.0, 31.0, 22.25491447072217)
(77.0, 32.0, 24.208174786535253)
(77.0, 33.0, 24.960355425930462)
(77.0, 34.0, 24.836195211326043)
(77.0, 35.0, 26.836017049373535)
(77.0, 36.0, 21.532930803795345)
(77.0, 37.0, 26.073569560615596)
(77.0, 38.0, 25.468905655287713)
(77.0, 39.0, 20.835210172682963)
(77.0, 40.0, 22.938575716632986)
(77.0, 41.0, 23.458132433019593)
(77.0, 42.0, 23.853241952737374)
(77.0, 43.0, 24.958560179338498)
(77.0, 44.0, 28.838968287867676)
(77.0, 45.0, 25.000557719947025)
(77.0, 46.0, 24.537581901529666)
(77.0, 47.0, 23.902695394504306)
(77.0, 48.0, 22.050400358522602)
(77.0, 49.0, 27.645327860737247)
(77.0, 50.0, 25.156822520285203)
(77.0, 51.0, 26.719914931885047)
(77.0, 52.0, 25.514695756309301)
(77.0, 53.0, 24.333898882148592)
(77.0, 54.0, 23.001669370059489)
(77.0, 55.0, 23.408738064304124)
(77.0, 56.0, 26.390523075958686)
(77.0, 57.0, 23.208290102856967)
(77.0, 58.0, 21.299992334284212)
(77.0, 59.0, 22.847119451297687)
(77.0, 60.0, 24.952237227955973)
(77.0, 61.0, 22.559821039020882)
(77.0, 62.0, 24.696595431184036)
(77.0, 63.0, 22.467855457254636)
(77.0, 64.0, 23.117047071840815)
(77.0, 65.0, 23.121785807486958)
(77.0, 66.0, 25.462038804234162)
(77.0, 67.0, 22.611181486922252)
(77.0, 68.0, 25.813429272431165)
(77.0, 69.0, 23.69155661783622)
(77.0, 70.0, 25.602326000443696)
(77.0, 71.0, 23.908984052131625)
(77.0, 72.0, 21.593327444538996)
(77.0, 73.0, 22.190066537921801)
(77.0, 74.0, 24.621226438480576)
(77.0, 75.0, 24.950298944535287)
(77.0, 76.0, 23.97963638832886)
(77.0, 77.0, 21.160558445764181)
(77.0, 78.0, 23.519720686246217)
(77.0, 79.0, 24.546128163281573)
(77.0, 80.0, 25.561853290429845)
(77.0, 81.0, 21.562413726546307)
(77.0, 82.0, 21.871577940437664)
(77.0, 83.0, 22.944722216028822)
(77.0, 84.0, 24.952784679938354)
(77.0, 85.0, 25.242995062994932)
(77.0, 86.0, 25.40951678945067)
(77.0, 87.0, 21.56291439715897)
(77.0, 88.0, 21.828989300390489)
(77.0, 89.0, 23.765184440001711)
(77.0, 90.0, 23.45591464836145)
(77.0, 91.0, 23.674187718283175)
(77.0, 92.0, 23.169382633518968)
(77.0, 93.0, 23.671216564596904)
(77.0, 94.0, 24.373843115124288)
(77.0, 95.0, 23.242559362947578)
(77.0, 96.0, 22.336977538062992)
(77.0, 97.0, 25.972343311675427)
(77.0, 98.0, 24.271725223876821)
(77.0, 99.0, 24.190498609343809)
(77.0, 100.0, 24.855834713836195)
(77.0, 101.0, 22.398404644316805)
(77.0, 102.0, 23.500704130439214)
(77.0, 103.0, 25.705222749333039)
(77.0, 104.0, 26.258171840753668)
(77.0, 105.0, 25.661589553534395)
(77.0, 106.0, 23.269444736508405)
(77.0, 107.0, 23.515560138447729)
(77.0, 108.0, 23.992509222314631)
(77.0, 109.0, 23.615750529667228)
(77.0, 110.0, 22.787558455167385)
(77.0, 111.0, 26.074695306845282)
(77.0, 112.0, 25.935077996077254)
(77.0, 113.0, 25.00527350912034)
(77.0, 114.0, 23.878366406636751)
(77.0, 115.0, 21.409936211105975)
(77.0, 116.0, 22.669665070066952)
(77.0, 117.0, 20.754340603982321)
(77.0, 118.0, 24.605778942736208)
(77.0, 119.0, 25.149030533585282)
(77.0, 120.0, 24.258559307114936)
(77.0, 121.0, 24.656665713923942)
(77.0, 122.0, 22.178509521531979)
(77.0, 123.0, 27.226022772081222)
(77.0, 124.0, 25.304072240790056)
(77.0, 125.0, 26.666597814926359)
(77.0, 126.0, 23.670428292870618)
(77.0, 127.0, 24.688685954115062)
(77.0, 128.0, 24.239399199468227)
(77.0, 129.0, 24.339937658109271)
(77.0, 130.0, 25.028267051647308)
(77.0, 131.0, 23.796862627402881)
(77.0, 132.0, 20.044298713053312)
(77.0, 133.0, 21.153065663797623)
(77.0, 134.0, 25.439206850940288)
(77.0, 135.0, 23.267683780496164)
(77.0, 136.0, 24.143219787215394)
(77.0, 137.0, 23.290940190260784)
(77.0, 138.0, 22.028415048912318)
(77.0, 139.0, 26.841501931107242)
(77.0, 140.0, 27.972929534017869)
(77.0, 141.0, 24.293492816867637)
(77.0, 142.0, 22.520078980674917)
(77.0, 143.0, 25.68728663008207)
(77.0, 144.0, 22.716288822227263)
(77.0, 145.0, 24.53466873155379)
(77.0, 146.0, 27.533797548549721)
(77.0, 147.0, 23.243256942322454)
(77.0, 148.0, 24.6684453433536)
(77.0, 149.0, 23.825605659100361)
(77.0, 150.0, 27.395538944792317)
(77.0, 151.0, 27.634853535445991)
(77.0, 152.0, 23.650826677372162)
(77.0, 153.0, 27.108994972277635)
(77.0, 154.0, 25.313478764235192)
(77.0, 155.0, 25.023074872873682)
(77.0, 156.0, 25.763193702815261)
(77.0, 157.0, 27.43655643301777)
(77.0, 158.0, 26.009866092788776)
(77.0, 159.0, 25.889491518274415)
(77.0, 160.0, 23.787462831843634)
(77.0, 161.0, 25.011513306989308)
(77.0, 162.0, 24.093890097848423)
(77.0, 163.0, 21.661102603420126)
(77.0, 164.0, 23.085517036991956)
(77.0, 165.0, 25.405628722335468)
(77.0, 166.0, 25.913711361507318)
(77.0, 167.0, 22.821420760645722)
(77.0, 168.0, 23.887298083057434)
(77.0, 169.0, 24.088804138301619)
(77.0, 170.0, 24.354368646457793)
(77.0, 171.0, 26.485329797079082)
(77.0, 172.0, 26.604833464447392)
(77.0, 173.0, 23.438714985407302)
(77.0, 174.0, 21.778877872684092)
(77.0, 175.0, 24.947972135017633)
(77.0, 176.0, 23.511432128751231)
(77.0, 177.0, 26.650432673779271)
(77.0, 178.0, 23.181367696507987)
(77.0, 179.0, 25.041937624252579)
(77.0, 180.0, 25.191809701905807)
(77.0, 181.0, 26.191661682675406)
(77.0, 182.0, 23.604961232899804)
(77.0, 183.0, 22.041289616644715)
(77.0, 184.0, 22.231024997470715)
(77.0, 185.0, 24.371147774958235)
(77.0, 186.0, 23.960116784086459)
(77.0, 187.0, 25.795665307137504)
(77.0, 188.0, 24.168858337432621)
(77.0, 189.0, 25.962060941808218)
(77.0, 190.0, 25.735010491577331)
(77.0, 191.0, 22.424651888788553)
(77.0, 192.0, 24.030183429806979)
(77.0, 193.0, 25.193401209513937)
(77.0, 194.0, 24.427693147625913)
(77.0, 195.0, 25.167698570289737)
(77.0, 196.0, 22.584356493560293)
(77.0, 197.0, 25.734428609465002)
(77.0, 198.0, 23.309216264547299)
(77.0, 199.0, 24.229517931560487)
(78.0, 0.0, 20.544887648620676)
(78.0, 1.0, 25.483783513737428)
(78.0, 2.0, 23.398935627968147)
(78.0, 3.0, 25.908644176859038)
(78.0, 4.0, 23.370811129831893)
(78.0, 5.0, 25.505600645711347)
(78.0, 6.0, 28.318484933351318)
(78.0, 7.0, 26.409241917804906)
(78.0, 8.0, 24.025415135328174)
(78.0, 9.0, 24.731508012706726)
(78.0, 10.0, 23.748826200800053)
(78.0, 11.0, 26.147484578677503)
(78.0, 12.0, 25.868853902793127)
(78.0, 13.0, 25.918685767748091)
(78.0, 14.0, 25.245597993026706)
(78.0, 15.0, 21.841372948725354)
(78.0, 16.0, 23.25252264802176)
(78.0, 17.0, 25.8942375110454)
(78.0, 18.0, 25.89048495365736)
(78.0, 19.0, 30.268282324365764)
(78.0, 20.0, 27.988271374096268)
(78.0, 21.0, 24.398100153525487)
(78.0, 22.0, 26.486723197281492)
(78.0, 23.0, 26.592655749302743)
(78.0, 24.0, 20.740030376386194)
(78.0, 25.0, 20.864676412059151)
(78.0, 26.0, 21.667131779040261)
(78.0, 27.0, 29.147428904007413)
(78.0, 28.0, 24.55887738963245)
(78.0, 29.0, 25.840407382741677)
(78.0, 30.0, 24.504786279032103)
(78.0, 31.0, 22.981266195616445)
(78.0, 32.0, 26.013998761685453)
(78.0, 33.0, 26.846576970566296)
(78.0, 34.0, 28.268572384176508)
(78.0, 35.0, 26.172671625686718)
(78.0, 36.0, 23.554490225088269)
(78.0, 37.0, 27.604049099931622)
(78.0, 38.0, 26.650959038155307)
(78.0, 39.0, 23.244686426534624)
(78.0, 40.0, 24.716160708024532)
(78.0, 41.0, 25.179634908650584)
(78.0, 42.0, 23.920600618000371)
(78.0, 43.0, 27.32016591068864)
(78.0, 44.0, 27.257701205071609)
(78.0, 45.0, 27.133522395423082)
(78.0, 46.0, 24.703177981836511)
(78.0, 47.0, 24.775949374316337)
(78.0, 48.0, 22.876773063309024)
(78.0, 49.0, 27.155638816989907)
(78.0, 50.0, 27.988257064194904)
(78.0, 51.0, 26.157731642524471)
(78.0, 52.0, 26.117857786332614)
(78.0, 53.0, 25.006368894393795)
(78.0, 54.0, 23.718808994900435)
(78.0, 55.0, 21.986492574556863)
(78.0, 56.0, 28.279342869562996)
(78.0, 57.0, 25.901681991734264)
(78.0, 58.0, 24.854733327110353)
(78.0, 59.0, 24.820669390959484)
(78.0, 60.0, 25.649241205099901)
(78.0, 61.0, 22.290841625636375)
(78.0, 62.0, 26.691814298200349)
(78.0, 63.0, 26.383761084979284)
(78.0, 64.0, 22.975427304972619)
(78.0, 65.0, 24.717146338832126)
(78.0, 66.0, 27.598092263672303)
(78.0, 67.0, 24.184414515832447)
(78.0, 68.0, 26.999404880597339)
(78.0, 69.0, 24.801084845665429)
(78.0, 70.0, 28.273217435084483)
(78.0, 71.0, 24.504328406617013)
(78.0, 72.0, 21.842634455907575)
(78.0, 73.0, 22.884605724608829)
(78.0, 74.0, 25.694770058160415)
(78.0, 75.0, 26.780313283782842)
(78.0, 76.0, 25.882434067749234)
(78.0, 77.0, 23.770593357639797)
(78.0, 78.0, 25.169129960297916)
(78.0, 79.0, 23.370725828146806)
(78.0, 80.0, 27.18659400982742)
(78.0, 81.0, 22.091439760859782)
(78.0, 82.0, 22.764851695074437)
(78.0, 83.0, 24.616665047577136)
(78.0, 84.0, 25.57221935232814)
(78.0, 85.0, 26.398355470953035)
(78.0, 86.0, 26.5708874020854)
(78.0, 87.0, 24.397067513155058)
(78.0, 88.0, 24.061464266354609)
(78.0, 89.0, 25.158816658857848)
(78.0, 90.0, 24.535709293939469)
(78.0, 91.0, 24.47255663322418)
(78.0, 92.0, 23.771496782064496)
(78.0, 93.0, 25.717940837554497)
(78.0, 94.0, 26.210491281105938)
(78.0, 95.0, 24.393363779371612)
(78.0, 96.0, 23.203229196013368)
(78.0, 97.0, 24.266663613016441)
(78.0, 98.0, 24.371052577082224)
(78.0, 99.0, 24.819876005907293)
(78.0, 100.0, 25.739018697766809)
(78.0, 101.0, 24.174417920970829)
(78.0, 102.0, 23.840278197487272)
(78.0, 103.0, 26.688470052961208)
(78.0, 104.0, 28.740093354668478)
(78.0, 105.0, 25.463417882432818)
(78.0, 106.0, 24.524903499752654)
(78.0, 107.0, 22.171632685479636)
(78.0, 108.0, 26.564633467428237)
(78.0, 109.0, 24.713086800928856)
(78.0, 110.0, 23.657509370304609)
(78.0, 111.0, 26.780766420287897)
(78.0, 112.0, 28.838681838914425)
(78.0, 113.0, 25.968560792164826)
(78.0, 114.0, 24.288480385545974)
(78.0, 115.0, 26.022772841875849)
(78.0, 116.0, 22.897561473993569)
(78.0, 117.0, 22.906174349541754)
(78.0, 118.0, 25.393658210165075)
(78.0, 119.0, 26.932043629326611)
(78.0, 120.0, 26.1094075554997)
(78.0, 121.0, 26.517033308188534)
(78.0, 122.0, 23.06902691121849)
(78.0, 123.0, 29.948541417190977)
(78.0, 124.0, 25.141826027739299)
(78.0, 125.0, 27.381680803925697)
(78.0, 126.0, 23.84684470839575)
(78.0, 127.0, 25.858466835078676)
(78.0, 128.0, 22.318361939541575)
(78.0, 129.0, 26.433994242806708)
(78.0, 130.0, 26.910914465783073)
(78.0, 131.0, 24.785983381133157)
(78.0, 132.0, 20.50602580472917)
(78.0, 133.0, 22.332968209806339)
(78.0, 134.0, 25.332996793133333)
(78.0, 135.0, 24.107628193405773)
(78.0, 136.0, 25.057360935194414)
(78.0, 137.0, 25.697762413981341)
(78.0, 138.0, 22.266812133494675)
(78.0, 139.0, 27.428541825729489)
(78.0, 140.0, 28.932119426322718)
(78.0, 141.0, 24.947402894370327)
(78.0, 142.0, 25.81234139479502)
(78.0, 143.0, 26.413052609625268)
(78.0, 144.0, 23.893545640959317)
(78.0, 145.0, 25.5992212270951)
(78.0, 146.0, 28.294591980477151)
(78.0, 147.0, 25.029561931972285)
(78.0, 148.0, 24.570111681522)
(78.0, 149.0, 25.504217842060569)
(78.0, 150.0, 26.817542996058137)
(78.0, 151.0, 29.480928138566355)
(78.0, 152.0, 24.69951468298386)
(78.0, 153.0, 26.319444462728207)
(78.0, 154.0, 26.359779005626706)
(78.0, 155.0, 26.159953446557619)
(78.0, 156.0, 25.678884979187877)
(78.0, 157.0, 28.168010472573947)
(78.0, 158.0, 27.018685529037171)
(78.0, 159.0, 27.150008545517103)
(78.0, 160.0, 25.162744244394521)
(78.0, 161.0, 25.427705138032646)
(78.0, 162.0, 27.09896284574226)
(78.0, 163.0, 22.501170941787127)
(78.0, 164.0, 26.956591893448788)
(78.0, 165.0, 26.084232853587263)
(78.0, 166.0, 27.648154552062042)
(78.0, 167.0, 24.240473012027365)
(78.0, 168.0, 26.317801880483405)
(78.0, 169.0, 24.931699176776878)
(78.0, 170.0, 22.564614278473183)
(78.0, 171.0, 26.34267583821768)
(78.0, 172.0, 28.552938624889162)
(78.0, 173.0, 25.487332922222233)
(78.0, 174.0, 23.110933427307256)
(78.0, 175.0, 26.258322927046862)
(78.0, 176.0, 26.703967079564539)
(78.0, 177.0, 27.139418885262021)
(78.0, 178.0, 24.752389697071354)
(78.0, 179.0, 27.255155643511848)
(78.0, 180.0, 26.568713713388593)
(78.0, 181.0, 24.67795342613789)
(78.0, 182.0, 25.451074606033213)
(78.0, 183.0, 24.238639166610263)
(78.0, 184.0, 24.307915251686978)
(78.0, 185.0, 27.410457824062661)
(78.0, 186.0, 25.231294735931186)
(78.0, 187.0, 27.940031217548846)
(78.0, 188.0, 24.971238747019189)
(78.0, 189.0, 27.318890455750637)
(78.0, 190.0, 26.735917132660916)
(78.0, 191.0, 25.181480038572118)
(78.0, 192.0, 25.231134769394256)
(78.0, 193.0, 25.358465662624646)
(78.0, 194.0, 28.423838228374514)
(78.0, 195.0, 26.38171944437833)
(78.0, 196.0, 26.078010770404035)
(78.0, 197.0, 27.862412181882242)
(78.0, 198.0, 24.655439562965206)
(78.0, 199.0, 25.130929495513538)
(79.0, 0.0, 20.955959423042689)
(79.0, 1.0, 26.933330112461867)
(79.0, 2.0, 22.428448189894993)
(79.0, 3.0, 27.712022573947198)
(79.0, 4.0, 22.333607155163214)
(79.0, 5.0, 26.552166654158388)
(79.0, 6.0, 28.326282908374107)
(79.0, 7.0, 26.853230845302683)
(79.0, 8.0, 22.812308587457448)
(79.0, 9.0, 27.269264864026752)
(79.0, 10.0, 24.265716947483437)
(79.0, 11.0, 26.733072970213492)
(79.0, 12.0, 24.468954434268014)
(79.0, 13.0, 27.391733564434748)
(79.0, 14.0, 28.040507231767286)
(79.0, 15.0, 21.987315632543435)
(79.0, 16.0, 24.703154590954163)
(79.0, 17.0, 26.957716277353008)
(79.0, 18.0, 27.024212627937715)
(79.0, 19.0, 29.96048922638273)
(79.0, 20.0, 26.695672198628316)
(79.0, 21.0, 24.276979201400728)
(79.0, 22.0, 26.146101408164647)
(79.0, 23.0, 27.193274283815068)
(79.0, 24.0, 22.05829006620732)
(79.0, 25.0, 21.091948139605634)
(79.0, 26.0, 24.789390040504621)
(79.0, 27.0, 28.273595204154805)
(79.0, 28.0, 25.586657797844882)
(79.0, 29.0, 25.652284514204538)
(79.0, 30.0, 25.793360432701533)
(79.0, 31.0, 23.638095141710849)
(79.0, 32.0, 25.46990745979106)
(79.0, 33.0, 25.876209941791984)
(79.0, 34.0, 27.669636024353089)
(79.0, 35.0, 27.330824938896832)
(79.0, 36.0, 23.374594794718742)
(79.0, 37.0, 27.603647789701768)
(79.0, 38.0, 27.658194843259864)
(79.0, 39.0, 23.06472753285173)
(79.0, 40.0, 24.516738459729954)
(79.0, 41.0, 25.920164161650323)
(79.0, 42.0, 25.2848125068858)
(79.0, 43.0, 26.945270132120655)
(79.0, 44.0, 28.386220552040193)
(79.0, 45.0, 28.255690216682975)
(79.0, 46.0, 26.578556443162292)
(79.0, 47.0, 25.221566493850297)
(79.0, 48.0, 23.399513062824145)
(79.0, 49.0, 28.58207752455731)
(79.0, 50.0, 27.229017412255146)
(79.0, 51.0, 27.40845272093965)
(79.0, 52.0, 26.221968943260066)
(79.0, 53.0, 25.387933157683161)
(79.0, 54.0, 25.525484208400229)
(79.0, 55.0, 23.743723700955616)
(79.0, 56.0, 26.251411208628753)
(79.0, 57.0, 26.624183574277012)
(79.0, 58.0, 24.684404043891114)
(79.0, 59.0, 23.951005799002274)
(79.0, 60.0, 26.250209147465057)
(79.0, 61.0, 23.549777804482481)
(79.0, 62.0, 24.517741433989269)
(79.0, 63.0, 26.264198061429923)
(79.0, 64.0, 23.611682358743067)
(79.0, 65.0, 25.413089306695998)
(79.0, 66.0, 27.85630489063692)
(79.0, 67.0, 25.617394378038732)
(79.0, 68.0, 28.021609239287045)
(79.0, 69.0, 25.481003196770825)
(79.0, 70.0, 28.714884515127522)
(79.0, 71.0, 25.204171489386511)
(79.0, 72.0, 25.043206615489208)
(79.0, 73.0, 22.722986902947927)
(79.0, 74.0, 26.796881317868262)
(79.0, 75.0, 26.658191775868495)
(79.0, 76.0, 25.438493943551272)
(79.0, 77.0, 24.162101164178424)
(79.0, 78.0, 24.312318162094044)
(79.0, 79.0, 24.644572274055822)
(79.0, 80.0, 28.192020864846288)
(79.0, 81.0, 22.37044461341948)
(79.0, 82.0, 22.592615090889311)
(79.0, 83.0, 25.233049918318528)
(79.0, 84.0, 28.410456368156431)
(79.0, 85.0, 28.041912476133884)
(79.0, 86.0, 28.353165293593747)
(79.0, 87.0, 26.437499963254929)
(79.0, 88.0, 25.969475584574433)
(79.0, 89.0, 28.397216083098336)
(79.0, 90.0, 24.682519482993776)
(79.0, 91.0, 24.894686219398174)
(79.0, 92.0, 24.414361892350691)
(79.0, 93.0, 28.026291714812732)
(79.0, 94.0, 27.475250383976803)
(79.0, 95.0, 27.47189199324524)
(79.0, 96.0, 23.669289312612356)
(79.0, 97.0, 26.649107551278615)
(79.0, 98.0, 24.734803752739801)
(79.0, 99.0, 25.45312968268329)
(79.0, 100.0, 26.785899296566164)
(79.0, 101.0, 25.248959732304201)
(79.0, 102.0, 25.19377413650512)
(79.0, 103.0, 28.31769942658676)
(79.0, 104.0, 29.039127816446001)
(79.0, 105.0, 25.146959873357389)
(79.0, 106.0, 25.601375838086746)
(79.0, 107.0, 23.595274006604821)
(79.0, 108.0, 26.930719042112564)
(79.0, 109.0, 25.677790452427242)
(79.0, 110.0, 26.029072355652588)
(79.0, 111.0, 26.582787755377137)
(79.0, 112.0, 28.272772968621361)
(79.0, 113.0, 27.816831974797768)
(79.0, 114.0, 27.877141885602015)
(79.0, 115.0, 26.142969122060268)
(79.0, 116.0, 24.739346049201842)
(79.0, 117.0, 22.18545239482004)
(79.0, 118.0, 28.603909696184033)
(79.0, 119.0, 26.318554014762245)
(79.0, 120.0, 27.425256016206525)
(79.0, 121.0, 27.05319919051848)
(79.0, 122.0, 25.915989284533172)
(79.0, 123.0, 28.180452324591357)
(79.0, 124.0, 26.499204928713926)
(79.0, 125.0, 27.560990159651059)
(79.0, 126.0, 25.117101992369559)
(79.0, 127.0, 27.340770848210564)
(79.0, 128.0, 24.259607924225584)
(79.0, 129.0, 27.68049861154817)
(79.0, 130.0, 26.884970760209583)
(79.0, 131.0, 26.136425894434012)
(79.0, 132.0, 21.639871797992459)
(79.0, 133.0, 22.883384386307885)
(79.0, 134.0, 26.280500880069596)
(79.0, 135.0, 24.722563044767838)
(79.0, 136.0, 26.991942271207527)
(79.0, 137.0, 26.635258676868851)
(79.0, 138.0, 22.196914955703789)
(79.0, 139.0, 29.112243159323253)
(79.0, 140.0, 29.501251870877393)
(79.0, 141.0, 25.377466846654407)
(79.0, 142.0, 25.089972054739981)
(79.0, 143.0, 27.278772243597782)
(79.0, 144.0, 26.036607494899634)
(79.0, 145.0, 25.85667696065331)
(79.0, 146.0, 28.116971697426418)
(79.0, 147.0, 25.131852513659183)
(79.0, 148.0, 24.410707455312085)
(79.0, 149.0, 27.011686187579485)
(79.0, 150.0, 28.973735923098012)
(79.0, 151.0, 31.17193236298581)
(79.0, 152.0, 25.141462476407131)
(79.0, 153.0, 26.913465248070036)
(79.0, 154.0, 26.337638944879846)
(79.0, 155.0, 28.241078053356983)
(79.0, 156.0, 26.569097386486089)
(79.0, 157.0, 28.313312287035664)
(79.0, 158.0, 27.830337415415343)
(79.0, 159.0, 27.554656844434501)
(79.0, 160.0, 24.508371791166319)
(79.0, 161.0, 26.502642628813756)
(79.0, 162.0, 26.948164148773799)
(79.0, 163.0, 25.118918099231482)
(79.0, 164.0, 26.824881170843984)
(79.0, 165.0, 26.040755324308751)
(79.0, 166.0, 27.845501303739773)
(79.0, 167.0, 25.926914158497517)
(79.0, 168.0, 26.19103717859258)
(79.0, 169.0, 25.71001251274857)
(79.0, 170.0, 24.686400431578292)
(79.0, 171.0, 28.275934578772599)
(79.0, 172.0, 27.031644411506029)
(79.0, 173.0, 26.913540167068124)
(79.0, 174.0, 22.815122357808157)
(79.0, 175.0, 28.369846817321573)
(79.0, 176.0, 27.225137558870077)
(79.0, 177.0, 28.63817165541645)
(79.0, 178.0, 25.153657573004864)
(79.0, 179.0, 26.741369171299972)
(79.0, 180.0, 26.234195127275353)
(79.0, 181.0, 28.464655818998018)
(79.0, 182.0, 26.013907862603126)
(79.0, 183.0, 25.872110242751514)
(79.0, 184.0, 22.737386097311568)
(79.0, 185.0, 26.016150478140609)
(79.0, 186.0, 25.413880279194899)
(79.0, 187.0, 28.000910594532417)
(79.0, 188.0, 26.302876030703644)
(79.0, 189.0, 28.600759517935945)
(79.0, 190.0, 27.325250331663511)
(79.0, 191.0, 25.612230922799384)
(79.0, 192.0, 27.308964135716483)
(79.0, 193.0, 26.291502205438857)
(79.0, 194.0, 27.788342904478043)
(79.0, 195.0, 26.531801688890543)
(79.0, 196.0, 25.683351642344611)
(79.0, 197.0, 27.463955650272997)
(79.0, 198.0, 24.654087703049289)
(79.0, 199.0, 25.420647755269091)
(80.0, 0.0, 20.830162630423619)
(80.0, 1.0, 24.351095554309087)
(80.0, 2.0, 23.558799209128175)
(80.0, 3.0, 26.259387918868221)
(80.0, 4.0, 22.324458257716795)
(80.0, 5.0, 25.91932777521362)
(80.0, 6.0, 27.296658402299752)
(80.0, 7.0, 25.877207618253848)
(80.0, 8.0, 22.090881467167833)
(80.0, 9.0, 25.576009955895998)
(80.0, 10.0, 24.230125437903801)
(80.0, 11.0, 25.600994390963656)
(80.0, 12.0, 24.368361335344698)
(80.0, 13.0, 28.402726205285038)
(80.0, 14.0, 25.44947751678783)
(80.0, 15.0, 22.92267149125593)
(80.0, 16.0, 22.868737155629816)
(80.0, 17.0, 26.062686494829379)
(80.0, 18.0, 25.468186915938581)
(80.0, 19.0, 28.118641719657916)
(80.0, 20.0, 24.927741159582858)
(80.0, 21.0, 24.249441600950615)
(80.0, 22.0, 25.40045230069946)
(80.0, 23.0, 25.822357123195207)
(80.0, 24.0, 20.80004712850717)
(80.0, 25.0, 21.105075009088445)
(80.0, 26.0, 22.568124439518265)
(80.0, 27.0, 28.332016630220195)
(80.0, 28.0, 23.941959080253955)
(80.0, 29.0, 24.522800541814242)
(80.0, 30.0, 23.740974311778281)
(80.0, 31.0, 23.696096225926794)
(80.0, 32.0, 25.276866216385883)
(80.0, 33.0, 24.725942799289456)
(80.0, 34.0, 25.111843875244151)
(80.0, 35.0, 26.072059979309017)
(80.0, 36.0, 23.099351838961038)
(80.0, 37.0, 24.923528442422683)
(80.0, 38.0, 25.948568974604132)
(80.0, 39.0, 23.223578628172056)
(80.0, 40.0, 23.561162920740944)
(80.0, 41.0, 25.216032209209473)
(80.0, 42.0, 23.889123517874971)
(80.0, 43.0, 25.062752826508291)
(80.0, 44.0, 28.193592770848188)
(80.0, 45.0, 28.084870737317736)
(80.0, 46.0, 25.561229664826232)
(80.0, 47.0, 23.773669572684113)
(80.0, 48.0, 23.428707089927382)
(80.0, 49.0, 28.136822917152038)
(80.0, 50.0, 26.456973507469076)
(80.0, 51.0, 26.676880653612081)
(80.0, 52.0, 27.580021996066552)
(80.0, 53.0, 25.108736028186634)
(80.0, 54.0, 23.935792764662601)
(80.0, 55.0, 23.495269539670936)
(80.0, 56.0, 26.835762202131018)
(80.0, 57.0, 25.386932497967855)
(80.0, 58.0, 25.159294818788538)
(80.0, 59.0, 24.009289523986673)
(80.0, 60.0, 27.192570999224301)
(80.0, 61.0, 23.508429589595384)
(80.0, 62.0, 24.438382517716569)
(80.0, 63.0, 24.06517724120485)
(80.0, 64.0, 22.803442661629273)
(80.0, 65.0, 24.920826562869252)
(80.0, 66.0, 25.000286338486244)
(80.0, 67.0, 24.152807787198753)
(80.0, 68.0, 27.059358543130937)
(80.0, 69.0, 24.597917125353746)
(80.0, 70.0, 27.249557888338607)
(80.0, 71.0, 24.913648769808596)
(80.0, 72.0, 24.825813974512439)
(80.0, 73.0, 21.128345040678845)
(80.0, 74.0, 24.54325147102842)
(80.0, 75.0, 25.364469587304637)
(80.0, 76.0, 24.738541465015079)
(80.0, 77.0, 23.196532255184746)
(80.0, 78.0, 25.456613006326442)
(80.0, 79.0, 25.238694855720659)
(80.0, 80.0, 27.063991155556103)
(80.0, 81.0, 21.832748956556266)
(80.0, 82.0, 22.060874719500198)
(80.0, 83.0, 23.124852281467206)
(80.0, 84.0, 27.932266122109315)
(80.0, 85.0, 26.030109655492577)
(80.0, 86.0, 26.895270417457823)
(80.0, 87.0, 24.135567261222899)
(80.0, 88.0, 24.734511321482703)
(80.0, 89.0, 27.037667789504003)
(80.0, 90.0, 25.465964063142785)
(80.0, 91.0, 22.483627749732282)
(80.0, 92.0, 23.623790403297857)
(80.0, 93.0, 26.006384991392803)
(80.0, 94.0, 26.417982065914135)
(80.0, 95.0, 24.638741085585931)
(80.0, 96.0, 22.16334137966868)
(80.0, 97.0, 25.317328025225304)
(80.0, 98.0, 23.746898788401911)
(80.0, 99.0, 25.566694393601896)
(80.0, 100.0, 26.555853968995869)
(80.0, 101.0, 22.7470293496126)
(80.0, 102.0, 24.071086259969512)
(80.0, 103.0, 25.440943364294512)
(80.0, 104.0, 26.976297787524331)
(80.0, 105.0, 23.731125465910221)
(80.0, 106.0, 23.511185385631794)
(80.0, 107.0, 24.375726369566245)
(80.0, 108.0, 24.963648617663992)
(80.0, 109.0, 23.905384411733067)
(80.0, 110.0, 24.522736285530179)
(80.0, 111.0, 26.387301238413322)
(80.0, 112.0, 28.171344596512569)
(80.0, 113.0, 25.260928239198165)
(80.0, 114.0, 27.021990681369903)
(80.0, 115.0, 25.360962355217843)
(80.0, 116.0, 23.370500061660348)
(80.0, 117.0, 21.858158214531439)
(80.0, 118.0, 24.588561524730508)
(80.0, 119.0, 25.790053062461013)
(80.0, 120.0, 26.238932707163094)
(80.0, 121.0, 28.113413463226482)
(80.0, 122.0, 25.190631466317882)
(80.0, 123.0, 27.332305770501815)
(80.0, 124.0, 25.981923698577862)
(80.0, 125.0, 26.002389986659242)
(80.0, 126.0, 24.862956269522478)
(80.0, 127.0, 24.182029823278697)
(80.0, 128.0, 22.067972922550901)
(80.0, 129.0, 26.529279266059685)
(80.0, 130.0, 26.805096235737771)
(80.0, 131.0, 26.52179859341156)
(80.0, 132.0, 20.024770961226391)
(80.0, 133.0, 23.307854118963292)
(80.0, 134.0, 26.831651660704804)
(80.0, 135.0, 25.910726583661528)
(80.0, 136.0, 24.538000681268567)
(80.0, 137.0, 25.900854377068146)
(80.0, 138.0, 22.473235719555415)
(80.0, 139.0, 26.481095641115836)
(80.0, 140.0, 27.194178245218264)
(80.0, 141.0, 25.364281560658263)
(80.0, 142.0, 24.209228752398317)
(80.0, 143.0, 25.868784910537837)
(80.0, 144.0, 24.531890395753145)
(80.0, 145.0, 25.395686472608091)
(80.0, 146.0, 26.966180299129963)
(80.0, 147.0, 22.418765631282547)
(80.0, 148.0, 24.914749024466659)
(80.0, 149.0, 25.853667646373228)
(80.0, 150.0, 27.932773653179868)
(80.0, 151.0, 28.873179132294549)
(80.0, 152.0, 24.217462407455294)
(80.0, 153.0, 25.727204716851134)
(80.0, 154.0, 24.662564133056932)
(80.0, 155.0, 25.771297535393465)
(80.0, 156.0, 26.620174375581421)
(80.0, 157.0, 28.276753346164639)
(80.0, 158.0, 26.574402255940974)
(80.0, 159.0, 26.721356912955425)
(80.0, 160.0, 23.652111989270466)
(80.0, 161.0, 24.232458705835334)
(80.0, 162.0, 25.813631171621878)
(80.0, 163.0, 22.803169141986526)
(80.0, 164.0, 26.681961364535773)
(80.0, 165.0, 24.85596557654377)
(80.0, 166.0, 26.066403448195629)
(80.0, 167.0, 24.576524188437105)
(80.0, 168.0, 23.939699478561803)
(80.0, 169.0, 26.10040974097512)
(80.0, 170.0, 22.710085357640395)
(80.0, 171.0, 25.324210019962745)
(80.0, 172.0, 25.886269990096096)
(80.0, 173.0, 23.870573814121592)
(80.0, 174.0, 21.968925255367559)
(80.0, 175.0, 25.778123724750518)
(80.0, 176.0, 24.078577533843159)
(80.0, 177.0, 27.20617272468883)
(80.0, 178.0, 22.691712050471274)
(80.0, 179.0, 27.760552164440753)
(80.0, 180.0, 25.063998735756307)
(80.0, 181.0, 25.768133233949161)
(80.0, 182.0, 26.492138391683067)
(80.0, 183.0, 23.814321442410026)
(80.0, 184.0, 22.326433620821891)
(80.0, 185.0, 25.148858533931094)
(80.0, 186.0, 24.911602729934671)
(80.0, 187.0, 28.726586174133061)
(80.0, 188.0, 25.021049110632859)
(80.0, 189.0, 26.194018057519422)
(80.0, 190.0, 26.171650523994806)
(80.0, 191.0, 25.048269867051861)
(80.0, 192.0, 26.210901606685532)
(80.0, 193.0, 24.628194012082218)
(80.0, 194.0, 27.172541400283269)
(80.0, 195.0, 25.788764707956577)
(80.0, 196.0, 25.025839587633524)
(80.0, 197.0, 25.738403513925654)
(80.0, 198.0, 23.000090930561761)
(80.0, 199.0, 25.245824263270439)
(81.0, 0.0, 20.633918402879136)
(81.0, 1.0, 23.984186981875993)
(81.0, 2.0, 21.42552078204417)
(81.0, 3.0, 25.041078092255873)
(81.0, 4.0, 23.397670573412249)
(81.0, 5.0, 25.667084040276031)
(81.0, 6.0, 27.594277633246389)
(81.0, 7.0, 23.633451068784886)
(81.0, 8.0, 21.432451717232379)
(81.0, 9.0, 24.005979985882234)
(81.0, 10.0, 23.163096574647025)
(81.0, 11.0, 26.151918618922295)
(81.0, 12.0, 25.509771049168112)
(81.0, 13.0, 24.301935405520904)
(81.0, 14.0, 24.434619168819722)
(81.0, 15.0, 21.452553240960576)
(81.0, 16.0, 22.670387403892875)
(81.0, 17.0, 24.792952519986255)
(81.0, 18.0, 25.306933556419011)
(81.0, 19.0, 27.61933566079172)
(81.0, 20.0, 24.250887801902106)
(81.0, 21.0, 24.600309026600314)
(81.0, 22.0, 25.388259300917809)
(81.0, 23.0, 26.084363511175592)
(81.0, 24.0, 20.517873538066617)
(81.0, 25.0, 21.302412455279416)
(81.0, 26.0, 24.296625030468846)
(81.0, 27.0, 26.334661028836621)
(81.0, 28.0, 25.560864077645736)
(81.0, 29.0, 23.593697689001097)
(81.0, 30.0, 23.954596124969687)
(81.0, 31.0, 22.412097898003829)
(81.0, 32.0, 25.312407187765675)
(81.0, 33.0, 24.164588264979045)
(81.0, 34.0, 25.057966385017366)
(81.0, 35.0, 25.876699312779838)
(81.0, 36.0, 21.624685479281769)
(81.0, 37.0, 25.439263852413802)
(81.0, 38.0, 25.085227809440049)
(81.0, 39.0, 22.505822980556349)
(81.0, 40.0, 23.486098095274009)
(81.0, 41.0, 24.475926310478275)
(81.0, 42.0, 22.374251932314614)
(81.0, 43.0, 26.96740826776232)
(81.0, 44.0, 27.451484196834368)
(81.0, 45.0, 26.185611248777533)
(81.0, 46.0, 24.110261200744826)
(81.0, 47.0, 24.955785185563506)
(81.0, 48.0, 23.368358030198582)
(81.0, 49.0, 26.871635384030782)
(81.0, 50.0, 25.649914655409212)
(81.0, 51.0, 25.709197111811726)
(81.0, 52.0, 24.950925282486924)
(81.0, 53.0, 24.594085315696141)
(81.0, 54.0, 23.370782907077913)
(81.0, 55.0, 22.684750804033868)
(81.0, 56.0, 27.915801280230443)
(81.0, 57.0, 25.435779685154436)
(81.0, 58.0, 22.635674428249757)
(81.0, 59.0, 25.009642231334777)
(81.0, 60.0, 26.251342573473678)
(81.0, 61.0, 23.134378650997792)
(81.0, 62.0, 25.252916324295224)
(81.0, 63.0, 23.166016640348456)
(81.0, 64.0, 22.771044345128765)
(81.0, 65.0, 25.345489070721435)
(81.0, 66.0, 24.476352695048)
(81.0, 67.0, 25.375686365888129)
(81.0, 68.0, 25.087336270388519)
(81.0, 69.0, 24.912890420421093)
(81.0, 70.0, 25.254010694687729)
(81.0, 71.0, 22.980112755083148)
(81.0, 72.0, 22.158590997474167)
(81.0, 73.0, 24.216805000055366)
(81.0, 74.0, 23.611491497701628)
(81.0, 75.0, 25.834605041538801)
(81.0, 76.0, 23.782580355957069)
(81.0, 77.0, 22.440408983854237)
(81.0, 78.0, 23.522690205427381)
(81.0, 79.0, 25.219666673995693)
(81.0, 80.0, 26.408257227027889)
(81.0, 81.0, 21.613982541341112)
(81.0, 82.0, 21.054027599063062)
(81.0, 83.0, 22.407879743558148)
(81.0, 84.0, 25.882636925454303)
(81.0, 85.0, 25.309271964160533)
(81.0, 86.0, 24.526918165806372)
(81.0, 87.0, 23.611964071001225)
(81.0, 88.0, 24.354865646170825)
(81.0, 89.0, 25.729706726661025)
(81.0, 90.0, 23.416304332081857)
(81.0, 91.0, 24.178614011806566)
(81.0, 92.0, 22.930835794438433)
(81.0, 93.0, 24.322900678021604)
(81.0, 94.0, 23.555400829620471)
(81.0, 95.0, 22.474473189906043)
(81.0, 96.0, 22.355243863985326)
(81.0, 97.0, 23.789181075966578)
(81.0, 98.0, 22.053825289882674)
(81.0, 99.0, 25.217132677667895)
(81.0, 100.0, 25.450486090158133)
(81.0, 101.0, 22.680088126186789)
(81.0, 102.0, 24.840801806704597)
(81.0, 103.0, 24.764936313915388)
(81.0, 104.0, 27.85405012747804)
(81.0, 105.0, 24.97070988476678)
(81.0, 106.0, 24.608948325111708)
(81.0, 107.0, 21.584712188099356)
(81.0, 108.0, 23.91331014214985)
(81.0, 109.0, 24.323095199601081)
(81.0, 110.0, 24.811982171327649)
(81.0, 111.0, 24.631896229183578)
(81.0, 112.0, 28.159489910840097)
(81.0, 113.0, 24.688693375105679)
(81.0, 114.0, 25.077836310985532)
(81.0, 115.0, 25.131396283770908)
(81.0, 116.0, 22.575660674362432)
(81.0, 117.0, 22.099089763787685)
(81.0, 118.0, 25.275600709931204)
(81.0, 119.0, 25.493738453690188)
(81.0, 120.0, 25.522686161342321)
(81.0, 121.0, 25.428100234509948)
(81.0, 122.0, 23.727706255503911)
(81.0, 123.0, 26.526897776650951)
(81.0, 124.0, 25.721795878637664)
(81.0, 125.0, 27.296436781563369)
(81.0, 126.0, 21.714249858324706)
(81.0, 127.0, 27.006597732922646)
(81.0, 128.0, 23.719000799725659)
(81.0, 129.0, 26.28455690940892)
(81.0, 130.0, 23.70596153717716)
(81.0, 131.0, 24.91695770854253)
(81.0, 132.0, 20.629353882545999)
(81.0, 133.0, 22.54185789413841)
(81.0, 134.0, 24.990939798814995)
(81.0, 135.0, 23.253345877121536)
(81.0, 136.0, 24.362874533361406)
(81.0, 137.0, 23.541552344915104)
(81.0, 138.0, 22.24490006404352)
(81.0, 139.0, 25.467665387575021)
(81.0, 140.0, 27.269287527293226)
(81.0, 141.0, 23.533660958649243)
(81.0, 142.0, 23.185752383547289)
(81.0, 143.0, 24.574603421392286)
(81.0, 144.0, 23.44081237891406)
(81.0, 145.0, 24.699535474500145)
(81.0, 146.0, 27.532133661573884)
(81.0, 147.0, 22.451360000373107)
(81.0, 148.0, 23.789190859677603)
(81.0, 149.0, 25.961471801261247)
(81.0, 150.0, 27.529379420037735)
(81.0, 151.0, 26.814290158763232)
(81.0, 152.0, 24.33091729998506)
(81.0, 153.0, 26.55472628211114)
(81.0, 154.0, 25.999561453595511)
(81.0, 155.0, 24.702951833483834)
(81.0, 156.0, 25.652618846845222)
(81.0, 157.0, 26.759893964520153)
(81.0, 158.0, 26.248297992309002)
(81.0, 159.0, 24.249042462068946)
(81.0, 160.0, 24.025277706261942)
(81.0, 161.0, 25.246431629695284)
(81.0, 162.0, 25.438131485187405)
(81.0, 163.0, 23.796351282691347)
(81.0, 164.0, 24.322026674854328)
(81.0, 165.0, 24.200795197341261)
(81.0, 166.0, 25.361900677984863)
(81.0, 167.0, 24.271024346587843)
(81.0, 168.0, 25.282414296822363)
(81.0, 169.0, 25.858635692397471)
(81.0, 170.0, 24.134558508537431)
(81.0, 171.0, 25.104706140027151)
(81.0, 172.0, 28.026483897502668)
(81.0, 173.0, 26.331911269525992)
(81.0, 174.0, 21.97044932809041)
(81.0, 175.0, 25.764030727951251)
(81.0, 176.0, 24.865588766940466)
(81.0, 177.0, 27.625374725855888)
(81.0, 178.0, 22.365993651311626)
(81.0, 179.0, 25.451977571106923)
(81.0, 180.0, 25.373942000812065)
(81.0, 181.0, 24.865907762773475)
(81.0, 182.0, 25.518875233458626)
(81.0, 183.0, 25.163117761501642)
(81.0, 184.0, 22.809804611273513)
(81.0, 185.0, 23.95015095161591)
(81.0, 186.0, 22.83878994709697)
(81.0, 187.0, 26.547804295354279)
(81.0, 188.0, 24.940500888781305)
(81.0, 189.0, 27.353662199661322)
(81.0, 190.0, 25.935125562811166)
(81.0, 191.0, 23.357955160187124)
(81.0, 192.0, 27.053352150615758)
(81.0, 193.0, 25.770891957145459)
(81.0, 194.0, 25.99002900496167)
(81.0, 195.0, 25.025101325523885)
(81.0, 196.0, 25.283492216924202)
(81.0, 197.0, 24.711326134410356)
(81.0, 198.0, 24.375780029694333)
(81.0, 199.0, 23.271804462525871)
(82.0, 0.0, 19.937118663498381)
(82.0, 1.0, 25.113586224159707)
(82.0, 2.0, 23.111189384309135)
(82.0, 3.0, 27.727175335792964)
(82.0, 4.0, 22.64873939906775)
(82.0, 5.0, 26.50450264480552)
(82.0, 6.0, 27.540908445445307)
(82.0, 7.0, 26.050064234576112)
(82.0, 8.0, 21.85745509844606)
(82.0, 9.0, 26.255927064877195)
(82.0, 10.0, 23.461478581134344)
(82.0, 11.0, 25.58449141423722)
(82.0, 12.0, 26.551016383276892)
(82.0, 13.0, 25.31181161000352)
(82.0, 14.0, 25.541819710967911)
(82.0, 15.0, 23.607948078242185)
(82.0, 16.0, 23.27968517344619)
(82.0, 17.0, 25.032390484940652)
(82.0, 18.0, 25.962630038041357)
(82.0, 19.0, 29.024656571539424)
(82.0, 20.0, 25.628920457209908)
(82.0, 21.0, 24.156370426944161)
(82.0, 22.0, 25.64443225316365)
(82.0, 23.0, 28.533685670519226)
(82.0, 24.0, 20.732368047984099)
(82.0, 25.0, 20.537397593646443)
(82.0, 26.0, 24.530255833824956)
(82.0, 27.0, 28.462153580338999)
(82.0, 28.0, 25.466626322916202)
(82.0, 29.0, 23.778473363492623)
(82.0, 30.0, 25.159984005064718)
(82.0, 31.0, 23.510209455989084)
(82.0, 32.0, 24.867497658874694)
(82.0, 33.0, 25.106461782798121)
(82.0, 34.0, 24.719829755937315)
(82.0, 35.0, 26.746282971475303)
(82.0, 36.0, 21.600616490309378)
(82.0, 37.0, 24.193978059239136)
(82.0, 38.0, 25.98544634604135)
(82.0, 39.0, 23.317663859361204)
(82.0, 40.0, 22.165251954583567)
(82.0, 41.0, 24.748868340356317)
(82.0, 42.0, 24.419082251129733)
(82.0, 43.0, 25.620043764844937)
(82.0, 44.0, 29.26882053754445)
(82.0, 45.0, 25.319176331384963)
(82.0, 46.0, 24.990294041149614)
(82.0, 47.0, 23.360820721238351)
(82.0, 48.0, 24.041314049142237)
(82.0, 49.0, 28.502131531798412)
(82.0, 50.0, 28.250955920150396)
(82.0, 51.0, 27.141964592674825)
(82.0, 52.0, 26.768529342772208)
(82.0, 53.0, 23.701217898643435)
(82.0, 54.0, 24.383484438258979)
(82.0, 55.0, 24.777867567237323)
(82.0, 56.0, 27.015816680711644)
(82.0, 57.0, 24.353076628511481)
(82.0, 58.0, 23.061963252614149)
(82.0, 59.0, 24.23118587023804)
(82.0, 60.0, 25.176349340513603)
(82.0, 61.0, 22.698650334359701)
(82.0, 62.0, 26.260881145217855)
(82.0, 63.0, 23.572158093815272)
(82.0, 64.0, 22.18291922257983)
(82.0, 65.0, 24.188337377239755)
(82.0, 66.0, 23.87623861676585)
(82.0, 67.0, 24.67079535387149)
(82.0, 68.0, 26.626630181459337)
(82.0, 69.0, 25.213902900370712)
(82.0, 70.0, 27.497869633022752)
(82.0, 71.0, 25.126985160036252)
(82.0, 72.0, 21.823402981954377)
(82.0, 73.0, 23.697829923090111)
(82.0, 74.0, 24.013046839124087)
(82.0, 75.0, 26.935527538556272)
(82.0, 76.0, 26.248360647345965)
(82.0, 77.0, 24.058192678810329)
(82.0, 78.0, 24.571478410660035)
(82.0, 79.0, 23.522783264196935)
(82.0, 80.0, 25.684077769856348)
(82.0, 81.0, 22.008280697648903)
(82.0, 82.0, 22.295628053800399)
(82.0, 83.0, 21.986944581430379)
(82.0, 84.0, 25.27399193576283)
(82.0, 85.0, 27.020631191947118)
(82.0, 86.0, 25.762153226625813)
(82.0, 87.0, 24.568794507609976)
(82.0, 88.0, 24.854751062472928)
(82.0, 89.0, 27.197410582970978)
(82.0, 90.0, 24.875924081212695)
(82.0, 91.0, 22.944804360347867)
(82.0, 92.0, 24.661657493684348)
(82.0, 93.0, 25.336727599337294)
(82.0, 94.0, 25.184627518173091)
(82.0, 95.0, 23.906184948775415)
(82.0, 96.0, 24.543782659844275)
(82.0, 97.0, 27.295936905789418)
(82.0, 98.0, 24.623139700834113)
(82.0, 99.0, 24.977126778652618)
(82.0, 100.0, 27.423646588824855)
(82.0, 101.0, 22.762761428968208)
(82.0, 102.0, 25.16756807731624)
(82.0, 103.0, 26.544566484560185)
(82.0, 104.0, 26.745206268946141)
(82.0, 105.0, 24.948754873903574)
(82.0, 106.0, 24.472232026473083)
(82.0, 107.0, 23.998111191186108)
(82.0, 108.0, 26.703318556988698)
(82.0, 109.0, 24.475620602166295)
(82.0, 110.0, 23.192824429670935)
(82.0, 111.0, 26.818045103910855)
(82.0, 112.0, 27.339779253418772)
(82.0, 113.0, 26.346547331284672)
(82.0, 114.0, 26.054528042682794)
(82.0, 115.0, 23.777686292609562)
(82.0, 116.0, 23.458560124219357)
(82.0, 117.0, 21.680071946323217)
(82.0, 118.0, 26.616986433677639)
(82.0, 119.0, 24.934689424223805)
(82.0, 120.0, 25.719405389922965)
(82.0, 121.0, 25.390406345344935)
(82.0, 122.0, 24.586255620495315)
(82.0, 123.0, 25.800378840115403)
(82.0, 124.0, 27.150982044558727)
(82.0, 125.0, 27.610520392577094)
(82.0, 126.0, 24.857903785845231)
(82.0, 127.0, 26.91209292947331)
(82.0, 128.0, 24.530523570081769)
(82.0, 129.0, 25.518127016806925)
(82.0, 130.0, 24.708843774420853)
(82.0, 131.0, 26.149021669894552)
(82.0, 132.0, 21.689498715082916)
(82.0, 133.0, 24.802927913224107)
(82.0, 134.0, 24.565503051214673)
(82.0, 135.0, 25.749932310566297)
(82.0, 136.0, 24.935849215561159)
(82.0, 137.0, 23.982746868506489)
(82.0, 138.0, 22.733783374703847)
(82.0, 139.0, 27.176994136198473)
(82.0, 140.0, 27.16395799297409)
(82.0, 141.0, 25.136808866545504)
(82.0, 142.0, 24.162465430698372)
(82.0, 143.0, 26.679200698640237)
(82.0, 144.0, 24.480990520182154)
(82.0, 145.0, 25.129583304208353)
(82.0, 146.0, 26.463273537755448)
(82.0, 147.0, 23.146618295718117)
(82.0, 148.0, 24.376141780662117)
(82.0, 149.0, 24.320834546939263)
(82.0, 150.0, 28.687910820350375)
(82.0, 151.0, 27.385772132675882)
(82.0, 152.0, 25.018041709934149)
(82.0, 153.0, 26.468756579254951)
(82.0, 154.0, 27.297478314299013)
(82.0, 155.0, 26.775923477643016)
(82.0, 156.0, 24.767489174249835)
(82.0, 157.0, 29.215799675637591)
(82.0, 158.0, 27.085366956779112)
(82.0, 159.0, 25.804710895786421)
(82.0, 160.0, 25.299983919841537)
(82.0, 161.0, 24.43595272190564)
(82.0, 162.0, 25.380170115862899)
(82.0, 163.0, 22.894223826735608)
(82.0, 164.0, 24.247997464836722)
(82.0, 165.0, 26.023516807854566)
(82.0, 166.0, 26.892095924993875)
(82.0, 167.0, 23.681854809555283)
(82.0, 168.0, 25.973223891636081)
(82.0, 169.0, 25.732550734634852)
(82.0, 170.0, 24.532190520574957)
(82.0, 171.0, 27.023358264188239)
(82.0, 172.0, 27.561152229923938)
(82.0, 173.0, 24.83371193873224)
(82.0, 174.0, 23.234525373220372)
(82.0, 175.0, 23.886169841306238)
(82.0, 176.0, 23.361195859802073)
(82.0, 177.0, 27.411857487159171)
(82.0, 178.0, 23.695887929191439)
(82.0, 179.0, 27.896148304159844)
(82.0, 180.0, 25.855340954461127)
(82.0, 181.0, 25.465479904699887)
(82.0, 182.0, 25.741460668076328)
(82.0, 183.0, 24.625534929155105)
(82.0, 184.0, 23.952554931113912)
(82.0, 185.0, 23.191803437861367)
(82.0, 186.0, 25.246953546965031)
(82.0, 187.0, 26.855305196328096)
(82.0, 188.0, 25.294018388390207)
(82.0, 189.0, 28.532998691172875)
(82.0, 190.0, 25.316894460057974)
(82.0, 191.0, 24.633828763485866)
(82.0, 192.0, 26.143232883793431)
(82.0, 193.0, 23.92117621330053)
(82.0, 194.0, 26.340324395206977)
(82.0, 195.0, 25.572138879074302)
(82.0, 196.0, 26.135718816303125)
(82.0, 197.0, 27.477182989628105)
(82.0, 198.0, 25.428378157805799)
(82.0, 199.0, 24.057087254224349)
(83.0, 0.0, 19.995783882001753)
(83.0, 1.0, 23.845552425001934)
(83.0, 2.0, 22.702729841982752)
(83.0, 3.0, 23.465095236882579)
(83.0, 4.0, 21.662528133343383)
(83.0, 5.0, 24.040211803964969)
(83.0, 6.0, 25.458628767860027)
(83.0, 7.0, 23.86288934655321)
(83.0, 8.0, 21.464623771081271)
(83.0, 9.0, 24.397570059340186)
(83.0, 10.0, 22.638297733697268)
(83.0, 11.0, 25.289365358013495)
(83.0, 12.0, 25.292386698000204)
(83.0, 13.0, 24.090506660793892)
(83.0, 14.0, 23.456665000319521)
(83.0, 15.0, 22.059301314995857)
(83.0, 16.0, 20.938960827914144)
(83.0, 17.0, 23.651955020228375)
(83.0, 18.0, 23.381563797968102)
(83.0, 19.0, 26.498941865065994)
(83.0, 20.0, 23.520025689276487)
(83.0, 21.0, 21.76237824764446)
(83.0, 22.0, 24.620948627956846)
(83.0, 23.0, 24.027864275957391)
(83.0, 24.0, 17.296367311731338)
(83.0, 25.0, 20.632866280023045)
(83.0, 26.0, 21.383155756709801)
(83.0, 27.0, 26.643420430720468)
(83.0, 28.0, 23.28970213577751)
(83.0, 29.0, 23.344393756593178)
(83.0, 30.0, 21.883854568251969)
(83.0, 31.0, 20.951967458880642)
(83.0, 32.0, 23.700305363254753)
(83.0, 33.0, 24.276935292467513)
(83.0, 34.0, 24.016204908850931)
(83.0, 35.0, 23.113505236369107)
(83.0, 36.0, 21.563649771352196)
(83.0, 37.0, 24.60548469523005)
(83.0, 38.0, 24.419981852412477)
(83.0, 39.0, 20.576741799542486)
(83.0, 40.0, 21.018899586674266)
(83.0, 41.0, 21.94780651830942)
(83.0, 42.0, 23.564503531525503)
(83.0, 43.0, 24.400499043144482)
(83.0, 44.0, 26.235300152517262)
(83.0, 45.0, 25.248038889152166)
(83.0, 46.0, 23.150021081062018)
(83.0, 47.0, 21.825342635909827)
(83.0, 48.0, 21.426604756118767)
(83.0, 49.0, 25.210084004022942)
(83.0, 50.0, 24.904806911617435)
(83.0, 51.0, 23.878813305150992)
(83.0, 52.0, 24.264950545986203)
(83.0, 53.0, 22.768129042164496)
(83.0, 54.0, 20.285247144970111)
(83.0, 55.0, 22.612699806408759)
(83.0, 56.0, 24.708250512426371)
(83.0, 57.0, 23.25239772533596)
(83.0, 58.0, 22.39470635454138)
(83.0, 59.0, 22.978325986344906)
(83.0, 60.0, 23.185943214892987)
(83.0, 61.0, 20.460242659427895)
(83.0, 62.0, 23.876871449935539)
(83.0, 63.0, 22.510508908917615)
(83.0, 64.0, 21.92791842355518)
(83.0, 65.0, 22.1173311667817)
(83.0, 66.0, 24.722686119584658)
(83.0, 67.0, 22.284716425162632)
(83.0, 68.0, 25.838745992203108)
(83.0, 69.0, 23.257113909614066)
(83.0, 70.0, 25.802033249982024)
(83.0, 71.0, 21.941071306584373)
(83.0, 72.0, 21.780054740037357)
(83.0, 73.0, 21.414454092020147)
(83.0, 74.0, 22.786032705518853)
(83.0, 75.0, 24.964632062746382)
(83.0, 76.0, 22.094468843402204)
(83.0, 77.0, 20.427430078443564)
(83.0, 78.0, 23.431544442562519)
(83.0, 79.0, 23.430472716149943)
(83.0, 80.0, 25.314335686416136)
(83.0, 81.0, 18.692463073796844)
(83.0, 82.0, 18.608323181912116)
(83.0, 83.0, 21.318794141268619)
(83.0, 84.0, 25.183194201228442)
(83.0, 85.0, 24.949819309079373)
(83.0, 86.0, 23.561661936525947)
(83.0, 87.0, 21.598401978550054)
(83.0, 88.0, 24.0119984000277)
(83.0, 89.0, 23.544762915213539)
(83.0, 90.0, 23.455085226446762)
(83.0, 91.0, 23.881587449472729)
(83.0, 92.0, 21.609747564733684)
(83.0, 93.0, 24.795605129051914)
(83.0, 94.0, 23.609940720226948)
(83.0, 95.0, 21.696088286562574)
(83.0, 96.0, 21.841185749645323)
(83.0, 97.0, 23.630470709033983)
(83.0, 98.0, 22.569459569815621)
(83.0, 99.0, 23.489228168830447)
(83.0, 100.0, 24.429553151513861)
(83.0, 101.0, 21.929062551883664)
(83.0, 102.0, 22.657679156041777)
(83.0, 103.0, 24.930535926684264)
(83.0, 104.0, 24.7876233227936)
(83.0, 105.0, 22.676545246235182)
(83.0, 106.0, 23.685919074828739)
(83.0, 107.0, 21.821220444298625)
(83.0, 108.0, 21.79986747171715)
(83.0, 109.0, 22.855643419967986)
(83.0, 110.0, 24.130025027987777)
(83.0, 111.0, 23.209226530788435)
(83.0, 112.0, 26.619215559593091)
(83.0, 113.0, 24.326374058179553)
(83.0, 114.0, 24.408749466217053)
(83.0, 115.0, 20.96514850874166)
(83.0, 116.0, 22.628649644662392)
(83.0, 117.0, 19.975447324563035)
(83.0, 118.0, 23.317372461207903)
(83.0, 119.0, 22.922142743532699)
(83.0, 120.0, 23.853548179454798)
(83.0, 121.0, 24.907242602519784)
(83.0, 122.0, 23.628252522698581)
(83.0, 123.0, 26.126697597874795)
(83.0, 124.0, 22.134847213223281)
(83.0, 125.0, 23.984202191177122)
(83.0, 126.0, 21.562437042888117)
(83.0, 127.0, 22.722140246389518)
(83.0, 128.0, 21.516728522778113)
(83.0, 129.0, 24.657868112806661)
(83.0, 130.0, 24.259616627160081)
(83.0, 131.0, 23.894143667305329)
(83.0, 132.0, 20.005787505681109)
(83.0, 133.0, 21.236996548072742)
(83.0, 134.0, 24.315726288266504)
(83.0, 135.0, 22.805994529223831)
(83.0, 136.0, 24.505992913234309)
(83.0, 137.0, 22.568256201608261)
