(173.0, 159.0, 24.530650155938485)
(173.0, 160.0, 22.500056916784324)
(173.0, 161.0, 24.473862777007128)
(173.0, 162.0, 23.671016281381828)
(173.0, 163.0, 21.671708697379849)
(173.0, 164.0, 24.376618599962637)
(173.0, 165.0, 23.517756692941575)
(173.0, 166.0, 24.95740768834305)
(173.0, 167.0, 23.843320399885044)
(173.0, 168.0, 23.022194485644459)
(173.0, 169.0, 25.183207024999906)
(173.0, 170.0, 22.061574594991193)
(173.0, 171.0, 26.027802788871782)
(173.0, 172.0, 24.559679471776878)
(173.0, 173.0, 24.481464092479921)
(173.0, 174.0, 21.821759974165026)
(173.0, 175.0, 26.286318037053515)
(173.0, 176.0, 23.659058909759469)
(173.0, 177.0, 26.18744181399094)
(173.0, 178.0, 22.187405752007052)
(173.0, 179.0, 26.367608777126179)
(173.0, 180.0, 24.040939188919793)
(173.0, 181.0, 24.267608203436197)
(173.0, 182.0, 24.773210641249136)
(173.0, 183.0, 22.583010959753555)
(173.0, 184.0, 23.360933700703114)
(173.0, 185.0, 22.956153366831089)
(173.0, 186.0, 24.28312841226083)
(173.0, 187.0, 25.873637585137637)
(173.0, 188.0, 23.19678000051848)
(173.0, 189.0, 26.257681239541025)
(173.0, 190.0, 24.67639394964851)
(173.0, 191.0, 21.866188619014601)
(173.0, 192.0, 24.165945738216607)
(173.0, 193.0, 24.428693561177734)
(173.0, 194.0, 23.647025781600092)
(173.0, 195.0, 24.63442776942486)
(173.0, 196.0, 26.268614768973613)
(173.0, 197.0, 23.472277463897775)
(173.0, 198.0, 22.835964376158497)
(173.0, 199.0, 24.283754629150085)
(174.0, 0.0, 22.140396389721378)
(174.0, 1.0, 25.501073939873962)
(174.0, 2.0, 23.04030006442456)
(174.0, 3.0, 26.044181169372457)
(174.0, 4.0, 22.884103612049923)
(174.0, 5.0, 27.68430989298275)
(174.0, 6.0, 26.980950139314373)
(174.0, 7.0, 25.716740758971905)
(174.0, 8.0, 21.627003396498228)
(174.0, 9.0, 25.238708681209246)
(174.0, 10.0, 24.251758151800608)
(174.0, 11.0, 28.330839603530194)
(174.0, 12.0, 27.238510052453648)
(174.0, 13.0, 26.550080387842097)
(174.0, 14.0, 26.26366860748163)
(174.0, 15.0, 24.262391508965393)
(174.0, 16.0, 23.637943672889961)
(174.0, 17.0, 25.853523700047283)
(174.0, 18.0, 25.557851772351441)
(174.0, 19.0, 29.601314711632128)
(174.0, 20.0, 25.842526144068955)
(174.0, 21.0, 23.490083042901329)
(174.0, 22.0, 25.906044469930883)
(174.0, 23.0, 27.368100504430558)
(174.0, 24.0, 20.46378676062497)
(174.0, 25.0, 20.097195704478395)
(174.0, 26.0, 24.375763210246419)
(174.0, 27.0, 28.583125555834492)
(174.0, 28.0, 26.286168973935705)
(174.0, 29.0, 27.452919670981888)
(174.0, 30.0, 25.179523609904123)
(174.0, 31.0, 23.951515091518658)
(174.0, 32.0, 26.121455386932166)
(174.0, 33.0, 26.370373071978154)
(174.0, 34.0, 25.010811604599283)
(174.0, 35.0, 28.045065717574978)
(174.0, 36.0, 23.679007902486742)
(174.0, 37.0, 26.402369432125518)
(174.0, 38.0, 27.464711780812614)
(174.0, 39.0, 22.783841467247065)
(174.0, 40.0, 24.434377185413666)
(174.0, 41.0, 26.313328422451502)
(174.0, 42.0, 25.456194327932835)
(174.0, 43.0, 27.301499803202425)
(174.0, 44.0, 27.753744785934344)
(174.0, 45.0, 27.088372751620263)
(174.0, 46.0, 25.702159486154017)
(174.0, 47.0, 22.901278423859477)
(174.0, 48.0, 23.4512482787054)
(174.0, 49.0, 28.617140710284978)
(174.0, 50.0, 26.777256044142241)
(174.0, 51.0, 27.233299853844656)
(174.0, 52.0, 27.938275336422365)
(174.0, 53.0, 24.520982318810407)
(174.0, 54.0, 24.550451132063436)
(174.0, 55.0, 24.632995577726629)
(174.0, 56.0, 28.606463037676175)
(174.0, 57.0, 26.118842058903688)
(174.0, 58.0, 24.032621080600055)
(174.0, 59.0, 24.796873764723195)
(174.0, 60.0, 26.448405298708209)
(174.0, 61.0, 23.630075239190713)
(174.0, 62.0, 24.91430578287466)
(174.0, 63.0, 23.493796365081764)
(174.0, 64.0, 23.69025110778302)
(174.0, 65.0, 24.199652177713272)
(174.0, 66.0, 26.229643212357928)
(174.0, 67.0, 25.206497022956803)
(174.0, 68.0, 26.056398685768158)
(174.0, 69.0, 25.445537305298817)
(174.0, 70.0, 26.348789885591664)
(174.0, 71.0, 25.171469111562299)
(174.0, 72.0, 24.716911900345956)
(174.0, 73.0, 22.714265527946289)
(174.0, 74.0, 26.354954124222822)
(174.0, 75.0, 26.468771029798742)
(174.0, 76.0, 25.630241131232349)
(174.0, 77.0, 23.773480826088452)
(174.0, 78.0, 24.394491267480767)
(174.0, 79.0, 24.228763508831854)
(174.0, 80.0, 26.291897897412021)
(174.0, 81.0, 22.169282718318858)
(174.0, 82.0, 22.861716936624898)
(174.0, 83.0, 23.640913861258657)
(174.0, 84.0, 26.681914902026442)
(174.0, 85.0, 26.556535256999965)
(174.0, 86.0, 26.936757429397446)
(174.0, 87.0, 23.500411065941915)
(174.0, 88.0, 25.455391944680432)
(174.0, 89.0, 26.256364309120855)
(174.0, 90.0, 24.538841119965721)
(174.0, 91.0, 25.885241051018795)
(174.0, 92.0, 24.67536064295485)
(174.0, 93.0, 25.854533118558241)
(174.0, 94.0, 26.896074276274398)
(174.0, 95.0, 24.635119922685735)
(174.0, 96.0, 23.858028086362136)
(174.0, 97.0, 25.556183024490771)
(174.0, 98.0, 24.753389445325297)
(174.0, 99.0, 25.878672322116643)
(174.0, 100.0, 27.399083251793328)
(174.0, 101.0, 23.281925140400201)
(174.0, 102.0, 24.363105037422656)
(174.0, 103.0, 26.026349445821207)
(174.0, 104.0, 26.846058798442677)
(174.0, 105.0, 25.707546407425991)
(174.0, 106.0, 24.448380870403568)
(174.0, 107.0, 23.082688571497659)
(174.0, 108.0, 25.701204806246963)
(174.0, 109.0, 26.147372733124957)
(174.0, 110.0, 23.289210990713947)
(174.0, 111.0, 26.55805539195417)
(174.0, 112.0, 29.022542788817564)
(174.0, 113.0, 24.289146641166926)
(174.0, 114.0, 26.112593679137689)
(174.0, 115.0, 25.400024133610454)
(174.0, 116.0, 22.421657199523477)
(174.0, 117.0, 22.458598991293393)
(174.0, 118.0, 27.365828344966808)
(174.0, 119.0, 24.498289161868644)
(174.0, 120.0, 26.199271217711882)
(174.0, 121.0, 25.280331451490763)
(174.0, 122.0, 25.97640407702735)
(174.0, 123.0, 26.532753319574731)
(174.0, 124.0, 26.312751387501951)
(174.0, 125.0, 27.534967246091067)
(174.0, 126.0, 24.022849320233444)
(174.0, 127.0, 25.251453862147542)
(174.0, 128.0, 23.150359299148597)
(174.0, 129.0, 26.95691862057749)
(174.0, 130.0, 25.543668207117236)
(174.0, 131.0, 26.477199702310916)
(174.0, 132.0, 20.015762639383194)
(174.0, 133.0, 23.560710621328059)
(174.0, 134.0, 25.847753289408832)
(174.0, 135.0, 26.295411406549743)
(174.0, 136.0, 26.97263185493405)
(174.0, 137.0, 24.418311293384139)
(174.0, 138.0, 23.353249668877968)
(174.0, 139.0, 25.616589583169983)
(174.0, 140.0, 29.104495184244087)
(174.0, 141.0, 25.899530266973827)
(174.0, 142.0, 24.104259220125076)
(174.0, 143.0, 28.276553161131147)
(174.0, 144.0, 24.628470955512185)
(174.0, 145.0, 26.398933692991765)
(174.0, 146.0, 28.109550187476792)
(174.0, 147.0, 22.731113019109333)
(174.0, 148.0, 25.030698911530983)
(174.0, 149.0, 26.572482944855693)
(174.0, 150.0, 28.675385129042745)
(174.0, 151.0, 28.91390576364882)
(174.0, 152.0, 25.578181755204135)
(174.0, 153.0, 27.261546160829898)
(174.0, 154.0, 24.767115046453675)
(174.0, 155.0, 26.584313632094808)
(174.0, 156.0, 26.649280293447717)
(174.0, 157.0, 28.719287070364445)
(174.0, 158.0, 26.754587996357028)
(174.0, 159.0, 26.502994379543338)
(174.0, 160.0, 24.55985634407876)
(174.0, 161.0, 24.825489009372824)
(174.0, 162.0, 26.845361081252619)
(174.0, 163.0, 23.465163004998836)
(174.0, 164.0, 25.151422642140243)
(174.0, 165.0, 25.490020596456329)
(174.0, 166.0, 26.626096932879289)
(174.0, 167.0, 23.464275059276758)
(174.0, 168.0, 26.154476642111479)
(174.0, 169.0, 25.417391707005287)
(174.0, 170.0, 23.505528588513801)
(174.0, 171.0, 26.369610272962277)
(174.0, 172.0, 28.329748691831675)
(174.0, 173.0, 26.290645949957447)
(174.0, 174.0, 23.645201006992785)
(174.0, 175.0, 27.661269395468018)
(174.0, 176.0, 25.897153484936183)
(174.0, 177.0, 25.73804744387073)
(174.0, 178.0, 22.332732900832944)
(174.0, 179.0, 28.135052271208465)
(174.0, 180.0, 26.149279888272627)
(174.0, 181.0, 25.196054414660118)
(174.0, 182.0, 25.932555651133836)
(174.0, 183.0, 25.552050530408891)
(174.0, 184.0, 23.675435873492113)
(174.0, 185.0, 24.692861949085358)
(174.0, 186.0, 24.946684026115385)
(174.0, 187.0, 27.723559234738595)
(174.0, 188.0, 24.616129594047827)
(174.0, 189.0, 26.342982222568335)
(174.0, 190.0, 27.318410634696662)
(174.0, 191.0, 24.084571975387188)
(174.0, 192.0, 25.422477669552077)
(174.0, 193.0, 27.071465269801063)
(174.0, 194.0, 26.727421099175917)
(174.0, 195.0, 25.426728438999881)
(174.0, 196.0, 24.903687752175898)
(174.0, 197.0, 25.928318105220995)
(174.0, 198.0, 24.235799661609153)
(174.0, 199.0, 25.577073835722697)
(175.0, 0.0, 20.6607908379112)
(175.0, 1.0, 24.228868488886526)
(175.0, 2.0, 22.319367923516062)
(175.0, 3.0, 23.258394022173281)
(175.0, 4.0, 22.14565412294418)
(175.0, 5.0, 23.5326927961138)
(175.0, 6.0, 25.940008696611866)
(175.0, 7.0, 25.223625424378668)
(175.0, 8.0, 21.265278630652148)
(175.0, 9.0, 23.422506651169112)
(175.0, 10.0, 23.907997062531503)
(175.0, 11.0, 25.06557097239541)
(175.0, 12.0, 25.652207221638157)
(175.0, 13.0, 23.339193187188901)
(175.0, 14.0, 24.675400825313051)
(175.0, 15.0, 21.114412142552084)
(175.0, 16.0, 22.737910980858544)
(175.0, 17.0, 24.470960489880735)
(175.0, 18.0, 24.113430622624215)
(175.0, 19.0, 27.205775462678211)
(175.0, 20.0, 24.463511591563304)
(175.0, 21.0, 22.538738252188523)
(175.0, 22.0, 23.913654583182613)
(175.0, 23.0, 24.666219416595492)
(175.0, 24.0, 20.674792158616334)
(175.0, 25.0, 20.660971851871686)
(175.0, 26.0, 21.047881633695852)
(175.0, 27.0, 26.714156714530354)
(175.0, 28.0, 23.711399499589323)
(175.0, 29.0, 22.821489726203978)
(175.0, 30.0, 22.587272189882398)
(175.0, 31.0, 23.081395576412142)
(175.0, 32.0, 23.217039080429895)
(175.0, 33.0, 25.696974246783309)
(175.0, 34.0, 25.030852994292019)
(175.0, 35.0, 24.873662322496493)
(175.0, 36.0, 22.178796864513416)
(175.0, 37.0, 24.454500082891293)
(175.0, 38.0, 23.806277503411927)
(175.0, 39.0, 22.294239437994712)
(175.0, 40.0, 22.495261683255347)
(175.0, 41.0, 24.058207050604693)
(175.0, 42.0, 22.033640373840598)
(175.0, 43.0, 24.393940273895794)
(175.0, 44.0, 25.45271385577546)
(175.0, 45.0, 25.151486224511707)
(175.0, 46.0, 24.181033574466319)
(175.0, 47.0, 23.756256462676522)
(175.0, 48.0, 21.266043673794371)
(175.0, 49.0, 24.846347841842299)
(175.0, 50.0, 27.258246213851002)
(175.0, 51.0, 25.374190066774148)
(175.0, 52.0, 22.916244056147654)
(175.0, 53.0, 24.736831811872765)
(175.0, 54.0, 21.310485413246063)
(175.0, 55.0, 21.747550284188865)
(175.0, 56.0, 24.787866395663304)
(175.0, 57.0, 22.45915424774488)
(175.0, 58.0, 22.89135935542572)
(175.0, 59.0, 22.620479003186958)
(175.0, 60.0, 24.463601806508969)
(175.0, 61.0, 22.378550294752959)
(175.0, 62.0, 25.191234904017378)
(175.0, 63.0, 24.44728665045923)
(175.0, 64.0, 21.532049617433103)
(175.0, 65.0, 22.438736604519608)
(175.0, 66.0, 24.735007081851609)
(175.0, 67.0, 24.121894119941736)
(175.0, 68.0, 25.150847834061906)
(175.0, 69.0, 24.214631485141066)
(175.0, 70.0, 25.986348156320869)
(175.0, 71.0, 22.247443088618112)
(175.0, 72.0, 22.20727292823549)
(175.0, 73.0, 21.88248957180047)
(175.0, 74.0, 24.274992368277289)
(175.0, 75.0, 25.441256886980188)
(175.0, 76.0, 25.004590847679872)
(175.0, 77.0, 21.888672612710444)
(175.0, 78.0, 23.512290406433813)
(175.0, 79.0, 22.764466182544652)
(175.0, 80.0, 26.753258014579259)
(175.0, 81.0, 20.342507905382565)
(175.0, 82.0, 20.928920092512403)
(175.0, 83.0, 21.851953451217444)
(175.0, 84.0, 25.176376180789543)
(175.0, 85.0, 24.805400801182355)
(175.0, 86.0, 25.046157206045027)
(175.0, 87.0, 23.866704002805147)
(175.0, 88.0, 23.149288736114308)
(175.0, 89.0, 24.037576071716011)
(175.0, 90.0, 23.811791158258536)
(175.0, 91.0, 23.20951780092755)
(175.0, 92.0, 23.358103951595865)
(175.0, 93.0, 24.152176619140008)
(175.0, 94.0, 24.507853322776768)
(175.0, 95.0, 23.052311127774409)
(175.0, 96.0, 22.218376096743064)
(175.0, 97.0, 24.036263344752189)
(175.0, 98.0, 23.740750277472898)
(175.0, 99.0, 23.258240047130514)
(175.0, 100.0, 25.017473469132227)
(175.0, 101.0, 21.555413404980001)
(175.0, 102.0, 23.55166485409822)
(175.0, 103.0, 24.249216860777377)
(175.0, 104.0, 27.558818467993035)
(175.0, 105.0, 23.522720395149967)
(175.0, 106.0, 22.472046531173099)
(175.0, 107.0, 22.517360810280586)
(175.0, 108.0, 23.981771398640326)
(175.0, 109.0, 23.112864343324834)
(175.0, 110.0, 23.084359239476822)
(175.0, 111.0, 26.063982810832393)
(175.0, 112.0, 25.949528160147132)
(175.0, 113.0, 24.859267681612057)
(175.0, 114.0, 24.944073359973451)
(175.0, 115.0, 24.186306906729445)
(175.0, 116.0, 21.942869616396457)
(175.0, 117.0, 20.875911073452656)
(175.0, 118.0, 24.208723373103645)
(175.0, 119.0, 24.478492405513347)
(175.0, 120.0, 25.118570858679082)
(175.0, 121.0, 24.905709192643886)
(175.0, 122.0, 23.58679838043599)
(175.0, 123.0, 27.223234159717503)
(175.0, 124.0, 24.155951886329063)
(175.0, 125.0, 25.915061800403567)
(175.0, 126.0, 24.012171915338399)
(175.0, 127.0, 24.197354454179486)
(175.0, 128.0, 22.909902965386539)
(175.0, 129.0, 25.459508967407544)
(175.0, 130.0, 24.426753483076567)
(175.0, 131.0, 24.606804712278866)
(175.0, 132.0, 19.962967241940721)
(175.0, 133.0, 21.282650870647831)
(175.0, 134.0, 24.747730330135969)
(175.0, 135.0, 21.83440613075404)
(175.0, 136.0, 24.50469312418236)
(175.0, 137.0, 23.452402972294177)
(175.0, 138.0, 20.6087050725586)
(175.0, 139.0, 26.512837566004638)
(175.0, 140.0, 25.589089945619179)
(175.0, 141.0, 23.926609882180369)
(175.0, 142.0, 23.114011689795731)
(175.0, 143.0, 25.260064315028202)
(175.0, 144.0, 23.448103698079073)
(175.0, 145.0, 23.079502247966914)
(175.0, 146.0, 25.337241609067036)
(175.0, 147.0, 23.099368826283662)
(175.0, 148.0, 22.709061454823711)
(175.0, 149.0, 24.29079025063723)
(175.0, 150.0, 25.959805874677357)
(175.0, 151.0, 28.203785351935128)
(175.0, 152.0, 24.268585032942756)
(175.0, 153.0, 24.75754393431215)
(175.0, 154.0, 25.493206309537687)
(175.0, 155.0, 24.983417173148425)
(175.0, 156.0, 24.833926201450858)
(175.0, 157.0, 26.017496352658789)
(175.0, 158.0, 26.683853063446641)
(175.0, 159.0, 24.403278090206367)
(175.0, 160.0, 23.345912204857008)
(175.0, 161.0, 25.086031683999227)
(175.0, 162.0, 24.067690677868654)
(175.0, 163.0, 21.01521468821236)
(175.0, 164.0, 23.417762986120657)
(175.0, 165.0, 25.14920374617785)
(175.0, 166.0, 27.102991549008209)
(175.0, 167.0, 22.109975307892082)
(175.0, 168.0, 23.660095639645235)
(175.0, 169.0, 22.802726016558047)
(175.0, 170.0, 22.604485454110709)
(175.0, 171.0, 24.490433912985683)
(175.0, 172.0, 25.730614830157101)
(175.0, 173.0, 23.407129235838791)
(175.0, 174.0, 21.698702386228351)
(175.0, 175.0, 24.878833505561374)
(175.0, 176.0, 23.627860368976734)
(175.0, 177.0, 25.37478591013063)
(175.0, 178.0, 22.744189314678252)
(175.0, 179.0, 27.132690274041764)
(175.0, 180.0, 23.706037496328076)
(175.0, 181.0, 24.646292658171895)
(175.0, 182.0, 23.208078076087283)
(175.0, 183.0, 23.295551245704601)
(175.0, 184.0, 21.894319750402325)
(175.0, 185.0, 24.506224179364015)
(175.0, 186.0, 22.810601088302327)
(175.0, 187.0, 24.295494802257679)
(175.0, 188.0, 23.906609953563699)
(175.0, 189.0, 25.33801271230255)
(175.0, 190.0, 25.738111408466644)
(175.0, 191.0, 22.11144528235301)
(175.0, 192.0, 24.670892266210547)
(175.0, 193.0, 23.699145872352478)
(175.0, 194.0, 24.295925329785316)
(175.0, 195.0, 24.208157206101493)
(175.0, 196.0, 24.908382562439566)
(175.0, 197.0, 24.588580533892809)
(175.0, 198.0, 22.898825423966336)
(175.0, 199.0, 24.962669820840013)
(176.0, 0.0, 21.928117240458128)
(176.0, 1.0, 26.958422674223108)
(176.0, 2.0, 22.603696845686212)
(176.0, 3.0, 25.932661879593727)
(176.0, 4.0, 22.50077755089087)
(176.0, 5.0, 26.298617731790586)
(176.0, 6.0, 27.726070945404938)
(176.0, 7.0, 25.757837073716054)
(176.0, 8.0, 23.422563613179502)
(176.0, 9.0, 25.426334450357501)
(176.0, 10.0, 22.446793744249778)
(176.0, 11.0, 26.139135980950307)
(176.0, 12.0, 25.893879735632279)
(176.0, 13.0, 25.10833782816551)
(176.0, 14.0, 26.3886485600414)
(176.0, 15.0, 23.247771146087796)
(176.0, 16.0, 22.83252844856797)
(176.0, 17.0, 24.766499151397745)
(176.0, 18.0, 26.789074002481595)
(176.0, 19.0, 28.612599996295181)
(176.0, 20.0, 26.553786304185891)
(176.0, 21.0, 22.803808672838194)
(176.0, 22.0, 26.326398644413057)
(176.0, 23.0, 27.550257157581459)
(176.0, 24.0, 20.894910893860931)
(176.0, 25.0, 20.746604869388271)
(176.0, 26.0, 23.231392729808249)
(176.0, 27.0, 26.367271584104827)
(176.0, 28.0, 23.696207426615938)
(176.0, 29.0, 25.862529247947016)
(176.0, 30.0, 25.067491822913432)
(176.0, 31.0, 23.515160972095522)
(176.0, 32.0, 24.528121044307898)
(176.0, 33.0, 24.521788436515202)
(176.0, 34.0, 26.906142907246206)
(176.0, 35.0, 26.622220829907913)
(176.0, 36.0, 23.308446793091129)
(176.0, 37.0, 27.820245787768258)
(176.0, 38.0, 27.840043204555329)
(176.0, 39.0, 21.14233533757011)
(176.0, 40.0, 24.063045624045046)
(176.0, 41.0, 25.040021368087313)
(176.0, 42.0, 23.882747822440642)
(176.0, 43.0, 27.298826511018536)
(176.0, 44.0, 27.399874233836858)
(176.0, 45.0, 25.994761273611289)
(176.0, 46.0, 25.68317335346585)
(176.0, 47.0, 26.368384829978631)
(176.0, 48.0, 23.141421772530023)
(176.0, 49.0, 26.550076347036232)
(176.0, 50.0, 26.703459080027727)
(176.0, 51.0, 26.513262605113756)
(176.0, 52.0, 25.359841742607053)
(176.0, 53.0, 24.002834245252515)
(176.0, 54.0, 24.839152950938214)
(176.0, 55.0, 24.366225092611689)
(176.0, 56.0, 27.886823057285806)
(176.0, 57.0, 25.139566803725319)
(176.0, 58.0, 24.183902719594339)
(176.0, 59.0, 24.591915702902511)
(176.0, 60.0, 25.820918025151773)
(176.0, 61.0, 22.212851618165953)
(176.0, 62.0, 25.874152124418234)
(176.0, 63.0, 24.699813899052131)
(176.0, 64.0, 23.720911369409674)
(176.0, 65.0, 24.278636698832585)
(176.0, 66.0, 26.766704219392935)
(176.0, 67.0, 23.945290133670429)
(176.0, 68.0, 26.446910792327671)
(176.0, 69.0, 25.163956400316096)
(176.0, 70.0, 28.39167310956244)
(176.0, 71.0, 24.200388638255419)
(176.0, 72.0, 22.783032308968316)
(176.0, 73.0, 22.085701893032152)
(176.0, 74.0, 24.84721465458837)
(176.0, 75.0, 26.103211594130855)
(176.0, 76.0, 24.849105913919459)
(176.0, 77.0, 21.916789157205848)
(176.0, 78.0, 24.282704118476104)
(176.0, 79.0, 24.3086440048159)
(176.0, 80.0, 27.148382646179186)
(176.0, 81.0, 19.553673328684432)
(176.0, 82.0, 20.959776215891576)
(176.0, 83.0, 24.932422467522134)
(176.0, 84.0, 28.012389902927342)
(176.0, 85.0, 27.029252892817382)
(176.0, 86.0, 26.387406702506798)
(176.0, 87.0, 25.672929213174967)
(176.0, 88.0, 24.58847569054938)
(176.0, 89.0, 26.242357929106554)
(176.0, 90.0, 24.688032853392457)
(176.0, 91.0, 25.601912408368744)
(176.0, 92.0, 24.327699439095241)
(176.0, 93.0, 25.465933357249369)
(176.0, 94.0, 26.482636302106258)
(176.0, 95.0, 25.093293631070356)
(176.0, 96.0, 22.065130584989358)
(176.0, 97.0, 26.350315223054452)
(176.0, 98.0, 24.564392807827801)
(176.0, 99.0, 25.857214806673852)
(176.0, 100.0, 25.865852541927122)
(176.0, 101.0, 24.382583406387923)
(176.0, 102.0, 24.093805076482099)
(176.0, 103.0, 25.480168881676374)
(176.0, 104.0, 26.588071158143443)
(176.0, 105.0, 24.64967205681539)
(176.0, 106.0, 25.04623809373761)
(176.0, 107.0, 23.456554809163197)
(176.0, 108.0, 25.441640457422213)
(176.0, 109.0, 24.399090929013511)
(176.0, 110.0, 25.361875800307565)
(176.0, 111.0, 26.935199491581994)
(176.0, 112.0, 26.138078719469448)
(176.0, 113.0, 25.036801835825507)
(176.0, 114.0, 26.46704758599439)
(176.0, 115.0, 23.249172703827909)
(176.0, 116.0, 23.512661811331309)
(176.0, 117.0, 23.237540989652988)
(176.0, 118.0, 27.003749528855824)
(176.0, 119.0, 26.111843698779019)
(176.0, 120.0, 26.217213756991285)
(176.0, 121.0, 26.538906517379438)
(176.0, 122.0, 24.034252223093439)
(176.0, 123.0, 27.48632852106417)
(176.0, 124.0, 24.943465121015009)
(176.0, 125.0, 26.850087027508252)
(176.0, 126.0, 24.749951828848886)
(176.0, 127.0, 26.139768655750334)
(176.0, 128.0, 24.273231180481012)
(176.0, 129.0, 26.151291905686044)
(176.0, 130.0, 26.961538342417796)
(176.0, 131.0, 27.303701744193301)
(176.0, 132.0, 21.565417284204326)
(176.0, 133.0, 21.173420507196607)
(176.0, 134.0, 24.351043368914969)
(176.0, 135.0, 24.550292438702161)
(176.0, 136.0, 25.457897195571146)
(176.0, 137.0, 25.793752618555551)
(176.0, 138.0, 22.181119047239775)
(176.0, 139.0, 28.397717172566708)
(176.0, 140.0, 28.676691333157585)
(176.0, 141.0, 24.490625846222784)
(176.0, 142.0, 25.44115577130275)
(176.0, 143.0, 26.097450617186229)
(176.0, 144.0, 24.644986761847896)
(176.0, 145.0, 25.695003886483345)
(176.0, 146.0, 27.259014575110189)
(176.0, 147.0, 23.800378976339083)
(176.0, 148.0, 24.671961196644762)
(176.0, 149.0, 26.270426120940094)
(176.0, 150.0, 28.533411805113403)
(176.0, 151.0, 28.224120086898171)
(176.0, 152.0, 23.805428046908933)
(176.0, 153.0, 27.406999643879278)
(176.0, 154.0, 27.208886201084074)
(176.0, 155.0, 25.846250031419377)
(176.0, 156.0, 25.259356193382658)
(176.0, 157.0, 27.566747193968112)
(176.0, 158.0, 27.579302948442002)
(176.0, 159.0, 26.492885185038581)
(176.0, 160.0, 24.089636260686646)
(176.0, 161.0, 26.686138383213752)
(176.0, 162.0, 25.706607541711961)
(176.0, 163.0, 24.751128338762648)
(176.0, 164.0, 26.455581059907608)
(176.0, 165.0, 25.609529823702346)
(176.0, 166.0, 26.115906627907826)
(176.0, 167.0, 24.090518195523583)
(176.0, 168.0, 26.69032077228735)
(176.0, 169.0, 25.057529159399259)
(176.0, 170.0, 23.492257079394065)
(176.0, 171.0, 27.835132642356115)
(176.0, 172.0, 28.73347481456711)
(176.0, 173.0, 24.339304121780692)
(176.0, 174.0, 23.122009531784819)
(176.0, 175.0, 26.64856883334658)
(176.0, 176.0, 25.046120448258815)
(176.0, 177.0, 27.699333374604734)
(176.0, 178.0, 25.089848431902666)
(176.0, 179.0, 25.876462717489119)
(176.0, 180.0, 24.297684689987033)
(176.0, 181.0, 26.855455286353898)
(176.0, 182.0, 25.764122092857072)
(176.0, 183.0, 25.264949763622553)
(176.0, 184.0, 24.033213735130115)
(176.0, 185.0, 24.779396575656275)
(176.0, 186.0, 23.640729429044139)
(176.0, 187.0, 27.209522954431556)
(176.0, 188.0, 25.807554886562826)
(176.0, 189.0, 28.531870387428739)
(176.0, 190.0, 27.144654099639105)
(176.0, 191.0, 25.250555406641144)
(176.0, 192.0, 25.177244067444313)
(176.0, 193.0, 25.137086033282703)
(176.0, 194.0, 27.427670353544922)
(176.0, 195.0, 26.373165926321743)
(176.0, 196.0, 25.554758366540991)
(176.0, 197.0, 27.129302527620087)
(176.0, 198.0, 25.161077227987739)
(176.0, 199.0, 25.047337373904888)
(177.0, 0.0, 22.786285029998659)
(177.0, 1.0, 25.448059312837401)
(177.0, 2.0, 24.906728711303217)
(177.0, 3.0, 27.284135957802008)
(177.0, 4.0, 23.54220954167193)
(177.0, 5.0, 26.662149960245966)
(177.0, 6.0, 29.398084555613224)
(177.0, 7.0, 26.315305517707998)
(177.0, 8.0, 23.635259334974297)
(177.0, 9.0, 26.941369566774277)
(177.0, 10.0, 25.533156368003258)
(177.0, 11.0, 27.012066437661634)
(177.0, 12.0, 27.405407143686279)
(177.0, 13.0, 25.560194888229667)
(177.0, 14.0, 27.587104587514595)
(177.0, 15.0, 23.066374923573893)
(177.0, 16.0, 25.066679718862648)
(177.0, 17.0, 26.790047575472684)
(177.0, 18.0, 26.524965225144058)
(177.0, 19.0, 30.109897363061311)
(177.0, 20.0, 26.525160038868371)
(177.0, 21.0, 25.402265191857946)
(177.0, 22.0, 26.944395597476092)
(177.0, 23.0, 28.137040101965621)
(177.0, 24.0, 21.730290122836845)
(177.0, 25.0, 23.094847644862536)
(177.0, 26.0, 24.345943886136087)
(177.0, 27.0, 28.203634578983884)
(177.0, 28.0, 26.898126529108833)
(177.0, 29.0, 26.946719970828074)
(177.0, 30.0, 26.296590740889734)
(177.0, 31.0, 24.182184936039139)
(177.0, 32.0, 26.102465818796343)
(177.0, 33.0, 26.845856713942656)
(177.0, 34.0, 27.917895380388721)
(177.0, 35.0, 27.907998288481306)
(177.0, 36.0, 23.837612933367556)
(177.0, 37.0, 28.44557582710366)
(177.0, 38.0, 27.921317004869721)
(177.0, 39.0, 23.813161199971074)
(177.0, 40.0, 24.319434838539149)
(177.0, 41.0, 25.333289504286821)
(177.0, 42.0, 25.561009508335097)
(177.0, 43.0, 28.478983679923807)
(177.0, 44.0, 29.153631361653336)
(177.0, 45.0, 27.631832734167112)
(177.0, 46.0, 25.444141209498721)
(177.0, 47.0, 26.174851045032334)
(177.0, 48.0, 25.564843235351606)
(177.0, 49.0, 29.663853465023578)
(177.0, 50.0, 28.266624168374594)
(177.0, 51.0, 29.468564972121094)
(177.0, 52.0, 27.825783300224099)
(177.0, 53.0, 26.414025741263501)
(177.0, 54.0, 25.509270160368466)
(177.0, 55.0, 25.6426138321495)
(177.0, 56.0, 28.394376991218593)
(177.0, 57.0, 24.846330721493803)
(177.0, 58.0, 24.2177342082711)
(177.0, 59.0, 25.438508365909009)
(177.0, 60.0, 26.539484979753031)
(177.0, 61.0, 25.309038643999706)
(177.0, 62.0, 27.215666569507164)
(177.0, 63.0, 24.907543198449318)
(177.0, 64.0, 23.228570403185056)
(177.0, 65.0, 25.29697452411747)
(177.0, 66.0, 26.668765740429553)
(177.0, 67.0, 26.774187771640602)
(177.0, 68.0, 27.812217869489253)
(177.0, 69.0, 26.567548919108617)
(177.0, 70.0, 27.791471965413471)
(177.0, 71.0, 25.922520133817439)
(177.0, 72.0, 23.225422007862139)
(177.0, 73.0, 24.885908251381338)
(177.0, 74.0, 25.984208090142047)
(177.0, 75.0, 29.412367058045369)
(177.0, 76.0, 26.612768232558739)
(177.0, 77.0, 24.804626887973711)
(177.0, 78.0, 25.195364732914161)
(177.0, 79.0, 25.929118926805611)
(177.0, 80.0, 27.228395062340848)
(177.0, 81.0, 22.456166211412999)
(177.0, 82.0, 22.897791357672858)
(177.0, 83.0, 24.48693363070862)
(177.0, 84.0, 27.043978163194407)
(177.0, 85.0, 27.926334476935359)
(177.0, 86.0, 27.888844847172166)
(177.0, 87.0, 24.481937091240379)
(177.0, 88.0, 26.530330575780997)
(177.0, 89.0, 27.462313140466406)
(177.0, 90.0, 26.07226257192282)
(177.0, 91.0, 26.105524950319012)
(177.0, 92.0, 25.026392009951923)
(177.0, 93.0, 26.131252070978348)
(177.0, 94.0, 26.458864592158136)
(177.0, 95.0, 25.250201661270236)
(177.0, 96.0, 25.470604453942421)
(177.0, 97.0, 27.234302114029731)
(177.0, 98.0, 25.701971058677895)
(177.0, 99.0, 25.609798463028721)
(177.0, 100.0, 29.241677181080572)
(177.0, 101.0, 25.266103321945273)
(177.0, 102.0, 25.438482106042393)
(177.0, 103.0, 27.741028734038323)
(177.0, 104.0, 29.321651004178058)
(177.0, 105.0, 26.920482345284924)
(177.0, 106.0, 25.345515544100966)
(177.0, 107.0, 25.8485813624897)
(177.0, 108.0, 26.347908576786462)
(177.0, 109.0, 24.961888262785614)
(177.0, 110.0, 26.529762126366357)
(177.0, 111.0, 28.481823956318429)
(177.0, 112.0, 27.515725900907047)
(177.0, 113.0, 26.468493231712884)
(177.0, 114.0, 27.565458777601137)
(177.0, 115.0, 24.59199398100882)
(177.0, 116.0, 25.017223383810496)
(177.0, 117.0, 23.206464793066765)
(177.0, 118.0, 28.342565567851011)
(177.0, 119.0, 26.676354467100523)
(177.0, 120.0, 27.781579280399363)
(177.0, 121.0, 27.663445449861033)
(177.0, 122.0, 26.519611699608149)
(177.0, 123.0, 29.548487668532054)
(177.0, 124.0, 27.082233741189711)
(177.0, 125.0, 28.036462545138811)
(177.0, 126.0, 25.713774493561601)
(177.0, 127.0, 28.106134075877957)
(177.0, 128.0, 27.164907896448476)
(177.0, 129.0, 29.00176004499999)
(177.0, 130.0, 26.187944207779058)
(177.0, 131.0, 27.13050259608826)
(177.0, 132.0, 23.470566828020214)
(177.0, 133.0, 23.889613123040977)
(177.0, 134.0, 26.02356711234728)
(177.0, 135.0, 27.266759117659088)
(177.0, 136.0, 27.28111528472671)
(177.0, 137.0, 26.513520870007994)
(177.0, 138.0, 24.168878463721612)
(177.0, 139.0, 29.423700957333768)
(177.0, 140.0, 28.101649345687004)
(177.0, 141.0, 26.359878873830304)
(177.0, 142.0, 25.181504062055886)
(177.0, 143.0, 28.391744717856753)
(177.0, 144.0, 25.3951778428283)
(177.0, 145.0, 27.580990044280675)
(177.0, 146.0, 27.857577613128072)
(177.0, 147.0, 23.488266439769227)
(177.0, 148.0, 25.248830971580013)
(177.0, 149.0, 26.442141506255965)
(177.0, 150.0, 29.76012239991239)
(177.0, 151.0, 29.9373651735667)
(177.0, 152.0, 25.385600387443692)
(177.0, 153.0, 28.422870211039481)
(177.0, 154.0, 27.635340698138087)
(177.0, 155.0, 27.452713788288399)
(177.0, 156.0, 28.554167166870677)
(177.0, 157.0, 29.75281261668146)
(177.0, 158.0, 27.726404131200802)
(177.0, 159.0, 26.964963964799743)
(177.0, 160.0, 25.938918186026505)
(177.0, 161.0, 26.938899877689174)
(177.0, 162.0, 25.829866150506192)
(177.0, 163.0, 24.838381040686592)
(177.0, 164.0, 25.50370897382334)
(177.0, 165.0, 26.538943810057003)
(177.0, 166.0, 27.796600766615743)
(177.0, 167.0, 26.164577269382129)
(177.0, 168.0, 27.183251515202372)
(177.0, 169.0, 26.797671467219089)
(177.0, 170.0, 26.926793403994566)
(177.0, 171.0, 28.420540838245394)
(177.0, 172.0, 29.13905012243443)
(177.0, 173.0, 25.906340391829719)
(177.0, 174.0, 24.162481467067671)
(177.0, 175.0, 27.833529700891248)
(177.0, 176.0, 25.914085737574982)
(177.0, 177.0, 29.449867363060701)
(177.0, 178.0, 24.20376513702519)
(177.0, 179.0, 29.379919488003218)
(177.0, 180.0, 26.630473931655143)
(177.0, 181.0, 29.33490044101978)
(177.0, 182.0, 26.164464385862317)
(177.0, 183.0, 26.037080040923428)
(177.0, 184.0, 25.874742446156638)
(177.0, 185.0, 24.459185318738989)
(177.0, 186.0, 25.605122688869692)
(177.0, 187.0, 27.983621213274688)
(177.0, 188.0, 26.094785132167861)
(177.0, 189.0, 28.872436031897131)
(177.0, 190.0, 27.834586196742251)
(177.0, 191.0, 24.950798966774798)
(177.0, 192.0, 28.643621939788872)
(177.0, 193.0, 27.449047844103827)
(177.0, 194.0, 28.412626206712943)
(177.0, 195.0, 26.486654948593312)
(177.0, 196.0, 28.264542482619223)
(177.0, 197.0, 27.68456517118506)
(177.0, 198.0, 24.871529204623002)
(177.0, 199.0, 27.189906559206186)
(178.0, 0.0, 21.067169522895099)
(178.0, 1.0, 25.463672232986372)
(178.0, 2.0, 22.571661467832776)
(178.0, 3.0, 27.241661930074919)
(178.0, 4.0, 23.334343365772249)
(178.0, 5.0, 24.304390214345144)
(178.0, 6.0, 27.101322958643969)
(178.0, 7.0, 24.181003227548171)
(178.0, 8.0, 22.195398749223639)
(178.0, 9.0, 24.703931290175962)
(178.0, 10.0, 22.518273396903027)
(178.0, 11.0, 26.993757250991507)
(178.0, 12.0, 24.998939998807458)
(178.0, 13.0, 23.921020709236458)
(178.0, 14.0, 23.381998273246026)
(178.0, 15.0, 24.209108206881552)
(178.0, 16.0, 23.835493053823257)
(178.0, 17.0, 25.860536556892274)
(178.0, 18.0, 24.984870318968184)
(178.0, 19.0, 29.053192063805824)
(178.0, 20.0, 25.517737944000579)
(178.0, 21.0, 23.249731482855264)
(178.0, 22.0, 26.953761248192023)
(178.0, 23.0, 27.038168462282542)
(178.0, 24.0, 19.323418640658055)
(178.0, 25.0, 21.541156560502408)
(178.0, 26.0, 21.722105998458019)
(178.0, 27.0, 27.661616400894356)
(178.0, 28.0, 25.447255993236428)
(178.0, 29.0, 25.433447728729309)
(178.0, 30.0, 24.464432670705996)
(178.0, 31.0, 22.132747069007316)
(178.0, 32.0, 25.071609300557139)
(178.0, 33.0, 24.01492156761185)
(178.0, 34.0, 25.751974404560748)
(178.0, 35.0, 24.547002377677739)
(178.0, 36.0, 21.61655787523798)
(178.0, 37.0, 25.7122553997492)
(178.0, 38.0, 27.90921176818518)
(178.0, 39.0, 21.612366938726897)
(178.0, 40.0, 23.65150855416352)
(178.0, 41.0, 24.149901297304655)
(178.0, 42.0, 24.043134562227259)
(178.0, 43.0, 25.291351229251617)
(178.0, 44.0, 28.193344832123032)
(178.0, 45.0, 24.876258987101931)
(178.0, 46.0, 25.342676655847509)
(178.0, 47.0, 24.516381300141433)
(178.0, 48.0, 23.227497797222476)
(178.0, 49.0, 26.474052700678389)
(178.0, 50.0, 27.006047006217354)
(178.0, 51.0, 25.773044480533471)
(178.0, 52.0, 25.824563270882351)
(178.0, 53.0, 23.114264606540111)
(178.0, 54.0, 23.490491450860628)
(178.0, 55.0, 25.231809218761999)
(178.0, 56.0, 25.152380302589879)
(178.0, 57.0, 23.844762802589997)
(178.0, 58.0, 23.367427080169701)
(178.0, 59.0, 25.797252064717043)
(178.0, 60.0, 25.951616099226854)
(178.0, 61.0, 22.742324455356144)
(178.0, 62.0, 25.309365961727867)
(178.0, 63.0, 23.046020936629954)
(178.0, 64.0, 21.731942006359009)
(178.0, 65.0, 23.509001998954165)
(178.0, 66.0, 27.238682196922301)
(178.0, 67.0, 24.537731474347343)
(178.0, 68.0, 26.154278715905441)
(178.0, 69.0, 24.584850360708302)
(178.0, 70.0, 25.703478136353855)
(178.0, 71.0, 24.355234443354902)
(178.0, 72.0, 21.018420330402193)
(178.0, 73.0, 24.391073663922931)
(178.0, 74.0, 24.408595560072129)
(178.0, 75.0, 26.052595664099094)
(178.0, 76.0, 24.212501382079598)
(178.0, 77.0, 22.732094064621513)
(178.0, 78.0, 23.839570200421555)
(178.0, 79.0, 23.907225014668242)
(178.0, 80.0, 27.863925120953553)
(178.0, 81.0, 20.785157281409791)
(178.0, 82.0, 21.701248640527538)
(178.0, 83.0, 23.508079636141161)
(178.0, 84.0, 26.534751673971353)
(178.0, 85.0, 26.708944631089715)
(178.0, 86.0, 26.316263461009733)
(178.0, 87.0, 23.014075464259051)
(178.0, 88.0, 25.887039746353757)
(178.0, 89.0, 26.536728668272996)
(178.0, 90.0, 23.589323161346123)
(178.0, 91.0, 25.28206831944248)
(178.0, 92.0, 23.708363123040037)
(178.0, 93.0, 25.834098737969406)
(178.0, 94.0, 26.766633630992118)
(178.0, 95.0, 23.649118485591146)
(178.0, 96.0, 21.941226548665476)
(178.0, 97.0, 25.305993767104528)
(178.0, 98.0, 23.495619710245194)
(178.0, 99.0, 24.740861482551121)
(178.0, 100.0, 23.956442431569361)
(178.0, 101.0, 23.862794649077546)
(178.0, 102.0, 24.761070358751713)
(178.0, 103.0, 27.069946217554289)
(178.0, 104.0, 27.73316026647479)
(178.0, 105.0, 24.754149650534185)
(178.0, 106.0, 24.645184155773048)
(178.0, 107.0, 22.707809359662786)
(178.0, 108.0, 25.194406579385614)
(178.0, 109.0, 23.206102782009772)
(178.0, 110.0, 24.855174704433658)
(178.0, 111.0, 25.530391785777322)
(178.0, 112.0, 26.944581049823682)
(178.0, 113.0, 25.117008826297681)
(178.0, 114.0, 26.370617643170533)
(178.0, 115.0, 23.386962680567773)
(178.0, 116.0, 22.978733938734823)
(178.0, 117.0, 20.547755009027323)
(178.0, 118.0, 25.862251877629781)
(178.0, 119.0, 24.96861248682545)
(178.0, 120.0, 25.170195385138989)
(178.0, 121.0, 27.881121889994247)
(178.0, 122.0, 24.170342038438932)
(178.0, 123.0, 27.533648317671133)
(178.0, 124.0, 24.532435992669637)
(178.0, 125.0, 26.330129674869049)
(178.0, 126.0, 23.492140362755404)
(178.0, 127.0, 25.590643846778313)
(178.0, 128.0, 24.732743647346972)
(178.0, 129.0, 27.636792280403618)
(178.0, 130.0, 26.703093136505473)
(178.0, 131.0, 24.606151082867495)
(178.0, 132.0, 21.943401657774544)
(178.0, 133.0, 23.282607778714951)
(178.0, 134.0, 26.101191151100082)
(178.0, 135.0, 25.105493135820822)
(178.0, 136.0, 25.222698936813664)
(178.0, 137.0, 25.132069822545539)
(178.0, 138.0, 21.848507583310813)
(178.0, 139.0, 27.784344802185341)
(178.0, 140.0, 28.167824660694272)
(178.0, 141.0, 23.965750174866734)
(178.0, 142.0, 25.50462756562786)
(178.0, 143.0, 28.267863083732468)
(178.0, 144.0, 23.009374172293455)
(178.0, 145.0, 25.230376063340252)
(178.0, 146.0, 28.339440685029942)
(178.0, 147.0, 22.839735602169554)
(178.0, 148.0, 22.354746888539314)
(178.0, 149.0, 24.914765704765813)
(178.0, 150.0, 27.709384621204165)
(178.0, 151.0, 28.28538542553845)
(178.0, 152.0, 23.45362206127734)
(178.0, 153.0, 27.433673250124393)
(178.0, 154.0, 26.123452946227442)
(178.0, 155.0, 25.441422387137415)
(178.0, 156.0, 24.233617500468817)
(178.0, 157.0, 28.078526435151677)
(178.0, 158.0, 25.828207436507526)
(178.0, 159.0, 25.029230514328194)
(178.0, 160.0, 25.176252329750056)
(178.0, 161.0, 25.85454098885538)
(178.0, 162.0, 24.315758621856325)
(178.0, 163.0, 23.95852594809535)
(178.0, 164.0, 24.290624069300115)
(178.0, 165.0, 24.648196341878638)
(178.0, 166.0, 27.522862431707878)
(178.0, 167.0, 24.856196079796828)
(178.0, 168.0, 24.878396379952484)
(178.0, 169.0, 24.68712097766873)
(178.0, 170.0, 23.544027056328787)
(178.0, 171.0, 25.639674770202568)
(178.0, 172.0, 28.399543733916868)
(178.0, 173.0, 25.906982806446038)
(178.0, 174.0, 22.097804533863481)
(178.0, 175.0, 26.442304306196441)
(178.0, 176.0, 23.667828044026244)
(178.0, 177.0, 26.593510413094258)
(178.0, 178.0, 23.372233509528726)
(178.0, 179.0, 25.141857821850866)
(178.0, 180.0, 26.40140754297153)
(178.0, 181.0, 25.767793920761029)
(178.0, 182.0, 26.186186509489517)
(178.0, 183.0, 24.881855568568959)
(178.0, 184.0, 24.806021955782949)
(178.0, 185.0, 25.562943552907903)
(178.0, 186.0, 22.475161856460158)
(178.0, 187.0, 27.04304591813494)
(178.0, 188.0, 24.610430820398253)
(178.0, 189.0, 27.182270964539619)
(178.0, 190.0, 24.534022127514966)
(178.0, 191.0, 23.889253720509522)
(178.0, 192.0, 25.697054681862419)
(178.0, 193.0, 24.539793727805279)
(178.0, 194.0, 25.639395220137772)
(178.0, 195.0, 24.84607204580735)
(178.0, 196.0, 25.941892288580036)
(178.0, 197.0, 25.231597221762645)
(178.0, 198.0, 24.273503811645732)
(178.0, 199.0, 24.367956388350606)
(179.0, 0.0, 25.048967472009629)
(179.0, 1.0, 27.251730117879848)
(179.0, 2.0, 26.329250894812219)
(179.0, 3.0, 29.763370929981225)
(179.0, 4.0, 25.520319979065697)
(179.0, 5.0, 29.014485118089986)
(179.0, 6.0, 30.279108502937444)
(179.0, 7.0, 29.370346058666961)
(179.0, 8.0, 23.322013902695048)
(179.0, 9.0, 28.441706890831188)
(179.0, 10.0, 27.699898130076384)
(179.0, 11.0, 28.698106048142577)
(179.0, 12.0, 28.784926598187194)
(179.0, 13.0, 27.552386197354782)
(179.0, 14.0, 28.431278829092225)
(179.0, 15.0, 26.19343777931665)
(179.0, 16.0, 27.836719441603783)
(179.0, 17.0, 28.971777975759302)
(179.0, 18.0, 29.689313883170268)
(179.0, 19.0, 33.512357668209965)
(179.0, 20.0, 28.345829202839244)
(179.0, 21.0, 26.940677103480244)
(179.0, 22.0, 30.383035643648974)
(179.0, 23.0, 31.79932949474054)
(179.0, 24.0, 21.785837623822189)
(179.0, 25.0, 25.340386548145311)
(179.0, 26.0, 26.135449842135955)
(179.0, 27.0, 32.779476808527797)
(179.0, 28.0, 27.858984967108537)
(179.0, 29.0, 26.823280794136956)
(179.0, 30.0, 28.099900978600978)
(179.0, 31.0, 26.102970565615205)
(179.0, 32.0, 28.681799815705389)
(179.0, 33.0, 26.84876826065814)
(179.0, 34.0, 27.130040429711059)
(179.0, 35.0, 29.837551697618174)
(179.0, 36.0, 24.601104386151757)
(179.0, 37.0, 29.684789305610359)
(179.0, 38.0, 30.691651293444181)
(179.0, 39.0, 25.208466394707774)
(179.0, 40.0, 25.791883562754499)
(179.0, 41.0, 28.091180825155064)
(179.0, 42.0, 27.364452626447822)
(179.0, 43.0, 29.582014459583871)
(179.0, 44.0, 30.765648148569095)
(179.0, 45.0, 30.403907979733731)
(179.0, 46.0, 28.645801593675376)
(179.0, 47.0, 27.068605737603441)
(179.0, 48.0, 26.338885405002586)
(179.0, 49.0, 30.742369212452399)
(179.0, 50.0, 32.133582278833856)
(179.0, 51.0, 29.270602060455694)
(179.0, 52.0, 29.994326391121469)
(179.0, 53.0, 26.421441019173862)
(179.0, 54.0, 26.263808189623134)
(179.0, 55.0, 29.383909774612771)
(179.0, 56.0, 29.083236806485601)
(179.0, 57.0, 25.364353842472475)
(179.0, 58.0, 26.215426504082153)
(179.0, 59.0, 27.861618279037398)
(179.0, 60.0, 27.917209525127973)
(179.0, 61.0, 24.995336641407899)
(179.0, 62.0, 29.787716774963783)
(179.0, 63.0, 28.013037661268488)
(179.0, 64.0, 25.917974151398688)
(179.0, 65.0, 27.901713030010605)
(179.0, 66.0, 27.725683952169085)
(179.0, 67.0, 27.930825455541175)
(179.0, 68.0, 28.724055476746763)
(179.0, 69.0, 27.227912620488386)
(179.0, 70.0, 30.195569921881393)
(179.0, 71.0, 26.954812482016621)
(179.0, 72.0, 25.370600000665984)
(179.0, 73.0, 25.333813505586441)
(179.0, 74.0, 29.045652414258786)
(179.0, 75.0, 29.669044472462023)
(179.0, 76.0, 28.673407373207432)
(179.0, 77.0, 26.966451162036069)
(179.0, 78.0, 29.649413839895274)
(179.0, 79.0, 26.216804064629841)
(179.0, 80.0, 28.701608490798982)
(179.0, 81.0, 23.550505946721096)
(179.0, 82.0, 24.160797192011422)
(179.0, 83.0, 27.050447828677171)
(179.0, 84.0, 30.379789553824253)
(179.0, 85.0, 30.495584084463054)
(179.0, 86.0, 28.19273245923533)
(179.0, 87.0, 27.086908394248248)
(179.0, 88.0, 30.586733889644982)
(179.0, 89.0, 30.560440629297478)
(179.0, 90.0, 28.240536574347651)
(179.0, 91.0, 27.225602953683246)
(179.0, 92.0, 27.750463033624985)
(179.0, 93.0, 28.992444093326927)
(179.0, 94.0, 28.761208657313958)
(179.0, 95.0, 27.715172749184649)
(179.0, 96.0, 26.628088693801359)
(179.0, 97.0, 29.630517930495994)
(179.0, 98.0, 27.275737200389131)
(179.0, 99.0, 28.281720499283022)
(179.0, 100.0, 29.427158487427128)
(179.0, 101.0, 26.593634785611886)
(179.0, 102.0, 28.226504780300516)
(179.0, 103.0, 30.222497852331145)
(179.0, 104.0, 30.34885802962372)
(179.0, 105.0, 28.280181174606888)
(179.0, 106.0, 27.789896320651099)
(179.0, 107.0, 26.392265637732866)
(179.0, 108.0, 26.968143178942931)
(179.0, 109.0, 28.031303917611538)
(179.0, 110.0, 27.850587921331481)
(179.0, 111.0, 29.145958751444027)
(179.0, 112.0, 30.673396461351107)
(179.0, 113.0, 29.444417289417704)
(179.0, 114.0, 29.952075564519561)
(179.0, 115.0, 28.027579463968063)
(179.0, 116.0, 26.664086584521883)
(179.0, 117.0, 23.590931275528671)
(179.0, 118.0, 31.877128494083799)
(179.0, 119.0, 29.440088930476456)
(179.0, 120.0, 28.611378748342489)
(179.0, 121.0, 28.16709777931294)
(179.0, 122.0, 29.985330970383338)
(179.0, 123.0, 30.838905227330393)
(179.0, 124.0, 28.430381423952799)
(179.0, 125.0, 29.517672835765215)
(179.0, 126.0, 26.320133288779008)
(179.0, 127.0, 28.165393635106028)
(179.0, 128.0, 28.094050072739147)
(179.0, 129.0, 31.385537744352551)
(179.0, 130.0, 28.635843717813668)
(179.0, 131.0, 29.244501823126793)
(179.0, 132.0, 23.954344663470394)
(179.0, 133.0, 25.334879019478024)
(179.0, 134.0, 28.63753587856694)
(179.0, 135.0, 28.317627227604966)
(179.0, 136.0, 30.319663220862694)
(179.0, 137.0, 28.592446035699897)
(179.0, 138.0, 24.043965920706455)
(179.0, 139.0, 31.997208916708399)
(179.0, 140.0, 32.174006998887123)
(179.0, 141.0, 27.214906592989536)
(179.0, 142.0, 27.876748818070396)
(179.0, 143.0, 30.015414411041419)
(179.0, 144.0, 27.411878908722265)
(179.0, 145.0, 30.159788653050061)
(179.0, 146.0, 30.37225069420591)
(179.0, 147.0, 26.076251402910383)
(179.0, 148.0, 28.265850620921277)
(179.0, 149.0, 29.312424669139858)
(179.0, 150.0, 32.121307496773966)
(179.0, 151.0, 32.3381124142388)
(179.0, 152.0, 28.080828655861325)
(179.0, 153.0, 30.031293557643881)
(179.0, 154.0, 30.092536199241248)
(179.0, 155.0, 31.087483747303917)
(179.0, 156.0, 28.9806426496488)
(179.0, 157.0, 30.925816395717224)
(179.0, 158.0, 30.458736024164992)
(179.0, 159.0, 28.498717321508625)
(179.0, 160.0, 25.595735445080617)
(179.0, 161.0, 29.675545800181077)
(179.0, 162.0, 28.671184057090574)
(179.0, 163.0, 25.738881594770017)
(179.0, 164.0, 27.326853267705374)
(179.0, 165.0, 27.157242629018953)
(179.0, 166.0, 30.466111290787268)
(179.0, 167.0, 27.735158211182362)
(179.0, 168.0, 28.757224114898325)
(179.0, 169.0, 27.124932125741797)
(179.0, 170.0, 26.781078571458224)
(179.0, 171.0, 31.093977734641459)
(179.0, 172.0, 31.103641850211201)
(179.0, 173.0, 27.167730487158089)
(179.0, 174.0, 24.469331605867218)
(179.0, 175.0, 29.062318614681239)
(179.0, 176.0, 25.698985832716257)
(179.0, 177.0, 30.296962016033479)
(179.0, 178.0, 27.212191288441808)
(179.0, 179.0, 30.308257629574666)
(179.0, 180.0, 27.573888771692115)
(179.0, 181.0, 29.874173755017079)
(179.0, 182.0, 28.979589988791723)
(179.0, 183.0, 27.177381237748012)
(179.0, 184.0, 26.48228129467126)
(179.0, 185.0, 26.291505822744579)
(179.0, 186.0, 28.660842787323233)
(179.0, 187.0, 29.828033063538953)
(179.0, 188.0, 27.179133900724288)
(179.0, 189.0, 30.045804647835126)
(179.0, 190.0, 29.275632903856412)
(179.0, 191.0, 26.936648244096119)
(179.0, 192.0, 29.284038568200085)
(179.0, 193.0, 27.794518748148231)
(179.0, 194.0, 29.014771394213241)
(179.0, 195.0, 30.348160313497381)
(179.0, 196.0, 30.343278225145909)
(179.0, 197.0, 30.453502483324822)
(179.0, 198.0, 27.846223344058298)
(179.0, 199.0, 29.358849062506664)
(180.0, 0.0, 23.785411857614502)
(180.0, 1.0, 27.421546836501701)
(180.0, 2.0, 24.589320437643817)
(180.0, 3.0, 26.513456301456781)
(180.0, 4.0, 22.900730913038593)
(180.0, 5.0, 27.689976128016969)
(180.0, 6.0, 28.108769604281719)
(180.0, 7.0, 25.848638712397335)
(180.0, 8.0, 24.176510150590737)
(180.0, 9.0, 26.484549262843661)
(180.0, 10.0, 24.266594368466397)
(180.0, 11.0, 27.152438264469769)
(180.0, 12.0, 27.255540257936627)
(180.0, 13.0, 25.009826153690526)
(180.0, 14.0, 26.592083090214967)
(180.0, 15.0, 25.421937707876243)
(180.0, 16.0, 23.264218599672759)
(180.0, 17.0, 27.02603050541471)
(180.0, 18.0, 27.255953664783743)
(180.0, 19.0, 29.450956281804327)
(180.0, 20.0, 26.607606372503938)
(180.0, 21.0, 25.616458251419704)
(180.0, 22.0, 26.432276090451772)
(180.0, 23.0, 26.266394003188928)
(180.0, 24.0, 20.483862840794536)
(180.0, 25.0, 22.872246992219139)
(180.0, 26.0, 25.635634599511747)
(180.0, 27.0, 29.96157290874395)
(180.0, 28.0, 25.923107066078806)
(180.0, 29.0, 24.493921177458002)
(180.0, 30.0, 25.183788489137658)
(180.0, 31.0, 26.554128886501644)
(180.0, 32.0, 26.650378376526149)
(180.0, 33.0, 26.027955094208345)
(180.0, 34.0, 26.20785688707106)
(180.0, 35.0, 27.722663939323247)
(180.0, 36.0, 25.6286650104622)
(180.0, 37.0, 27.250023848890333)
(180.0, 38.0, 25.838810896331857)
(180.0, 39.0, 24.14784820995159)
(180.0, 40.0, 24.658379265278167)
(180.0, 41.0, 25.900010464648712)
(180.0, 42.0, 24.627884224211961)
(180.0, 43.0, 27.689620429856856)
(180.0, 44.0, 28.194568337925588)
(180.0, 45.0, 27.029946672960676)
(180.0, 46.0, 26.087943232063651)
(180.0, 47.0, 26.277523199261545)
(180.0, 48.0, 22.17074152688166)
(180.0, 49.0, 29.593200667388952)
(180.0, 50.0, 27.612897450509465)
(180.0, 51.0, 27.229487279276952)
(180.0, 52.0, 26.486494029499472)
(180.0, 53.0, 25.248893968889767)
(180.0, 54.0, 23.565252346292262)
(180.0, 55.0, 25.188184512331251)
(180.0, 56.0, 28.272841696363045)
(180.0, 57.0, 25.668756214084329)
(180.0, 58.0, 25.297765193105587)
(180.0, 59.0, 24.096295292701718)
(180.0, 60.0, 27.968752817241182)
(180.0, 61.0, 24.074609930248378)
(180.0, 62.0, 27.164253575024478)
(180.0, 63.0, 24.815716360346673)
(180.0, 64.0, 24.878921200353332)
(180.0, 65.0, 24.670111824470471)
(180.0, 66.0, 25.437650454054189)
(180.0, 67.0, 25.508144866660142)
(180.0, 68.0, 27.628966942234712)
(180.0, 69.0, 26.248333882605088)
(180.0, 70.0, 28.326006923470903)
(180.0, 71.0, 25.05203178982158)
(180.0, 72.0, 24.53421905239545)
(180.0, 73.0, 22.34233613021043)
(180.0, 74.0, 25.43784982187546)
(180.0, 75.0, 26.399841637039302)
(180.0, 76.0, 25.007707145719252)
(180.0, 77.0, 22.891267275363532)
(180.0, 78.0, 25.727307113563093)
(180.0, 79.0, 26.345355731598172)
(180.0, 80.0, 28.336783065739354)
(180.0, 81.0, 23.037693521009587)
(180.0, 82.0, 22.838577142635206)
(180.0, 83.0, 24.429717481119443)
(180.0, 84.0, 27.521633793001605)
(180.0, 85.0, 26.971551432444741)
(180.0, 86.0, 26.807588050163083)
(180.0, 87.0, 24.909307390362361)
(180.0, 88.0, 26.030065858507673)
(180.0, 89.0, 26.045660055816711)
(180.0, 90.0, 26.476864730635647)
(180.0, 91.0, 25.375911595300039)
(180.0, 92.0, 24.242397209332914)
(180.0, 93.0, 27.840998095818819)
(180.0, 94.0, 26.167699740211457)
(180.0, 95.0, 23.598980197709352)
(180.0, 96.0, 22.881211235757664)
(180.0, 97.0, 26.449241613595113)
(180.0, 98.0, 24.204276568704557)
(180.0, 99.0, 27.110173129086593)
(180.0, 100.0, 27.253209157194238)
(180.0, 101.0, 23.521126216841179)
(180.0, 102.0, 26.818091892887409)
(180.0, 103.0, 25.987659976993726)
(180.0, 104.0, 28.726085208991492)
(180.0, 105.0, 26.684434221358185)
(180.0, 106.0, 24.19435370782822)
(180.0, 107.0, 24.682878423770649)
(180.0, 108.0, 23.964883207352901)
(180.0, 109.0, 24.91373725842206)
(180.0, 110.0, 26.156086936995862)
(180.0, 111.0, 26.132366214799294)
(180.0, 112.0, 30.027517130346407)
(180.0, 113.0, 26.747184869926635)
(180.0, 114.0, 26.732552050188978)
(180.0, 115.0, 25.029059768156326)
(180.0, 116.0, 24.273626205913764)
(180.0, 117.0, 23.262849749039418)
(180.0, 118.0, 26.574908060506257)
(180.0, 119.0, 26.444289884123066)
(180.0, 120.0, 25.632310193923487)
(180.0, 121.0, 27.309555910936389)
(180.0, 122.0, 24.823818511020463)
(180.0, 123.0, 27.627036862740777)
(180.0, 124.0, 26.48722501005842)
(180.0, 125.0, 27.984079761478124)
(180.0, 126.0, 26.530935840789823)
(180.0, 127.0, 27.967614954504331)
(180.0, 128.0, 25.755050392323035)
(180.0, 129.0, 27.475332885966413)
(180.0, 130.0, 25.779654480153553)
(180.0, 131.0, 27.38772169604789)
(180.0, 132.0, 22.654023852708555)
(180.0, 133.0, 22.994860698366058)
(180.0, 134.0, 27.510104071824703)
(180.0, 135.0, 26.138068536455418)
(180.0, 136.0, 25.061211204120369)
(180.0, 137.0, 25.547645453490254)
(180.0, 138.0, 23.946314579469512)
(180.0, 139.0, 28.779451006024189)
(180.0, 140.0, 27.960517596888945)
(180.0, 141.0, 26.81139165141305)
(180.0, 142.0, 25.713733862491694)
(180.0, 143.0, 26.071375010303832)
(180.0, 144.0, 25.043028365357042)
(180.0, 145.0, 24.117616791332786)
(180.0, 146.0, 28.222779830257803)
(180.0, 147.0, 23.474908428468559)
(180.0, 148.0, 26.039154295161406)
(180.0, 149.0, 28.900376371168168)
(180.0, 150.0, 29.450864733357506)
(180.0, 151.0, 29.406018835325852)
(180.0, 152.0, 27.626667865266541)
(180.0, 153.0, 28.373604427287574)
(180.0, 154.0, 26.895271472856834)
(180.0, 155.0, 26.331108549116706)
(180.0, 156.0, 28.14365863201304)
(180.0, 157.0, 28.437137590380161)
(180.0, 158.0, 28.220781104215583)
(180.0, 159.0, 27.804614273395874)
(180.0, 160.0, 24.03805578086417)
(180.0, 161.0, 25.877112833501982)
(180.0, 162.0, 27.079513860222917)
(180.0, 163.0, 23.069342244531139)
(180.0, 164.0, 25.215365934267041)
(180.0, 165.0, 27.607266680653609)
(180.0, 166.0, 27.976591342829856)
(180.0, 167.0, 25.184121791647865)
(180.0, 168.0, 26.097066803737878)
(180.0, 169.0, 25.166152418881044)
(180.0, 170.0, 24.620998831600453)
(180.0, 171.0, 27.997088611075348)
(180.0, 172.0, 28.838888720667601)
(180.0, 173.0, 26.290252584460156)
(180.0, 174.0, 23.444633791056305)
(180.0, 175.0, 27.337332084952873)
(180.0, 176.0, 25.981860635588447)
(180.0, 177.0, 27.055110230609742)
(180.0, 178.0, 24.557776038242629)
(180.0, 179.0, 28.449350448607436)
(180.0, 180.0, 25.861941707834944)
(180.0, 181.0, 25.151511210896928)
(180.0, 182.0, 24.77387102419133)
(180.0, 183.0, 25.240500842009528)
(180.0, 184.0, 24.401362758857609)
(180.0, 185.0, 24.791700582050609)
(180.0, 186.0, 25.460094951767832)
(180.0, 187.0, 28.874102901857938)
(180.0, 188.0, 27.037101467967354)
(180.0, 189.0, 28.778029662339868)
(180.0, 190.0, 28.284219581178942)
(180.0, 191.0, 25.652508028524572)
(180.0, 192.0, 25.54970748397681)
(180.0, 193.0, 27.112385273917035)
(180.0, 194.0, 28.25635179590612)
(180.0, 195.0, 26.501653232077715)
(180.0, 196.0, 27.165957250909443)
(180.0, 197.0, 27.396598063998887)
(180.0, 198.0, 26.198094829134572)
(180.0, 199.0, 26.332539077436028)
(181.0, 0.0, 20.472173009190122)
(181.0, 1.0, 22.807275813139711)
(181.0, 2.0, 24.030081876790952)
(181.0, 3.0, 26.062537646283069)
(181.0, 4.0, 21.980529273527193)
(181.0, 5.0, 23.737687522550537)
(181.0, 6.0, 26.635207021352528)
(181.0, 7.0, 25.364375006924288)
(181.0, 8.0, 21.653864498643653)
(181.0, 9.0, 26.313388016384984)
(181.0, 10.0, 22.847612695262427)
(181.0, 11.0, 24.201861144895283)
(181.0, 12.0, 26.947128447274107)
(181.0, 13.0, 24.536577497831644)
(181.0, 14.0, 24.700262767704643)
(181.0, 15.0, 22.164781205208499)
(181.0, 16.0, 22.399891888099564)
(181.0, 17.0, 24.354857285276779)
(181.0, 18.0, 23.070727274729517)
(181.0, 19.0, 29.303898732091348)
(181.0, 20.0, 24.672535153270168)
(181.0, 21.0, 22.966797400728101)
(181.0, 22.0, 25.976544668952478)
(181.0, 23.0, 26.083632698681448)
(181.0, 24.0, 20.580155237925304)
(181.0, 25.0, 18.469705398021453)
(181.0, 26.0, 23.2080969229998)
(181.0, 27.0, 28.202654532358054)
(181.0, 28.0, 24.298810108317639)
(181.0, 29.0, 24.867089197458657)
(181.0, 30.0, 23.089307700608984)
(181.0, 31.0, 22.902339012292906)
(181.0, 32.0, 25.066973780600502)
(181.0, 33.0, 25.496428295198626)
(181.0, 34.0, 23.796073689478753)
(181.0, 35.0, 25.89408257429622)
(181.0, 36.0, 22.141327545661969)
(181.0, 37.0, 25.428672313299529)
(181.0, 38.0, 25.579653796571669)
(181.0, 39.0, 21.801760276783341)
(181.0, 40.0, 22.973409899991751)
(181.0, 41.0, 24.058819598776921)
(181.0, 42.0, 23.773216286119478)
(181.0, 43.0, 25.051130146543276)
(181.0, 44.0, 28.500885295132726)
(181.0, 45.0, 26.708074928681938)
(181.0, 46.0, 24.01975871477104)
(181.0, 47.0, 23.854376769299044)
(181.0, 48.0, 21.566739690049666)
(181.0, 49.0, 26.576714676490056)
(181.0, 50.0, 26.877970835416605)
(181.0, 51.0, 26.111410292431891)
(181.0, 52.0, 26.24648364868758)
(181.0, 53.0, 23.965919698891977)
(181.0, 54.0, 23.122641811634267)
(181.0, 55.0, 23.736122973545793)
(181.0, 56.0, 25.792682573075918)
(181.0, 57.0, 25.178377367018285)
(181.0, 58.0, 24.103525683579054)
(181.0, 59.0, 22.793788772376494)
(181.0, 60.0, 24.917279566269308)
(181.0, 61.0, 22.103009457580761)
(181.0, 62.0, 24.878038965358073)
(181.0, 63.0, 24.051826602736355)
(181.0, 64.0, 23.429223180671144)
(181.0, 65.0, 23.104136191181855)
(181.0, 66.0, 23.703892344714696)
(181.0, 67.0, 23.53316739029232)
(181.0, 68.0, 26.428308598693572)
(181.0, 69.0, 25.664970009874175)
(181.0, 70.0, 25.416173346230298)
(181.0, 71.0, 22.797426564873799)
(181.0, 72.0, 22.381984985546438)
(181.0, 73.0, 21.52787883608686)
(181.0, 74.0, 24.183998108956892)
(181.0, 75.0, 26.636132235627919)
(181.0, 76.0, 23.18915307846661)
(181.0, 77.0, 21.605340005419293)
(181.0, 78.0, 24.235804441736228)
(181.0, 79.0, 24.23579453659735)
(181.0, 80.0, 27.143161584909578)
(181.0, 81.0, 20.612157971632797)
(181.0, 82.0, 21.118686933947608)
(181.0, 83.0, 22.233285789116849)
(181.0, 84.0, 26.273477883851676)
(181.0, 85.0, 25.368034929037066)
(181.0, 86.0, 26.095444175737661)
(181.0, 87.0, 22.634222342904554)
(181.0, 88.0, 23.596410370110053)
(181.0, 89.0, 23.756313485490786)
(181.0, 90.0, 24.258175103177109)
(181.0, 91.0, 24.269186744432204)
(181.0, 92.0, 23.270124755548292)
(181.0, 93.0, 24.137535936330657)
(181.0, 94.0, 24.108783125612533)
(181.0, 95.0, 24.409731417769496)
(181.0, 96.0, 24.31308438586635)
(181.0, 97.0, 24.744288128617416)
(181.0, 98.0, 23.164803072206638)
(181.0, 99.0, 24.466052451483385)
(181.0, 100.0, 26.957475540253974)
(181.0, 101.0, 22.03651054963747)
(181.0, 102.0, 23.891543733381397)
(181.0, 103.0, 25.241619211672276)
(181.0, 104.0, 26.04554825132097)
(181.0, 105.0, 27.453366873848854)
(181.0, 106.0, 25.379169170952061)
(181.0, 107.0, 22.333695801399209)
(181.0, 108.0, 24.110043576541422)
(181.0, 109.0, 23.729769508212016)
(181.0, 110.0, 23.857779484188114)
(181.0, 111.0, 25.232469941519376)
(181.0, 112.0, 27.769907340085034)
(181.0, 113.0, 25.873496903910748)
(181.0, 114.0, 25.844138292474263)
(181.0, 115.0, 24.179608962871633)
(181.0, 116.0, 22.742291742256892)
(181.0, 117.0, 22.479320856942529)
(181.0, 118.0, 25.624310720188639)
(181.0, 119.0, 24.534345811546736)
(181.0, 120.0, 26.02029475815073)
(181.0, 121.0, 26.052637767065633)
(181.0, 122.0, 24.730314226294858)
(181.0, 123.0, 26.514388968515398)
(181.0, 124.0, 24.999994466704422)
(181.0, 125.0, 26.032237879494822)
(181.0, 126.0, 24.341539877862385)
(181.0, 127.0, 24.411604571698938)
(181.0, 128.0, 23.733535444895363)
(181.0, 129.0, 26.448437314915687)
(181.0, 130.0, 24.321152748963272)
(181.0, 131.0, 25.071430429442778)
(181.0, 132.0, 19.271305316603954)
(181.0, 133.0, 21.686001862776774)
(181.0, 134.0, 24.707512764323454)
(181.0, 135.0, 23.785821505129018)
(181.0, 136.0, 25.191529321212801)
(181.0, 137.0, 23.611735461704807)
(181.0, 138.0, 22.93360755199582)
(181.0, 139.0, 26.293691797485867)
(181.0, 140.0, 27.485984536966583)
(181.0, 141.0, 23.968309655966042)
(181.0, 142.0, 22.851836217184967)
(181.0, 143.0, 25.618014615952433)
(181.0, 144.0, 24.2769815997293)
(181.0, 145.0, 24.517457404723281)
(181.0, 146.0, 28.111953442615892)
(181.0, 147.0, 23.876671574844174)
(181.0, 148.0, 24.936051108588639)
(181.0, 149.0, 26.320669662717528)
(181.0, 150.0, 27.870186337226656)
(181.0, 151.0, 29.3053313001232)
(181.0, 152.0, 24.624543290714634)
(181.0, 153.0, 25.879368401627566)
(181.0, 154.0, 26.966193184846574)
(181.0, 155.0, 26.225625208393513)
(181.0, 156.0, 26.229323714548887)
(181.0, 157.0, 27.158670139884595)
(181.0, 158.0, 26.707285972757838)
(181.0, 159.0, 24.855413819395416)
(181.0, 160.0, 23.296769102760216)
(181.0, 161.0, 24.815318114186653)
(181.0, 162.0, 26.518233720601948)
(181.0, 163.0, 22.889226521008872)
(181.0, 164.0, 23.359208331029297)
(181.0, 165.0, 22.792298109613732)
(181.0, 166.0, 25.440645705311418)
(181.0, 167.0, 23.464914852976058)
(181.0, 168.0, 24.354658271731576)
(181.0, 169.0, 24.054791048510598)
(181.0, 170.0, 21.96147438115711)
(181.0, 171.0, 25.906094607441908)
(181.0, 172.0, 25.844193846285286)
(181.0, 173.0, 24.787634090556409)
(181.0, 174.0, 22.475501262089388)
(181.0, 175.0, 25.454683644626684)
(181.0, 176.0, 25.171385016963182)
(181.0, 177.0, 27.411987475301185)
(181.0, 178.0, 23.256193890572373)
(181.0, 179.0, 25.05701452621085)
(181.0, 180.0, 25.333753653268687)
(181.0, 181.0, 25.096644967943206)
(181.0, 182.0, 25.954402821404262)
(181.0, 183.0, 24.612077408193141)
(181.0, 184.0, 24.004199836510768)
(181.0, 185.0, 25.061104212762583)
(181.0, 186.0, 23.213856556383107)
(181.0, 187.0, 26.177650654807472)
(181.0, 188.0, 23.903406255390905)
(181.0, 189.0, 26.61236579911391)
(181.0, 190.0, 26.082829513134001)
(181.0, 191.0, 23.978852017574415)
(181.0, 192.0, 25.212375793471161)
(181.0, 193.0, 25.045664146701601)
(181.0, 194.0, 26.615131088226768)
(181.0, 195.0, 25.236282389735614)
(181.0, 196.0, 24.91214719960076)
(181.0, 197.0, 25.357013243426991)
(181.0, 198.0, 22.298452226196574)
(181.0, 199.0, 24.332275309248722)
(182.0, 0.0, 20.772076929641273)
(182.0, 1.0, 22.453917095057474)
(182.0, 2.0, 20.598651431817714)
(182.0, 3.0, 23.642823287699809)
(182.0, 4.0, 22.370845228021505)
(182.0, 5.0, 24.055319885201349)
(182.0, 6.0, 25.413049558511901)
(182.0, 7.0, 24.366099582161624)
(182.0, 8.0, 21.168436375518329)
(182.0, 9.0, 25.553598005566244)
(182.0, 10.0, 22.682180394636795)
(182.0, 11.0, 24.595657713207849)
(182.0, 12.0, 25.255487136488576)
(182.0, 13.0, 23.326913524681046)
(182.0, 14.0, 23.320164515242293)
(182.0, 15.0, 21.496377167952122)
(182.0, 16.0, 21.612747072873894)
(182.0, 17.0, 23.482099894156409)
(182.0, 18.0, 23.576282535858024)
(182.0, 19.0, 27.919252867394846)
(182.0, 20.0, 23.046650870306706)
(182.0, 21.0, 22.311389438298431)
(182.0, 22.0, 24.411124203721236)
(182.0, 23.0, 25.985129566988313)
(182.0, 24.0, 18.173725820478388)
(182.0, 25.0, 21.312268776670905)
(182.0, 26.0, 22.578939185294466)
(182.0, 27.0, 26.619945615218903)
(182.0, 28.0, 23.035010436399389)
(182.0, 29.0, 23.855515893574214)
(182.0, 30.0, 23.543873834218882)
(182.0, 31.0, 23.015455854355903)
(182.0, 32.0, 22.875001268212031)
(182.0, 33.0, 23.06026883501621)
(182.0, 34.0, 23.431213036179027)
(182.0, 35.0, 23.996631133536788)
(182.0, 36.0, 20.634630371517012)
(182.0, 37.0, 23.708205426636855)
(182.0, 38.0, 25.69854158783567)
(182.0, 39.0, 22.647865879435841)
(182.0, 40.0, 22.540248389042297)
(182.0, 41.0, 23.466486550993388)
(182.0, 42.0, 23.089016173861243)
(182.0, 43.0, 24.715359268220826)
(182.0, 44.0, 25.600724982815485)
(182.0, 45.0, 23.608881734358746)
(182.0, 46.0, 24.259165107134134)
(182.0, 47.0, 22.586758707661762)
(182.0, 48.0, 24.268784226532059)
(182.0, 49.0, 24.708198585770397)
(182.0, 50.0, 26.128286100879244)
(182.0, 51.0, 24.959056771203571)
(182.0, 52.0, 26.004776089766235)
(182.0, 53.0, 22.986573664882659)
(182.0, 54.0, 22.945724517693861)
(182.0, 55.0, 23.033676998315521)
(182.0, 56.0, 25.589027684604062)
(182.0, 57.0, 22.779393512970753)
(182.0, 58.0, 21.94777709288935)
(182.0, 59.0, 23.460681292536215)
(182.0, 60.0, 24.339818770787318)
(182.0, 61.0, 23.491808156504703)
(182.0, 62.0, 24.46128988692114)
(182.0, 63.0, 23.234325166161025)
(182.0, 64.0, 22.793894490915562)
(182.0, 65.0, 23.233993351401313)
(182.0, 66.0, 20.398062383762106)
(182.0, 67.0, 24.837300574653185)
(182.0, 68.0, 24.758605233800168)
(182.0, 69.0, 24.075024546570933)
(182.0, 70.0, 24.844074179609702)
(182.0, 71.0, 22.736630954870204)
(182.0, 72.0, 20.48738902535197)
(182.0, 73.0, 21.572094579968535)
(182.0, 74.0, 22.527575812243104)
(182.0, 75.0, 23.998937137584765)
(182.0, 76.0, 22.867645864291525)
(182.0, 77.0, 21.899606811622114)
(182.0, 78.0, 23.043233783744913)
(182.0, 79.0, 24.042031765366971)
(182.0, 80.0, 25.047314631775652)
(182.0, 81.0, 18.38746234397464)
(182.0, 82.0, 20.039695136773428)
(182.0, 83.0, 21.876900388803406)
(182.0, 84.0, 26.068480367718848)
(182.0, 85.0, 25.617580211159279)
(182.0, 86.0, 25.529918057327006)
(182.0, 87.0, 22.846327720822622)
(182.0, 88.0, 23.396678159629211)
(182.0, 89.0, 24.355510677231383)
(182.0, 90.0, 23.243923817736892)
(182.0, 91.0, 24.365160583158996)
(182.0, 92.0, 22.035237881670909)
(182.0, 93.0, 22.081856787981781)
(182.0, 94.0, 24.227627908908392)
(182.0, 95.0, 22.442003714186118)
(182.0, 96.0, 22.205714009194661)
(182.0, 97.0, 23.031218158234147)
(182.0, 98.0, 21.421701492842182)
(182.0, 99.0, 25.756838271870436)
(182.0, 100.0, 26.61012728814449)
(182.0, 101.0, 21.849992503084792)
(182.0, 102.0, 24.237454504124166)
(182.0, 103.0, 26.128539197886425)
(182.0, 104.0, 25.713923143179578)
(182.0, 105.0, 23.445772043548381)
(182.0, 106.0, 22.979168304540426)
(182.0, 107.0, 22.28471657786854)
(182.0, 108.0, 23.535785374084213)
(182.0, 109.0, 21.865466253954541)
(182.0, 110.0, 24.15564642670428)
(182.0, 111.0, 24.765331072503677)
(182.0, 112.0, 24.951358822860456)
(182.0, 113.0, 23.665393984197365)
(182.0, 114.0, 24.960105818217354)
(182.0, 115.0, 21.555150780119433)
(182.0, 116.0, 22.612669971673462)
(182.0, 117.0, 21.983641708073026)
(182.0, 118.0, 24.921369242248218)
(182.0, 119.0, 26.351495546517533)
(182.0, 120.0, 24.701256076129276)
(182.0, 121.0, 24.533309189988206)
(182.0, 122.0, 23.100246483580698)
(182.0, 123.0, 25.112506986075218)
(182.0, 124.0, 23.351082583123937)
(182.0, 125.0, 24.67084354331762)
(182.0, 126.0, 22.218591017373534)
(182.0, 127.0, 24.672468174430335)
(182.0, 128.0, 23.668911318222488)
(182.0, 129.0, 25.47062716887898)
(182.0, 130.0, 24.381497524603866)
(182.0, 131.0, 23.760124875074006)
(182.0, 132.0, 18.365260270895238)
(182.0, 133.0, 20.166358024981434)
(182.0, 134.0, 24.375816276052443)
(182.0, 135.0, 23.519164093485642)
(182.0, 136.0, 23.281024433922184)
(182.0, 137.0, 23.249910741622678)
(182.0, 138.0, 22.405661448797339)
(182.0, 139.0, 26.206882362714651)
(182.0, 140.0, 27.206577517870574)
(182.0, 141.0, 22.921560069020003)
(182.0, 142.0, 23.012492087655605)
(182.0, 143.0, 24.149265310841056)
(182.0, 144.0, 22.983328868654787)
(182.0, 145.0, 24.37922518564827)
(182.0, 146.0, 26.634831022219146)
(182.0, 147.0, 21.002403560415974)
(182.0, 148.0, 24.168774913394721)
(182.0, 149.0, 24.935296877684316)
(182.0, 150.0, 28.419867930918322)
(182.0, 151.0, 27.526709045485926)
(182.0, 152.0, 23.869739333368962)
(182.0, 153.0, 24.951733126405301)
(182.0, 154.0, 23.207987484411547)
(182.0, 155.0, 25.643120169758234)
(182.0, 156.0, 24.83988419936944)
(182.0, 157.0, 25.362967500894925)
(182.0, 158.0, 26.315164502080844)
(182.0, 159.0, 23.064377983811809)
(182.0, 160.0, 21.137753811999403)
(182.0, 161.0, 23.011743734061707)
(182.0, 162.0, 24.655883132665529)
(182.0, 163.0, 22.310586531337378)
(182.0, 164.0, 23.210770566387009)
(182.0, 165.0, 24.571631884172817)
(182.0, 166.0, 24.443627082967055)
(182.0, 167.0, 23.778647083373922)
(182.0, 168.0, 23.740756615412636)
(182.0, 169.0, 24.127891991326134)
(182.0, 170.0, 20.798399575916818)
(182.0, 171.0, 24.725039440047386)
(182.0, 172.0, 26.264289089997963)
(182.0, 173.0, 23.591031053369488)
(182.0, 174.0, 22.005607280008416)
(182.0, 175.0, 24.084109269914933)
(182.0, 176.0, 23.457486740702137)
(182.0, 177.0, 26.357569598045828)
(182.0, 178.0, 22.790245261319235)
(182.0, 179.0, 25.680642795031961)
(182.0, 180.0, 25.663530559097858)
(182.0, 181.0, 23.930080755488785)
(182.0, 182.0, 24.388477438296903)
(182.0, 183.0, 22.965355896049552)
(182.0, 184.0, 23.331980548024205)
(182.0, 185.0, 22.075611408652669)
(182.0, 186.0, 23.561983160289785)
(182.0, 187.0, 25.356774212731114)
(182.0, 188.0, 22.13698389852123)
(182.0, 189.0, 25.298905106606632)
(182.0, 190.0, 24.808206733718563)
(182.0, 191.0, 24.155738050197733)
(182.0, 192.0, 23.283920656790354)
(182.0, 193.0, 24.443611899702805)
(182.0, 194.0, 24.398372762778529)
(182.0, 195.0, 22.779387818000906)
(182.0, 196.0, 25.109440097922743)
(182.0, 197.0, 23.616030899021354)
(182.0, 198.0, 22.121350877950782)
(182.0, 199.0, 23.540061508801738)
(183.0, 0.0, 18.476193651884572)
(183.0, 1.0, 22.199758807516275)
(183.0, 2.0, 21.337682809440338)
(183.0, 3.0, 21.161778860207672)
(183.0, 4.0, 21.802165605829359)
(183.0, 5.0, 23.409120332226074)
(183.0, 6.0, 24.155394191347781)
(183.0, 7.0, 23.017071399182171)
(183.0, 8.0, 18.229464161194308)
(183.0, 9.0, 21.841919309280499)
(183.0, 10.0, 20.587097099718729)
(183.0, 11.0, 23.02544573805973)
(183.0, 12.0, 21.717391241959305)
(183.0, 13.0, 23.033606021136411)
(183.0, 14.0, 23.368186754720831)
(183.0, 15.0, 20.83348694984614)
(183.0, 16.0, 20.470751148008784)
(183.0, 17.0, 22.142273928491399)
(183.0, 18.0, 23.585508061251623)
(183.0, 19.0, 25.736159502434955)
(183.0, 20.0, 21.8156686205099)
(183.0, 21.0, 22.003186762736078)
(183.0, 22.0, 22.263157111669365)
(183.0, 23.0, 24.345891966864464)
(183.0, 24.0, 17.594510875876509)
(183.0, 25.0, 18.26772270409748)
(183.0, 26.0, 21.229668116846348)
(183.0, 27.0, 25.236206613457234)
(183.0, 28.0, 22.29711758927823)
(183.0, 29.0, 22.693467474708548)
(183.0, 30.0, 22.529974285926876)
(183.0, 31.0, 20.8447161078245)
(183.0, 32.0, 22.726243064427269)
(183.0, 33.0, 22.243174844587777)
(183.0, 34.0, 22.205565721682326)
(183.0, 35.0, 24.414573684740507)
(183.0, 36.0, 19.572011289819649)
(183.0, 37.0, 22.468590545895708)
(183.0, 38.0, 22.931261100538897)
(183.0, 39.0, 19.693491104302485)
(183.0, 40.0, 20.226797493076116)
(183.0, 41.0, 21.76893761535538)
(183.0, 42.0, 20.175651747931742)
(183.0, 43.0, 23.299908072286271)
(183.0, 44.0, 23.599358869855362)
(183.0, 45.0, 21.716714444838278)
(183.0, 46.0, 23.3583892013026)
(183.0, 47.0, 21.006856534968701)
(183.0, 48.0, 22.226791876989243)
(183.0, 49.0, 23.550532432326698)
(183.0, 50.0, 23.232078824841842)
(183.0, 51.0, 24.02559250167274)
(183.0, 52.0, 22.183486485772832)
(183.0, 53.0, 20.286658904292157)
(183.0, 54.0, 20.348181023459532)
(183.0, 55.0, 21.55265843636926)
(183.0, 56.0, 22.459648938721777)
(183.0, 57.0, 20.204318285363961)
(183.0, 58.0, 19.8282632643349)
(183.0, 59.0, 20.051161595596387)
(183.0, 60.0, 23.390242900103569)
(183.0, 61.0, 20.327796964273439)
(183.0, 62.0, 22.730804751346636)
(183.0, 63.0, 20.862123014743542)
(183.0, 64.0, 21.082718251959395)
(183.0, 65.0, 22.705322646497851)
(183.0, 66.0, 22.701934882306439)
(183.0, 67.0, 20.827814190338145)
(183.0, 68.0, 23.071674345977822)
(183.0, 69.0, 21.874213011888745)
(183.0, 70.0, 23.684640897001785)
(183.0, 71.0, 21.829885048910338)
(183.0, 72.0, 20.446902154342226)
(183.0, 73.0, 18.181659878789187)
(183.0, 74.0, 20.743092588024439)
(183.0, 75.0, 23.258894794012612)
(183.0, 76.0, 21.503054378101126)
(183.0, 77.0, 20.17501859562535)
(183.0, 78.0, 23.300690401686264)
(183.0, 79.0, 21.202000347311898)
(183.0, 80.0, 23.342485981467675)
(183.0, 81.0, 19.113616966079093)
(183.0, 82.0, 17.501561890183559)
(183.0, 83.0, 21.881110935992886)
(183.0, 84.0, 23.704642555629608)
(183.0, 85.0, 23.118086057665405)
(183.0, 86.0, 23.010867194126028)
(183.0, 87.0, 22.351040013649875)
(183.0, 88.0, 22.035656291578682)
(183.0, 89.0, 22.58199383282205)
(183.0, 90.0, 22.898358876592578)
(183.0, 91.0, 22.234031801828529)
(183.0, 92.0, 21.019724252354589)
(183.0, 93.0, 21.661718320945297)
(183.0, 94.0, 23.155526141891215)
(183.0, 95.0, 21.833376826613932)
(183.0, 96.0, 19.01649242178561)
(183.0, 97.0, 23.479694330887899)
(183.0, 98.0, 21.335095482939746)
(183.0, 99.0, 24.197089773121114)
(183.0, 100.0, 23.118042731670954)
(183.0, 101.0, 20.775833676005949)
(183.0, 102.0, 22.298599879174898)
(183.0, 103.0, 24.352450621393956)
(183.0, 104.0, 23.595616048788447)
(183.0, 105.0, 20.938177600552624)
(183.0, 106.0, 21.264134541827669)
(183.0, 107.0, 19.911709577591974)
(183.0, 108.0, 22.272330331202063)
(183.0, 109.0, 21.626135746036233)
(183.0, 110.0, 21.505486797420936)
(183.0, 111.0, 24.349971738303658)
(183.0, 112.0, 23.305833284034613)
(183.0, 113.0, 21.706833604483538)
(183.0, 114.0, 23.058751015144676)
(183.0, 115.0, 21.589302986222698)
(183.0, 116.0, 19.35771241624775)
(183.0, 117.0, 19.849282567688096)
(183.0, 118.0, 23.409753448063569)
(183.0, 119.0, 21.900658251480216)
(183.0, 120.0, 24.401003483961905)
(183.0, 121.0, 22.730441572582446)
(183.0, 122.0, 21.570243119457537)
(183.0, 123.0, 22.916364252045145)
(183.0, 124.0, 21.369579972941523)
(183.0, 125.0, 23.301516282930535)
(183.0, 126.0, 19.717615986128212)
(183.0, 127.0, 21.483258356618322)
(183.0, 128.0, 21.113567761686252)
(183.0, 129.0, 22.917326562891596)
(183.0, 130.0, 22.1399325877913)
(183.0, 131.0, 22.317992571815861)
(183.0, 132.0, 17.615756756078703)
(183.0, 133.0, 20.747263526126037)
(183.0, 134.0, 21.746321751944535)
(183.0, 135.0, 22.254344899247467)
(183.0, 136.0, 23.006697331313951)
(183.0, 137.0, 22.326355336148346)
(183.0, 138.0, 19.039884688879763)
(183.0, 139.0, 22.98723729977128)
(183.0, 140.0, 25.593504582558477)
(183.0, 141.0, 22.873429181149582)
(183.0, 142.0, 22.273346785713763)
(183.0, 143.0, 22.93288339635038)
(183.0, 144.0, 20.858109077626594)
(183.0, 145.0, 22.49894849368312)
(183.0, 146.0, 24.354383857338014)
(183.0, 147.0, 19.238845478574742)
(183.0, 148.0, 20.591551992418118)
(183.0, 149.0, 22.453384893922731)
(183.0, 150.0, 25.664038724189734)
(183.0, 151.0, 24.33758509388019)
(183.0, 152.0, 21.378138224023289)
(183.0, 153.0, 23.219926196699205)
(183.0, 154.0, 23.355031958444755)
(183.0, 155.0, 21.849834300108039)
(183.0, 156.0, 24.050226896033081)
(183.0, 157.0, 25.366737429963845)
(183.0, 158.0, 23.732649398208693)
(183.0, 159.0, 22.678063335477674)
(183.0, 160.0, 21.874008774815856)
(183.0, 161.0, 21.606682721222391)
(183.0, 162.0, 21.925807895127111)
(183.0, 163.0, 21.201706084165536)
(183.0, 164.0, 22.018970427435075)
(183.0, 165.0, 22.971400144165326)
(183.0, 166.0, 22.850953744652998)
(183.0, 167.0, 20.913407408667563)
(183.0, 168.0, 21.705483401402706)
(183.0, 169.0, 22.866689164700301)
(183.0, 170.0, 19.972557452695384)
(183.0, 171.0, 23.445090576627067)
(183.0, 172.0, 23.047788884458061)
(183.0, 173.0, 22.367504042352536)
(183.0, 174.0, 20.0638241308849)
(183.0, 175.0, 21.529597414891825)
(183.0, 176.0, 22.547954785593777)
(183.0, 177.0, 22.937993883656045)
(183.0, 178.0, 21.983419705921772)
(183.0, 179.0, 24.442003294684337)
(183.0, 180.0, 23.248492974456191)
(183.0, 181.0, 23.515914218835508)
(183.0, 182.0, 22.263158635305103)
(183.0, 183.0, 21.301217087686187)
(183.0, 184.0, 21.308866013252384)
(183.0, 185.0, 21.571238849313165)
(183.0, 186.0, 21.878629720305895)
(183.0, 187.0, 25.577022023705855)
(183.0, 188.0, 21.966143251454412)
(183.0, 189.0, 23.184669187962509)
(183.0, 190.0, 23.451364010970863)
(183.0, 191.0, 20.786593924942512)
(183.0, 192.0, 23.244848247417352)
(183.0, 193.0, 23.133721181440478)
(183.0, 194.0, 22.954327927667016)
(183.0, 195.0, 23.971024545020803)
(183.0, 196.0, 22.865741860587821)
(183.0, 197.0, 21.043035315626536)
(183.0, 198.0, 21.104956793093219)
(183.0, 199.0, 21.454495923482252)
(184.0, 0.0, 22.850873164595587)
(184.0, 1.0, 26.021272919550153)
(184.0, 2.0, 24.743094182853174)
(184.0, 3.0, 26.729209785829607)
(184.0, 4.0, 24.307869229353667)
(184.0, 5.0, 26.343393027246581)
(184.0, 6.0, 29.146267536164025)
(184.0, 7.0, 26.385040502973183)
(184.0, 8.0, 22.249311961864493)
(184.0, 9.0, 26.310222667887885)
(184.0, 10.0, 24.628499586443709)
(184.0, 11.0, 28.332445826945353)
(184.0, 12.0, 26.615427175142152)
(184.0, 13.0, 26.789073036487686)
(184.0, 14.0, 25.654251478686739)
(184.0, 15.0, 26.217906362521695)
(184.0, 16.0, 24.73642947884213)
(184.0, 17.0, 27.823179187612517)
(184.0, 18.0, 29.311634597323472)
(184.0, 19.0, 31.221068891452891)
(184.0, 20.0, 27.175822068012)
(184.0, 21.0, 25.533583269552569)
(184.0, 22.0, 27.056947857897296)
(184.0, 23.0, 27.199701951229336)
(184.0, 24.0, 20.704010507516852)
(184.0, 25.0, 22.32439713956455)
(184.0, 26.0, 24.896072198717306)
(184.0, 27.0, 29.910794277890258)
(184.0, 28.0, 27.501872884999727)
(184.0, 29.0, 25.684771205535583)
(184.0, 30.0, 25.459945908258437)
(184.0, 31.0, 23.936506762443805)
(184.0, 32.0, 26.745630694508154)
(184.0, 33.0, 27.497884629047455)
(184.0, 34.0, 27.072933003616988)
(184.0, 35.0, 27.887879978084595)
(184.0, 36.0, 24.726030861952367)
(184.0, 37.0, 27.117448473805073)
(184.0, 38.0, 26.901287101942877)
(184.0, 39.0, 24.229288110102093)
(184.0, 40.0, 24.513801567519156)
(184.0, 41.0, 24.926749693468892)
(184.0, 42.0, 25.02423563291751)
(184.0, 43.0, 26.590594655175991)
(184.0, 44.0, 29.475114297143811)
(184.0, 45.0, 26.209777000979376)
(184.0, 46.0, 27.255162654301987)
(184.0, 47.0, 24.85835976591968)
(184.0, 48.0, 24.581610871692547)
(184.0, 49.0, 28.424638960503177)
(184.0, 50.0, 29.911673281706978)
(184.0, 51.0, 26.86494238571462)
(184.0, 52.0, 25.64877878977466)
(184.0, 53.0, 26.039200356621336)
(184.0, 54.0, 24.863730751049907)
(184.0, 55.0, 25.059314187019471)
(184.0, 56.0, 28.306400412906399)
(184.0, 57.0, 24.298695353502819)
(184.0, 58.0, 25.392430102113391)
(184.0, 59.0, 24.111113720014494)
(184.0, 60.0, 27.834650049753737)
(184.0, 61.0, 24.199277543795123)
(184.0, 62.0, 27.22612144046894)
(184.0, 63.0, 25.103519225825213)
(184.0, 64.0, 24.95055579531353)
(184.0, 65.0, 25.826144922901072)
(184.0, 66.0, 27.613816594501131)
(184.0, 67.0, 23.255780618282976)
(184.0, 68.0, 27.832293583737069)
(184.0, 69.0, 26.401919129396934)
(184.0, 70.0, 29.136000647599889)
(184.0, 71.0, 24.918658372960909)
(184.0, 72.0, 22.765337290503687)
(184.0, 73.0, 23.498889575166288)
(184.0, 74.0, 26.09729405388471)
(184.0, 75.0, 26.761429107846595)
(184.0, 76.0, 25.672610184398053)
(184.0, 77.0, 23.924442438317755)
(184.0, 78.0, 25.872731479051858)
(184.0, 79.0, 25.71912697549087)
(184.0, 80.0, 27.169304306200097)
(184.0, 81.0, 22.996846280739032)
(184.0, 82.0, 21.660141947574186)
(184.0, 83.0, 24.865384213509209)
(184.0, 84.0, 27.618672822120278)
(184.0, 85.0, 26.364992426923962)
(184.0, 86.0, 28.873202677527278)
(184.0, 87.0, 23.168950018910532)
(184.0, 88.0, 26.391485345174011)
(184.0, 89.0, 26.068494779208979)
(184.0, 90.0, 26.855404540228847)
(184.0, 91.0, 24.632016554848835)
(184.0, 92.0, 24.98827175270354)
(184.0, 93.0, 26.874940860756389)
(184.0, 94.0, 26.887079381228048)
(184.0, 95.0, 24.845038097685293)
(184.0, 96.0, 23.7530236975749)
(184.0, 97.0, 27.555528388792045)
(184.0, 98.0, 24.086772604820169)
(184.0, 99.0, 26.032612481550235)
(184.0, 100.0, 26.81500015571396)
(184.0, 101.0, 24.276397114762482)
(184.0, 102.0, 25.386104098457924)
(184.0, 103.0, 28.922333754568907)
(184.0, 104.0, 27.581366328412283)
(184.0, 105.0, 26.671919972900664)
(184.0, 106.0, 25.437857190103568)
(184.0, 107.0, 24.123121285457049)
(184.0, 108.0, 25.312405326553598)
(184.0, 109.0, 24.348849433694955)
(184.0, 110.0, 25.630670900460956)
(184.0, 111.0, 27.189375732630424)
(184.0, 112.0, 29.909263546716197)
(184.0, 113.0, 26.879867341259491)
(184.0, 114.0, 27.039061251071761)
(184.0, 115.0, 25.452512903409136)
(184.0, 116.0, 24.648783643092173)
(184.0, 117.0, 22.580527067346331)
(184.0, 118.0, 26.766581000247836)
(184.0, 119.0, 25.801794787226104)
(184.0, 120.0, 26.040546047524813)
(184.0, 121.0, 27.230185365646584)
(184.0, 122.0, 25.714209635971685)
(184.0, 123.0, 29.957396765729346)
(184.0, 124.0, 25.190250480731585)
(184.0, 125.0, 29.210779458007973)
(184.0, 126.0, 24.794673086161968)
(184.0, 127.0, 27.401904768901097)
(184.0, 128.0, 23.602186972760201)
(184.0, 129.0, 28.698276091594234)
(184.0, 130.0, 27.088690144073968)
(184.0, 131.0, 25.70080553451016)
(184.0, 132.0, 22.553905441253733)
(184.0, 133.0, 24.226889896477275)
(184.0, 134.0, 28.574522514761021)
(184.0, 135.0, 25.221099375409647)
(184.0, 136.0, 25.479431467307627)
(184.0, 137.0, 25.881717910290686)
(184.0, 138.0, 21.377033479845746)
(184.0, 139.0, 28.155973452925778)
(184.0, 140.0, 28.537267167197157)
(184.0, 141.0, 28.075929243383602)
(184.0, 142.0, 25.855229936565042)
(184.0, 143.0, 28.877882292123072)
(184.0, 144.0, 23.55562592908953)
(184.0, 145.0, 26.490726904832766)
(184.0, 146.0, 29.438902168591486)
(184.0, 147.0, 25.105097709220647)
(184.0, 148.0, 26.425894247042628)
(184.0, 149.0, 28.902374902702476)
(184.0, 150.0, 31.44156338834204)
(184.0, 151.0, 28.650991819532582)
(184.0, 152.0, 27.269544715105908)
(184.0, 153.0, 27.960292407657743)
(184.0, 154.0, 27.664371433123581)
(184.0, 155.0, 27.071672969264437)
(184.0, 156.0, 27.840893684247753)
(184.0, 157.0, 29.710165051308273)
(184.0, 158.0, 29.208013653842805)
(184.0, 159.0, 27.194173906326125)
(184.0, 160.0, 23.870208193816126)
(184.0, 161.0, 25.180149555185807)
(184.0, 162.0, 26.232201553665618)
(184.0, 163.0, 25.292326482449933)
(184.0, 164.0, 26.445567431138137)
(184.0, 165.0, 25.136965384163524)
(184.0, 166.0, 28.500875929113278)
(184.0, 167.0, 26.582946154207285)
(184.0, 168.0, 26.956054215696501)
(184.0, 169.0, 27.105706893790479)
(184.0, 170.0, 23.666465323973121)
(184.0, 171.0, 26.647183519369108)
(184.0, 172.0, 29.087268655418324)
(184.0, 173.0, 25.89057082641926)
(184.0, 174.0, 22.790650026343691)
(184.0, 175.0, 27.173382634585131)
(184.0, 176.0, 27.135887720184417)
(184.0, 177.0, 26.879097368375852)
(184.0, 178.0, 26.18144115809875)
(184.0, 179.0, 28.085693670619758)
(184.0, 180.0, 27.152315595743573)
(184.0, 181.0, 27.967414296075169)
(184.0, 182.0, 26.839245337798253)
(184.0, 183.0, 24.046797496847017)
(184.0, 184.0, 23.321829378848246)
(184.0, 185.0, 27.341308978782923)
(184.0, 186.0, 25.558203793870433)
(184.0, 187.0, 30.325499612590168)
(184.0, 188.0, 26.568843434783023)
(184.0, 189.0, 27.020871819519385)
(184.0, 190.0, 29.576731988101734)
(184.0, 191.0, 25.451724871965126)
(184.0, 192.0, 25.937603056058698)
(184.0, 193.0, 27.033009323211473)
(184.0, 194.0, 28.12071826756938)
(184.0, 195.0, 27.300712302100862)
(184.0, 196.0, 25.663569752379939)
(184.0, 197.0, 27.344260387220714)
(184.0, 198.0, 23.908143413923849)
(184.0, 199.0, 26.456056922363178)
(185.0, 0.0, 21.594415701491478)
(185.0, 1.0, 25.58947760899666)
(185.0, 2.0, 24.061872795503533)
(185.0, 3.0, 27.17298173597667)
(185.0, 4.0, 22.367736660563061)
(185.0, 5.0, 26.795542486522663)
(185.0, 6.0, 27.456785011172492)
(185.0, 7.0, 28.623569050508085)
(185.0, 8.0, 22.034879318132806)
(185.0, 9.0, 25.386411546976031)
(185.0, 10.0, 24.600163790602295)
(185.0, 11.0, 26.912556642010127)
(185.0, 12.0, 25.409600603955315)
(185.0, 13.0, 26.725817389215919)
(185.0, 14.0, 26.807679862227104)
(185.0, 15.0, 25.157134432416669)
(185.0, 16.0, 24.89114758600325)
(185.0, 17.0, 27.347752269485984)
(185.0, 18.0, 28.142185097893964)
(185.0, 19.0, 31.062745777740567)
(185.0, 20.0, 24.879726397734483)
(185.0, 21.0, 25.507819972442697)
(185.0, 22.0, 28.365880156921015)
(185.0, 23.0, 28.189201229307486)
(185.0, 24.0, 20.554858848416398)
(185.0, 25.0, 21.659290334483728)
(185.0, 26.0, 24.414809818786669)
(185.0, 27.0, 29.580688543284186)
(185.0, 28.0, 25.622020354736282)
(185.0, 29.0, 25.233947806951338)
(185.0, 30.0, 26.992847338483671)
(185.0, 31.0, 24.196414802896925)
(185.0, 32.0, 28.879616957124419)
(185.0, 33.0, 26.062636557547442)
(185.0, 34.0, 27.604544654557337)
(185.0, 35.0, 28.018114153302072)
(185.0, 36.0, 23.398331567628748)
(185.0, 37.0, 26.762964126730271)
(185.0, 38.0, 27.238025217527529)
(185.0, 39.0, 21.943798725256833)
(185.0, 40.0, 23.695910655950613)
(185.0, 41.0, 25.811012962268943)
(185.0, 42.0, 24.305117370965089)
(185.0, 43.0, 28.37851477467802)
(185.0, 44.0, 29.154174665458751)
(185.0, 45.0, 26.60256998974868)
(185.0, 46.0, 26.138495773396933)
(185.0, 47.0, 22.881162020541478)
(185.0, 48.0, 25.028004584296053)
(185.0, 49.0, 28.120204662231533)
(185.0, 50.0, 28.762678658247236)
(185.0, 51.0, 28.176872528240445)
(185.0, 52.0, 27.212426620729637)
(185.0, 53.0, 25.625962379500791)
(185.0, 54.0, 24.618605047040944)
(185.0, 55.0, 24.679921631518248)
(185.0, 56.0, 28.910370909160328)
(185.0, 57.0, 24.68123711883554)
(185.0, 58.0, 23.771352865140834)
(185.0, 59.0, 27.436477916225087)
(185.0, 60.0, 27.66791809588922)
(185.0, 61.0, 24.114904965637393)
(185.0, 62.0, 27.321327338315214)
(185.0, 63.0, 24.013021038987549)
(185.0, 64.0, 22.68543531190079)
(185.0, 65.0, 24.966000637320782)
(185.0, 66.0, 25.897584668529841)
(185.0, 67.0, 25.839514264235465)
(185.0, 68.0, 27.5108451105372)
(185.0, 69.0, 25.787497896314285)
(185.0, 70.0, 27.196829321310918)
(185.0, 71.0, 26.369750936797214)
(185.0, 72.0, 22.58584623611199)
(185.0, 73.0, 25.538261399218257)
(185.0, 74.0, 24.550063210576081)
(185.0, 75.0, 26.90426363868831)
(185.0, 76.0, 26.617355723720223)
(185.0, 77.0, 24.807415939409587)
(185.0, 78.0, 26.674039053826743)
(185.0, 79.0, 26.431344682349753)
(185.0, 80.0, 25.61981583584463)
(185.0, 81.0, 22.122039064262296)
(185.0, 82.0, 22.747700835689319)
(185.0, 83.0, 24.6482376747431)
(185.0, 84.0, 28.988596309013385)
(185.0, 85.0, 28.484340830084971)
(185.0, 86.0, 26.515731632384085)
(185.0, 87.0, 24.551471074002464)
(185.0, 88.0, 25.20213051490348)
(185.0, 89.0, 28.449852539198815)
(185.0, 90.0, 25.752399582035796)
(185.0, 91.0, 25.973638069422186)
(185.0, 92.0, 25.301435570802838)
(185.0, 93.0, 26.810872105432196)
(185.0, 94.0, 27.180200933166951)
(185.0, 95.0, 24.370974933758248)
(185.0, 96.0, 23.6373111600643)
(185.0, 97.0, 24.657061337958503)
(185.0, 98.0, 24.015880279536731)
(185.0, 99.0, 25.835823873394069)
(185.0, 100.0, 27.093746372637796)
(185.0, 101.0, 24.670768034270996)
(185.0, 102.0, 25.558010897089261)
(185.0, 103.0, 26.511524895423634)
(185.0, 104.0, 28.298864704719968)
(185.0, 105.0, 26.932152634596896)
(185.0, 106.0, 24.672627941771673)
(185.0, 107.0, 25.083536615335273)
(185.0, 108.0, 27.542534291257009)
(185.0, 109.0, 24.873794510981291)
(185.0, 110.0, 24.288490361740081)
(185.0, 111.0, 28.138400528227155)
(185.0, 112.0, 28.541716003392626)
(185.0, 113.0, 27.123610793160019)
(185.0, 114.0, 25.840330908829372)
(185.0, 115.0, 26.667666685124168)
(185.0, 116.0, 23.957357763070085)
(185.0, 117.0, 22.157608086100129)
(185.0, 118.0, 29.036910170872048)
(185.0, 119.0, 26.54386851564086)
(185.0, 120.0, 26.792945923055999)
(185.0, 121.0, 28.090263890176967)
(185.0, 122.0, 26.170596520128022)
(185.0, 123.0, 27.342477966504376)
(185.0, 124.0, 26.062668743694189)
(185.0, 125.0, 27.629048480810617)
(185.0, 126.0, 25.2486712331687)
(185.0, 127.0, 27.80430835806682)
(185.0, 128.0, 23.327845584178341)
(185.0, 129.0, 28.18099810381959)
(185.0, 130.0, 26.897402277420113)
(185.0, 131.0, 26.111117701448148)
(185.0, 132.0, 22.341749537555536)
(185.0, 133.0, 23.031222302693021)
(185.0, 134.0, 27.00523939036751)
(185.0, 135.0, 26.19321154462925)
(185.0, 136.0, 26.641585837297676)
(185.0, 137.0, 26.808990257618007)
(185.0, 138.0, 24.744522481993116)
(185.0, 139.0, 28.846068606680866)
(185.0, 140.0, 29.247440975864549)
(185.0, 141.0, 26.449722875169382)
(185.0, 142.0, 25.355403446667353)
(185.0, 143.0, 27.395983236356354)
(185.0, 144.0, 25.454854271555885)
(185.0, 145.0, 29.051792946908655)
(185.0, 146.0, 29.001259148290586)
(185.0, 147.0, 23.055187846772863)
(185.0, 148.0, 24.553874499968593)
(185.0, 149.0, 26.794269175670895)
(185.0, 150.0, 29.253891715605093)
(185.0, 151.0, 29.070185223561428)
(185.0, 152.0, 27.58039599037803)
(185.0, 153.0, 27.89713744320547)
(185.0, 154.0, 26.949055244551914)
(185.0, 155.0, 28.689756347750574)
(185.0, 156.0, 27.876869408778941)
(185.0, 157.0, 28.847413772116226)
(185.0, 158.0, 26.998070009664492)
(185.0, 159.0, 25.004657378208975)
(185.0, 160.0, 24.679438968230425)
(185.0, 161.0, 25.812034971952404)
(185.0, 162.0, 26.265402934469478)
(185.0, 163.0, 23.171675313954267)
(185.0, 164.0, 26.072593714769972)
(185.0, 165.0, 25.805390680882166)
(185.0, 166.0, 28.672504909536755)
(185.0, 167.0, 26.570782574226442)
(185.0, 168.0, 27.415994470545957)
(185.0, 169.0, 26.815386794107212)
(185.0, 170.0, 24.212381813779412)
(185.0, 171.0, 28.214836962533848)
(185.0, 172.0, 29.392256338003246)
(185.0, 173.0, 26.314860796672832)
(185.0, 174.0, 23.297868379078501)
(185.0, 175.0, 28.918405599348812)
(185.0, 176.0, 25.52601125983762)
(185.0, 177.0, 29.00594768571704)
(185.0, 178.0, 23.122396193832135)
(185.0, 179.0, 27.785920573405882)
(185.0, 180.0, 25.878568158772509)
(185.0, 181.0, 26.112059360579501)
(185.0, 182.0, 27.271104265422689)
(185.0, 183.0, 23.932001648255291)
(185.0, 184.0, 25.76198206906588)
(185.0, 185.0, 25.375269044238152)
(185.0, 186.0, 27.362383879247091)
(185.0, 187.0, 28.956422507146897)
(185.0, 188.0, 27.129121159658865)
(185.0, 189.0, 28.326696484630251)
(185.0, 190.0, 27.033684920102125)
(185.0, 191.0, 26.136712638737265)
(185.0, 192.0, 26.314601238328908)
(185.0, 193.0, 26.001219818389878)
(185.0, 194.0, 27.883653164774813)
(185.0, 195.0, 27.649974502238276)
(185.0, 196.0, 28.491948478261531)
(185.0, 197.0, 27.063945243409869)
(185.0, 198.0, 25.176059980643441)
(185.0, 199.0, 25.398082021975625)
(186.0, 0.0, 20.474596474848472)
(186.0, 1.0, 23.556885510606865)
(186.0, 2.0, 21.293494681789802)
(186.0, 3.0, 22.34613164088449)
(186.0, 4.0, 21.003607498252876)
(186.0, 5.0, 23.773753395825473)
(186.0, 6.0, 26.152737753755687)
(186.0, 7.0, 23.286882292625737)
(186.0, 8.0, 19.828757808412931)
(186.0, 9.0, 22.613186325923028)
(186.0, 10.0, 20.895687373722282)
(186.0, 11.0, 23.802592929404732)
(186.0, 12.0, 22.355245608101587)
(186.0, 13.0, 23.637243326047198)
(186.0, 14.0, 23.367473218072352)
(186.0, 15.0, 21.351566077759784)
(186.0, 16.0, 22.311613751504474)
(186.0, 17.0, 23.349008944119436)
(186.0, 18.0, 23.99849884369036)
(186.0, 19.0, 25.492624237830562)
(186.0, 20.0, 23.445419892182919)
(186.0, 21.0, 23.047752196220213)
(186.0, 22.0, 23.746093741373194)
(186.0, 23.0, 23.987083995943308)
(186.0, 24.0, 17.979993863397368)
(186.0, 25.0, 20.142314617495352)
(186.0, 26.0, 22.392078438635547)
(186.0, 27.0, 26.929903004028812)
(186.0, 28.0, 23.828966989949709)
(186.0, 29.0, 22.02997705558575)
(186.0, 30.0, 23.783287789767083)
(186.0, 31.0, 23.914171872797439)
(186.0, 32.0, 25.895927231617073)
(186.0, 33.0, 22.884578508273567)
(186.0, 34.0, 24.161078247337873)
(186.0, 35.0, 23.853166084222195)
(186.0, 36.0, 20.66704623241155)
(186.0, 37.0, 24.289863894022087)
(186.0, 38.0, 22.486470146977545)
(186.0, 39.0, 21.332885332989292)
(186.0, 40.0, 21.081954005853273)
(186.0, 41.0, 22.546994262645114)
(186.0, 42.0, 21.400124056939113)
(186.0, 43.0, 24.194367967954012)
(186.0, 44.0, 26.967245873155928)
(186.0, 45.0, 25.183520816969796)
(186.0, 46.0, 21.92247021891442)
(186.0, 47.0, 22.502870877396258)
(186.0, 48.0, 20.558789732563532)
(186.0, 49.0, 25.546556226977739)
(186.0, 50.0, 25.776961716076656)
(186.0, 51.0, 24.145241103235065)
(186.0, 52.0, 22.864547137597224)
(186.0, 53.0, 22.085934136071561)
(186.0, 54.0, 21.973594034660493)
(186.0, 55.0, 22.408803481024975)
(186.0, 56.0, 24.65775031177494)
(186.0, 57.0, 22.431852398045717)
(186.0, 58.0, 22.086016114457479)
(186.0, 59.0, 23.361782648242908)
(186.0, 60.0, 24.725461956000153)
(186.0, 61.0, 20.548940490625682)
(186.0, 62.0, 23.521301367405776)
(186.0, 63.0, 22.924208842277029)
(186.0, 64.0, 20.947755898932847)
(186.0, 65.0, 22.4995178973045)
(186.0, 66.0, 23.47366899661802)
(186.0, 67.0, 22.568976175115729)
(186.0, 68.0, 24.725009122069025)
(186.0, 69.0, 22.499407604197618)
(186.0, 70.0, 25.549968753171367)
(186.0, 71.0, 22.169218904486378)
(186.0, 72.0, 20.918030243194384)
(186.0, 73.0, 22.000919531433759)
(186.0, 74.0, 22.333968431898281)
(186.0, 75.0, 24.035762522364344)
(186.0, 76.0, 23.826046442841655)
(186.0, 77.0, 19.974967052715701)
(186.0, 78.0, 23.523068291525593)
(186.0, 79.0, 23.960641072240985)
(186.0, 80.0, 25.718079520987821)
(186.0, 81.0, 19.221172109779889)
(186.0, 82.0, 19.528058889537952)
(186.0, 83.0, 20.373907871103786)
(186.0, 84.0, 23.181115968937501)
(186.0, 85.0, 24.316090152838438)
(186.0, 86.0, 23.104174408012181)
(186.0, 87.0, 22.936699539792507)
(186.0, 88.0, 24.198907071129291)
(186.0, 89.0, 23.36796131303209)
(186.0, 90.0, 22.365777149790958)
(186.0, 91.0, 21.477347178639754)
(186.0, 92.0, 23.391814155498619)
(186.0, 93.0, 24.244695043271577)
(186.0, 94.0, 22.377791820079288)
(186.0, 95.0, 23.120869593581322)
(186.0, 96.0, 20.385208485846555)
(186.0, 97.0, 22.163115068812914)
(186.0, 98.0, 20.319054148742271)
(186.0, 99.0, 23.8535617125379)
(186.0, 100.0, 24.373630569746616)
(186.0, 101.0, 20.477030848198545)
(186.0, 102.0, 24.462906494299446)
(186.0, 103.0, 23.128658989398815)
(186.0, 104.0, 24.95881543998625)
(186.0, 105.0, 22.971980854190043)
(186.0, 106.0, 22.821288821696747)
(186.0, 107.0, 21.772742075895582)
(186.0, 108.0, 23.327029691896477)
(186.0, 109.0, 22.007667597178624)
(186.0, 110.0, 21.607406139044706)
(186.0, 111.0, 23.915688314280253)
(186.0, 112.0, 26.59289127451375)
(186.0, 113.0, 23.636008501872642)
(186.0, 114.0, 23.626493290390641)
(186.0, 115.0, 24.265721100125436)
(186.0, 116.0, 21.158982418517134)
(186.0, 117.0, 20.687701005729419)
(186.0, 118.0, 24.878330800344401)
(186.0, 119.0, 22.824410030511068)
(186.0, 120.0, 22.314702116308773)
(186.0, 121.0, 24.365918757911054)
(186.0, 122.0, 21.907695569885796)
(186.0, 123.0, 24.631734892032906)
(186.0, 124.0, 23.585737147031363)
(186.0, 125.0, 25.263038212467489)
(186.0, 126.0, 22.072445571054647)
(186.0, 127.0, 24.680007456120702)
(186.0, 128.0, 21.3095770919332)
(186.0, 129.0, 23.969846297407891)
(186.0, 130.0, 22.596198117784528)
(186.0, 131.0, 23.467817589179376)
(186.0, 132.0, 19.199856311479348)
(186.0, 133.0, 20.475321672927201)
(186.0, 134.0, 24.211179703006898)
(186.0, 135.0, 21.969610691025942)
(186.0, 136.0, 23.527539355983606)
(186.0, 137.0, 22.370075871095231)
(186.0, 138.0, 20.918518947285801)
(186.0, 139.0, 26.193212078418171)
(186.0, 140.0, 25.76613705390292)
(186.0, 141.0, 23.234341543435661)
(186.0, 142.0, 23.067300182117947)
(186.0, 143.0, 23.811696286689731)
(186.0, 144.0, 21.286932608263132)
(186.0, 145.0, 23.231887640296048)
(186.0, 146.0, 26.908616801122768)
(186.0, 147.0, 21.870298649057531)
(186.0, 148.0, 21.51323263722432)
(186.0, 149.0, 24.81396075112772)
(186.0, 150.0, 26.474640620687985)
(186.0, 151.0, 26.166377094305645)
(186.0, 152.0, 22.539849886367101)
(186.0, 153.0, 23.757300050357358)
(186.0, 154.0, 25.520014635829433)
(186.0, 155.0, 23.981237104114037)
(186.0, 156.0, 23.444510881045446)
(186.0, 157.0, 25.206538888536571)
