(104.0, 130.0, 27.824533534930652)
(104.0, 131.0, 26.620378319302748)
(104.0, 132.0, 24.323654388823606)
(104.0, 133.0, 25.486435535556254)
(104.0, 134.0, 29.108725631780189)
(104.0, 135.0, 27.850613516346471)
(104.0, 136.0, 29.305952657123022)
(104.0, 137.0, 29.329317959143996)
(104.0, 138.0, 23.406158323965009)
(104.0, 139.0, 29.902111226748893)
(104.0, 140.0, 30.612293651273735)
(104.0, 141.0, 27.826977370672068)
(104.0, 142.0, 28.606992148051908)
(104.0, 143.0, 29.41926072231422)
(104.0, 144.0, 27.413682445102854)
(104.0, 145.0, 27.801715925815014)
(104.0, 146.0, 30.414750635874444)
(104.0, 147.0, 25.784070144905233)
(104.0, 148.0, 25.819561064745081)
(104.0, 149.0, 28.25229721339344)
(104.0, 150.0, 30.572560845561924)
(104.0, 151.0, 31.503326111782801)
(104.0, 152.0, 27.467820589419105)
(104.0, 153.0, 29.314464290200217)
(104.0, 154.0, 28.084439489060639)
(104.0, 155.0, 28.312085693553712)
(104.0, 156.0, 29.191228021695846)
(104.0, 157.0, 31.847092341277051)
(104.0, 158.0, 28.48191171510134)
(104.0, 159.0, 27.750707952882991)
(104.0, 160.0, 25.790971374094617)
(104.0, 161.0, 27.752415813466055)
(104.0, 162.0, 27.428424351998576)
(104.0, 163.0, 23.974002879732325)
(104.0, 164.0, 27.441284155498991)
(104.0, 165.0, 28.01162558718703)
(104.0, 166.0, 30.576779940158275)
(104.0, 167.0, 28.702873656218024)
(104.0, 168.0, 28.569863579112649)
(104.0, 169.0, 26.055131832642637)
(104.0, 170.0, 24.950606344692027)
(104.0, 171.0, 28.626602893146629)
(104.0, 172.0, 30.091519842012758)
(104.0, 173.0, 28.44455921885271)
(104.0, 174.0, 24.417717327922453)
(104.0, 175.0, 27.602507684747032)
(104.0, 176.0, 27.581072489420851)
(104.0, 177.0, 28.900942801159378)
(104.0, 178.0, 25.150676860684847)
(104.0, 179.0, 31.047988863871378)
(104.0, 180.0, 27.067273596145817)
(104.0, 181.0, 28.967831423176591)
(104.0, 182.0, 27.183040865923779)
(104.0, 183.0, 26.376418558139541)
(104.0, 184.0, 27.360549598831966)
(104.0, 185.0, 27.454089312117691)
(104.0, 186.0, 26.861606048149255)
(104.0, 187.0, 29.88608170994943)
(104.0, 188.0, 27.008613669905596)
(104.0, 189.0, 30.355392634931881)
(104.0, 190.0, 28.417146982211825)
(104.0, 191.0, 27.333173041095449)
(104.0, 192.0, 28.198456631267796)
(104.0, 193.0, 27.079430180564596)
(104.0, 194.0, 29.537116939838782)
(104.0, 195.0, 27.96511290504781)
(104.0, 196.0, 29.23604233029798)
(104.0, 197.0, 27.903226708354243)
(104.0, 198.0, 25.286951763959795)
(104.0, 199.0, 27.546037699138804)
(105.0, 0.0, 21.218905709937761)
(105.0, 1.0, 24.205842564910402)
(105.0, 2.0, 21.910885932203897)
(105.0, 3.0, 25.064595676145565)
(105.0, 4.0, 23.285418153400936)
(105.0, 5.0, 24.03297426733976)
(105.0, 6.0, 25.473397412112917)
(105.0, 7.0, 24.482892559049422)
(105.0, 8.0, 19.675852537063282)
(105.0, 9.0, 24.396968620042021)
(105.0, 10.0, 22.517814395915387)
(105.0, 11.0, 25.188559589131305)
(105.0, 12.0, 25.48100545397028)
(105.0, 13.0, 23.878688881704996)
(105.0, 14.0, 24.656157307346227)
(105.0, 15.0, 25.108701494452568)
(105.0, 16.0, 23.125820528195128)
(105.0, 17.0, 25.112842462436895)
(105.0, 18.0, 25.245565058161471)
(105.0, 19.0, 28.817252654562218)
(105.0, 20.0, 23.978725617989557)
(105.0, 21.0, 22.465281884169595)
(105.0, 22.0, 24.698271750836604)
(105.0, 23.0, 26.19501614786434)
(105.0, 24.0, 20.537326396650879)
(105.0, 25.0, 19.004252030704954)
(105.0, 26.0, 23.030462564238405)
(105.0, 27.0, 26.545039179217991)
(105.0, 28.0, 23.661602726235714)
(105.0, 29.0, 23.528726475748471)
(105.0, 30.0, 24.059211002944512)
(105.0, 31.0, 21.516980893953196)
(105.0, 32.0, 25.197853129797643)
(105.0, 33.0, 24.254183921305287)
(105.0, 34.0, 24.733737817006727)
(105.0, 35.0, 26.247821578699234)
(105.0, 36.0, 23.344854810522122)
(105.0, 37.0, 23.168648211918079)
(105.0, 38.0, 24.141248542660342)
(105.0, 39.0, 22.711499184041735)
(105.0, 40.0, 23.69476207433166)
(105.0, 41.0, 24.525080629818508)
(105.0, 42.0, 23.194993709638233)
(105.0, 43.0, 26.081624956702083)
(105.0, 44.0, 26.551212439954508)
(105.0, 45.0, 23.578962549748486)
(105.0, 46.0, 25.237324957355252)
(105.0, 47.0, 22.878602875064662)
(105.0, 48.0, 22.94551604486492)
(105.0, 49.0, 24.789230437423356)
(105.0, 50.0, 28.293189505285522)
(105.0, 51.0, 25.967556510175051)
(105.0, 52.0, 22.994390867772584)
(105.0, 53.0, 23.009290526077994)
(105.0, 54.0, 23.832827013281602)
(105.0, 55.0, 21.510783241648802)
(105.0, 56.0, 26.659295347354011)
(105.0, 57.0, 22.686094378138542)
(105.0, 58.0, 22.729788533756498)
(105.0, 59.0, 23.036096947565639)
(105.0, 60.0, 25.022658311119667)
(105.0, 61.0, 22.471995644939977)
(105.0, 62.0, 26.709203102224933)
(105.0, 63.0, 23.153316534041537)
(105.0, 64.0, 22.967042767804671)
(105.0, 65.0, 23.157811571884576)
(105.0, 66.0, 22.868366012599736)
(105.0, 67.0, 23.858467688460177)
(105.0, 68.0, 25.503705197915195)
(105.0, 69.0, 24.407657860903477)
(105.0, 70.0, 26.58838132459411)
(105.0, 71.0, 22.444013527741181)
(105.0, 72.0, 21.262953937166127)
(105.0, 73.0, 21.271570072419678)
(105.0, 74.0, 24.744448636616166)
(105.0, 75.0, 24.681447363816666)
(105.0, 76.0, 23.811551419293899)
(105.0, 77.0, 21.532525040019316)
(105.0, 78.0, 24.426175055162524)
(105.0, 79.0, 24.816024142614495)
(105.0, 80.0, 24.212486484931411)
(105.0, 81.0, 19.58230128666597)
(105.0, 82.0, 20.491706394559639)
(105.0, 83.0, 21.710696207991475)
(105.0, 84.0, 26.467348810212062)
(105.0, 85.0, 26.693827691681669)
(105.0, 86.0, 24.53304939430037)
(105.0, 87.0, 24.305233508223225)
(105.0, 88.0, 24.661111064092662)
(105.0, 89.0, 23.859180294812376)
(105.0, 90.0, 24.823542224351623)
(105.0, 91.0, 24.225412069207692)
(105.0, 92.0, 22.632787170651806)
(105.0, 93.0, 22.887696696681289)
(105.0, 94.0, 24.289388718937289)
(105.0, 95.0, 21.574767936019533)
(105.0, 96.0, 22.731702301507266)
(105.0, 97.0, 24.814042352235656)
(105.0, 98.0, 22.305642758984025)
(105.0, 99.0, 24.858131733049415)
(105.0, 100.0, 25.422189552832265)
(105.0, 101.0, 21.950275412786063)
(105.0, 102.0, 23.920926970856051)
(105.0, 103.0, 24.185223278529236)
(105.0, 104.0, 26.749355415338535)
(105.0, 105.0, 25.474936698239791)
(105.0, 106.0, 22.923222096691816)
(105.0, 107.0, 22.513262387451949)
(105.0, 108.0, 24.417380869671216)
(105.0, 109.0, 23.475315661464627)
(105.0, 110.0, 24.678135805251337)
(105.0, 111.0, 26.062676568230817)
(105.0, 112.0, 27.033630028453139)
(105.0, 113.0, 25.027117339531916)
(105.0, 114.0, 25.710254939686159)
(105.0, 115.0, 24.624132757018295)
(105.0, 116.0, 21.553604309671638)
(105.0, 117.0, 21.29131343610613)
(105.0, 118.0, 25.654278351384441)
(105.0, 119.0, 25.360601989022662)
(105.0, 120.0, 24.452443209348221)
(105.0, 121.0, 24.008459869587014)
(105.0, 122.0, 23.534971697883186)
(105.0, 123.0, 27.297090872852184)
(105.0, 124.0, 25.433968881415993)
(105.0, 125.0, 26.133202050546398)
(105.0, 126.0, 22.414204944955156)
(105.0, 127.0, 24.235887604222935)
(105.0, 128.0, 22.582243689085491)
(105.0, 129.0, 26.594068975349142)
(105.0, 130.0, 24.97900042320957)
(105.0, 131.0, 23.771966511191415)
(105.0, 132.0, 20.347743232898196)
(105.0, 133.0, 21.867602585033072)
(105.0, 134.0, 24.04769099399623)
(105.0, 135.0, 24.131118623173251)
(105.0, 136.0, 24.497257479028903)
(105.0, 137.0, 22.700825052244319)
(105.0, 138.0, 21.912433671787081)
(105.0, 139.0, 25.003778279706719)
(105.0, 140.0, 26.869085927713321)
(105.0, 141.0, 23.656997353976358)
(105.0, 142.0, 23.351044720348355)
(105.0, 143.0, 24.630681481049777)
(105.0, 144.0, 24.555490209032278)
(105.0, 145.0, 23.617249729263673)
(105.0, 146.0, 25.456752160580638)
(105.0, 147.0, 23.019331266235309)
(105.0, 148.0, 24.096850755258785)
(105.0, 149.0, 25.859618318266715)
(105.0, 150.0, 28.064781614759394)
(105.0, 151.0, 26.586979666696049)
(105.0, 152.0, 25.974199585674452)
(105.0, 153.0, 24.927408652283003)
(105.0, 154.0, 25.505860043751809)
(105.0, 155.0, 25.828913356146863)
(105.0, 156.0, 24.847273319623067)
(105.0, 157.0, 26.657501580248038)
(105.0, 158.0, 26.493424988019804)
(105.0, 159.0, 24.311225831196193)
(105.0, 160.0, 23.47935949053252)
(105.0, 161.0, 23.659941764182641)
(105.0, 162.0, 23.941931887625103)
(105.0, 163.0, 22.702206341448466)
(105.0, 164.0, 24.815901230812408)
(105.0, 165.0, 24.215052551735553)
(105.0, 166.0, 25.120993524950904)
(105.0, 167.0, 24.591643613373598)
(105.0, 168.0, 24.26334949624254)
(105.0, 169.0, 24.305772831994098)
(105.0, 170.0, 21.263400729818045)
(105.0, 171.0, 26.579585074126886)
(105.0, 172.0, 26.009514400551243)
(105.0, 173.0, 24.888210956322567)
(105.0, 174.0, 22.741838984531668)
(105.0, 175.0, 24.168916348340588)
(105.0, 176.0, 24.295470351162344)
(105.0, 177.0, 25.549206456433975)
(105.0, 178.0, 23.047639988742738)
(105.0, 179.0, 25.94600930790881)
(105.0, 180.0, 23.567784620855747)
(105.0, 181.0, 25.127670729120247)
(105.0, 182.0, 25.868048844838682)
(105.0, 183.0, 24.439163789854568)
(105.0, 184.0, 22.609142586191897)
(105.0, 185.0, 24.354889911352739)
(105.0, 186.0, 23.06522560438836)
(105.0, 187.0, 26.259153670325674)
(105.0, 188.0, 25.360312396483831)
(105.0, 189.0, 27.985882114139059)
(105.0, 190.0, 25.903617812724246)
(105.0, 191.0, 23.795641290536778)
(105.0, 192.0, 23.635641754796819)
(105.0, 193.0, 24.489722500819756)
(105.0, 194.0, 24.227825059505978)
(105.0, 195.0, 23.537091024378014)
(105.0, 196.0, 25.995366292680362)
(105.0, 197.0, 22.936127453363518)
(105.0, 198.0, 22.612183289916494)
(105.0, 199.0, 25.670520242728273)
(106.0, 0.0, 24.031744281904775)
(106.0, 1.0, 27.770901739120983)
(106.0, 2.0, 24.978206289062062)
(106.0, 3.0, 28.505401026246929)
(106.0, 4.0, 22.987767576454978)
(106.0, 5.0, 27.139056326431195)
(106.0, 6.0, 27.552782234971644)
(106.0, 7.0, 27.312371795977775)
(106.0, 8.0, 22.80362683432346)
(106.0, 9.0, 24.950833222178382)
(106.0, 10.0, 24.799332959055057)
(106.0, 11.0, 27.802274963449491)
(106.0, 12.0, 24.98740982566375)
(106.0, 13.0, 25.679768870311079)
(106.0, 14.0, 26.426788377919372)
(106.0, 15.0, 24.510509241421026)
(106.0, 16.0, 23.626347384524717)
(106.0, 17.0, 27.806787955063871)
(106.0, 18.0, 27.356693728685716)
(106.0, 19.0, 31.210345221389005)
(106.0, 20.0, 25.889662454125443)
(106.0, 21.0, 24.637483298672816)
(106.0, 22.0, 27.738261735818345)
(106.0, 23.0, 26.272144305361966)
(106.0, 24.0, 20.124679278627308)
(106.0, 25.0, 22.358367902800769)
(106.0, 26.0, 23.640224056962609)
(106.0, 27.0, 29.861727545429591)
(106.0, 28.0, 26.124792156878822)
(106.0, 29.0, 26.081808814378544)
(106.0, 30.0, 25.76842981163108)
(106.0, 31.0, 24.514765851050388)
(106.0, 32.0, 26.396793472584246)
(106.0, 33.0, 26.48010645373542)
(106.0, 34.0, 27.158460443438024)
(106.0, 35.0, 28.978615014816338)
(106.0, 36.0, 25.210961082032576)
(106.0, 37.0, 29.179821939479282)
(106.0, 38.0, 27.828845255372688)
(106.0, 39.0, 23.017675203355793)
(106.0, 40.0, 25.532481567768517)
(106.0, 41.0, 24.660353165177963)
(106.0, 42.0, 24.565648488262685)
(106.0, 43.0, 27.458774751167415)
(106.0, 44.0, 29.648908284297697)
(106.0, 45.0, 28.097265832122456)
(106.0, 46.0, 27.46018673597565)
(106.0, 47.0, 24.067265349002515)
(106.0, 48.0, 23.807785452924218)
(106.0, 49.0, 28.189252540111909)
(106.0, 50.0, 28.942624131582409)
(106.0, 51.0, 27.309877758074474)
(106.0, 52.0, 26.949304186760255)
(106.0, 53.0, 24.568759482168389)
(106.0, 54.0, 23.766582386315676)
(106.0, 55.0, 25.56168658616221)
(106.0, 56.0, 27.555275845895128)
(106.0, 57.0, 24.658639684414371)
(106.0, 58.0, 25.164750931643528)
(106.0, 59.0, 25.420815877026833)
(106.0, 60.0, 27.610858987080395)
(106.0, 61.0, 24.424293226903462)
(106.0, 62.0, 27.136179921480583)
(106.0, 63.0, 24.217134970295131)
(106.0, 64.0, 23.608260334463608)
(106.0, 65.0, 25.279632617297423)
(106.0, 66.0, 27.464233717619727)
(106.0, 67.0, 25.844815170783768)
(106.0, 68.0, 29.038519448121448)
(106.0, 69.0, 27.474217077074304)
(106.0, 70.0, 27.887524757934862)
(106.0, 71.0, 26.089018490489327)
(106.0, 72.0, 24.79340903878953)
(106.0, 73.0, 23.399758547808577)
(106.0, 74.0, 26.943730695645314)
(106.0, 75.0, 26.717236630284678)
(106.0, 76.0, 25.621643216417247)
(106.0, 77.0, 23.481961727356833)
(106.0, 78.0, 26.265855467963284)
(106.0, 79.0, 25.536378702594078)
(106.0, 80.0, 27.537168062233093)
(106.0, 81.0, 22.407972934029452)
(106.0, 82.0, 23.156771750231677)
(106.0, 83.0, 24.662348609101024)
(106.0, 84.0, 27.732011698576905)
(106.0, 85.0, 27.397512515948232)
(106.0, 86.0, 28.307039269730847)
(106.0, 87.0, 25.30890436660156)
(106.0, 88.0, 25.23700602547386)
(106.0, 89.0, 25.815297436610606)
(106.0, 90.0, 26.240369638304863)
(106.0, 91.0, 26.632302699883127)
(106.0, 92.0, 23.988651514136812)
(106.0, 93.0, 28.601783376144525)
(106.0, 94.0, 26.647748630163164)
(106.0, 95.0, 25.205692496205153)
(106.0, 96.0, 24.351162040294788)
(106.0, 97.0, 25.834656538940838)
(106.0, 98.0, 24.390176413062044)
(106.0, 99.0, 26.418389487355157)
(106.0, 100.0, 26.585064665554246)
(106.0, 101.0, 24.014095360441161)
(106.0, 102.0, 26.391950854109712)
(106.0, 103.0, 28.201927852440949)
(106.0, 104.0, 28.106053921947503)
(106.0, 105.0, 26.114282096577359)
(106.0, 106.0, 23.942831529770523)
(106.0, 107.0, 25.543358902834719)
(106.0, 108.0, 25.178506065049444)
(106.0, 109.0, 25.913840058683572)
(106.0, 110.0, 25.839483166639937)
(106.0, 111.0, 26.978357961312589)
(106.0, 112.0, 29.289243488261764)
(106.0, 113.0, 27.53359398111493)
(106.0, 114.0, 26.596667418578566)
(106.0, 115.0, 26.186349225281965)
(106.0, 116.0, 24.869397879348078)
(106.0, 117.0, 21.163688623461486)
(106.0, 118.0, 28.091985913326877)
(106.0, 119.0, 24.48046692480224)
(106.0, 120.0, 27.36843111380141)
(106.0, 121.0, 28.320273470110418)
(106.0, 122.0, 25.689950358594608)
(106.0, 123.0, 27.280259214636324)
(106.0, 124.0, 26.737965928941339)
(106.0, 125.0, 27.812409376008908)
(106.0, 126.0, 25.029371561993557)
(106.0, 127.0, 27.162494754629826)
(106.0, 128.0, 25.963691974424925)
(106.0, 129.0, 27.112697289056747)
(106.0, 130.0, 26.507449026695433)
(106.0, 131.0, 26.636674093790841)
(106.0, 132.0, 22.643915673057727)
(106.0, 133.0, 24.003086206747405)
(106.0, 134.0, 27.694051227885076)
(106.0, 135.0, 26.957181361175508)
(106.0, 136.0, 26.613274828254962)
(106.0, 137.0, 26.281648767011607)
(106.0, 138.0, 24.187372921797511)
(106.0, 139.0, 28.957121076959314)
(106.0, 140.0, 28.810957106377789)
(106.0, 141.0, 26.058191347794637)
(106.0, 142.0, 25.225838256950063)
(106.0, 143.0, 27.709633105177794)
(106.0, 144.0, 24.915312546328209)
(106.0, 145.0, 26.896842102406541)
(106.0, 146.0, 28.24495625389681)
(106.0, 147.0, 24.19714996087475)
(106.0, 148.0, 24.986287315808983)
(106.0, 149.0, 26.259097681705075)
(106.0, 150.0, 29.370535173752838)
(106.0, 151.0, 30.621264986430354)
(106.0, 152.0, 26.907945430008876)
(106.0, 153.0, 30.382687619357259)
(106.0, 154.0, 26.771560312617694)
(106.0, 155.0, 27.707603181934591)
(106.0, 156.0, 28.028900748854234)
(106.0, 157.0, 29.824735907412439)
(106.0, 158.0, 27.247987986127058)
(106.0, 159.0, 27.862572852828571)
(106.0, 160.0, 26.32692305423171)
(106.0, 161.0, 27.3167534747407)
(106.0, 162.0, 26.164327103456966)
(106.0, 163.0, 24.421153076942172)
(106.0, 164.0, 26.14704446500626)
(106.0, 165.0, 26.395094350020621)
(106.0, 166.0, 27.53188100931812)
(106.0, 167.0, 25.205862442121916)
(106.0, 168.0, 25.16547967277592)
(106.0, 169.0, 26.629532492694469)
(106.0, 170.0, 24.240330462472961)
(106.0, 171.0, 26.579347013669931)
(106.0, 172.0, 28.125021190826676)
(106.0, 173.0, 28.101738577191462)
(106.0, 174.0, 23.128398389792181)
(106.0, 175.0, 28.597809000067215)
(106.0, 176.0, 26.225675109084403)
(106.0, 177.0, 26.111898326270577)
(106.0, 178.0, 24.054592067271287)
(106.0, 179.0, 29.291965448789739)
(106.0, 180.0, 25.376740272654395)
(106.0, 181.0, 26.551093013808899)
(106.0, 182.0, 26.736538125658967)
(106.0, 183.0, 24.618289556798018)
(106.0, 184.0, 24.86021152743643)
(106.0, 185.0, 25.425534615505537)
(106.0, 186.0, 25.526832984045967)
(106.0, 187.0, 28.430378644673759)
(106.0, 188.0, 27.504306732080263)
(106.0, 189.0, 27.733385740865462)
(106.0, 190.0, 27.522993197529761)
(106.0, 191.0, 26.613950736662954)
(106.0, 192.0, 25.526104805052753)
(106.0, 193.0, 27.509171144814886)
(106.0, 194.0, 27.241715005236976)
(106.0, 195.0, 26.39355855508483)
(106.0, 196.0, 27.259333157452044)
(106.0, 197.0, 26.971627855315607)
(106.0, 198.0, 25.692579484581298)
(106.0, 199.0, 26.877366059416726)
(107.0, 0.0, 20.086688607243076)
(107.0, 1.0, 23.595428450771823)
(107.0, 2.0, 21.769637066335243)
(107.0, 3.0, 24.142051292792122)
(107.0, 4.0, 22.479289805238476)
(107.0, 5.0, 24.430478983570076)
(107.0, 6.0, 25.95266736538068)
(107.0, 7.0, 25.565144473734307)
(107.0, 8.0, 21.687638795946761)
(107.0, 9.0, 24.610494784002377)
(107.0, 10.0, 23.857586327669686)
(107.0, 11.0, 24.111867318264668)
(107.0, 12.0, 24.72606758583651)
(107.0, 13.0, 22.959316824388281)
(107.0, 14.0, 24.656326759807516)
(107.0, 15.0, 24.273589114217419)
(107.0, 16.0, 22.447466091989799)
(107.0, 17.0, 24.784236361256195)
(107.0, 18.0, 24.379254182512)
(107.0, 19.0, 28.784807739580987)
(107.0, 20.0, 23.942167829275235)
(107.0, 21.0, 24.696762973746679)
(107.0, 22.0, 25.345404047164401)
(107.0, 23.0, 25.528196939550106)
(107.0, 24.0, 17.880185669961655)
(107.0, 25.0, 20.230271366071477)
(107.0, 26.0, 23.29284387661535)
(107.0, 27.0, 27.794945932362189)
(107.0, 28.0, 25.208443776586527)
(107.0, 29.0, 22.461711296815782)
(107.0, 30.0, 23.820532826061168)
(107.0, 31.0, 23.14405294632904)
(107.0, 32.0, 26.627924334067927)
(107.0, 33.0, 23.895462929582656)
(107.0, 34.0, 25.774917030305982)
(107.0, 35.0, 24.994284945938968)
(107.0, 36.0, 21.134594574407764)
(107.0, 37.0, 25.798970853498741)
(107.0, 38.0, 24.455449814449643)
(107.0, 39.0, 21.556833978926178)
(107.0, 40.0, 21.820385486463248)
(107.0, 41.0, 25.515570476425626)
(107.0, 42.0, 21.899891221951194)
(107.0, 43.0, 26.10069419854841)
(107.0, 44.0, 26.639560983201036)
(107.0, 45.0, 24.287816634418423)
(107.0, 46.0, 25.087946826680039)
(107.0, 47.0, 23.774751580904194)
(107.0, 48.0, 22.076360832316766)
(107.0, 49.0, 24.967927170470919)
(107.0, 50.0, 26.717780668212502)
(107.0, 51.0, 25.663518977604483)
(107.0, 52.0, 23.1798234228051)
(107.0, 53.0, 23.389224578802121)
(107.0, 54.0, 22.633893886079903)
(107.0, 55.0, 23.033396107282751)
(107.0, 56.0, 24.955457051069278)
(107.0, 57.0, 23.587431301139635)
(107.0, 58.0, 22.572165832649091)
(107.0, 59.0, 24.143789001276502)
(107.0, 60.0, 24.899922670082315)
(107.0, 61.0, 21.066248613526206)
(107.0, 62.0, 26.857933170303909)
(107.0, 63.0, 23.962734530028417)
(107.0, 64.0, 22.811121464237779)
(107.0, 65.0, 24.985099360428354)
(107.0, 66.0, 24.231535677538162)
(107.0, 67.0, 24.445745223020069)
(107.0, 68.0, 24.608251845340362)
(107.0, 69.0, 25.183217292147067)
(107.0, 70.0, 26.258850671161341)
(107.0, 71.0, 22.576852791692065)
(107.0, 72.0, 21.342685425160361)
(107.0, 73.0, 23.768290649831233)
(107.0, 74.0, 22.271709763708571)
(107.0, 75.0, 25.725821518143515)
(107.0, 76.0, 24.777477991565764)
(107.0, 77.0, 23.041452398722299)
(107.0, 78.0, 23.358415529036407)
(107.0, 79.0, 22.747890823032083)
(107.0, 80.0, 23.966874819138063)
(107.0, 81.0, 20.32972528910388)
(107.0, 82.0, 21.250285857566009)
(107.0, 83.0, 23.646855781513842)
(107.0, 84.0, 25.757324751697361)
(107.0, 85.0, 25.285050364510486)
(107.0, 86.0, 23.82666506571762)
(107.0, 87.0, 23.590217609372981)
(107.0, 88.0, 25.472801124015323)
(107.0, 89.0, 25.752575097568794)
(107.0, 90.0, 23.066483820903485)
(107.0, 91.0, 25.03565803669769)
(107.0, 92.0, 22.999483787997296)
(107.0, 93.0, 25.293141276426628)
(107.0, 94.0, 25.166757775056581)
(107.0, 95.0, 23.374979748924275)
(107.0, 96.0, 21.374707397897698)
(107.0, 97.0, 22.794801555621085)
(107.0, 98.0, 23.653024279728015)
(107.0, 99.0, 25.173706698340279)
(107.0, 100.0, 25.129015181385192)
(107.0, 101.0, 21.615964519765047)
(107.0, 102.0, 25.28546803179373)
(107.0, 103.0, 25.209095246329802)
(107.0, 104.0, 27.636968670974529)
(107.0, 105.0, 23.065427901480412)
(107.0, 106.0, 23.78446574323835)
(107.0, 107.0, 23.33515369796077)
(107.0, 108.0, 24.38222492381005)
(107.0, 109.0, 23.375818754232679)
(107.0, 110.0, 24.403052802001476)
(107.0, 111.0, 24.831904067043382)
(107.0, 112.0, 27.903037161507477)
(107.0, 113.0, 24.52820303293413)
(107.0, 114.0, 25.098948896939824)
(107.0, 115.0, 25.946373853708263)
(107.0, 116.0, 22.312946289672301)
(107.0, 117.0, 20.355782865597096)
(107.0, 118.0, 24.780063775817311)
(107.0, 119.0, 25.545073911275814)
(107.0, 120.0, 24.793500086832395)
(107.0, 121.0, 24.554622617305203)
(107.0, 122.0, 23.337852433508615)
(107.0, 123.0, 25.506006991388187)
(107.0, 124.0, 23.88608562973473)
(107.0, 125.0, 25.801389833254689)
(107.0, 126.0, 23.111006729039637)
(107.0, 127.0, 25.454141822842647)
(107.0, 128.0, 22.616461477141648)
(107.0, 129.0, 26.241531791300332)
(107.0, 130.0, 25.385502215615912)
(107.0, 131.0, 23.034988675049721)
(107.0, 132.0, 21.019481353578165)
(107.0, 133.0, 21.961090956851844)
(107.0, 134.0, 25.220759740974849)
(107.0, 135.0, 22.669437419811157)
(107.0, 136.0, 24.570907215884752)
(107.0, 137.0, 23.789571901526017)
(107.0, 138.0, 22.329893989678617)
(107.0, 139.0, 26.825816539090685)
(107.0, 140.0, 27.162021423450405)
(107.0, 141.0, 23.554610352183641)
(107.0, 142.0, 25.716370990898518)
(107.0, 143.0, 24.587658861893715)
(107.0, 144.0, 23.062329251267236)
(107.0, 145.0, 25.016909615020616)
(107.0, 146.0, 28.024695716911388)
(107.0, 147.0, 21.622189039745393)
(107.0, 148.0, 22.097630384357764)
(107.0, 149.0, 25.434974777969927)
(107.0, 150.0, 26.980066954943705)
(107.0, 151.0, 27.425123214824556)
(107.0, 152.0, 24.990729612677089)
(107.0, 153.0, 25.077334162248615)
(107.0, 154.0, 25.124927975255417)
(107.0, 155.0, 24.982851070774561)
(107.0, 156.0, 25.895628012859092)
(107.0, 157.0, 28.250600103343128)
(107.0, 158.0, 26.283677217505417)
(107.0, 159.0, 24.110690415047973)
(107.0, 160.0, 23.134083378008167)
(107.0, 161.0, 25.346979747957636)
(107.0, 162.0, 25.04827740678401)
(107.0, 163.0, 21.495814488487738)
(107.0, 164.0, 25.339453632649651)
(107.0, 165.0, 24.545609756220113)
(107.0, 166.0, 26.451763482793975)
(107.0, 167.0, 23.659416294452136)
(107.0, 168.0, 23.801604662471121)
(107.0, 169.0, 23.491021566224482)
(107.0, 170.0, 21.651491237060604)
(107.0, 171.0, 27.022831916619882)
(107.0, 172.0, 25.996366614951459)
(107.0, 173.0, 25.543604372829542)
(107.0, 174.0, 21.474350187676791)
(107.0, 175.0, 27.986232303320872)
(107.0, 176.0, 24.434895276222722)
(107.0, 177.0, 25.714769920461322)
(107.0, 178.0, 22.427404709850535)
(107.0, 179.0, 25.742163880465387)
(107.0, 180.0, 23.639842123811253)
(107.0, 181.0, 23.604199356270417)
(107.0, 182.0, 24.46865478661444)
(107.0, 183.0, 23.063589544804636)
(107.0, 184.0, 23.923579655154946)
(107.0, 185.0, 23.458115777928747)
(107.0, 186.0, 22.647989250259549)
(107.0, 187.0, 25.946025049814853)
(107.0, 188.0, 25.315693256411894)
(107.0, 189.0, 25.617574860291171)
(107.0, 190.0, 26.58353544436487)
(107.0, 191.0, 22.868995266327921)
(107.0, 192.0, 25.312680335498719)
(107.0, 193.0, 25.064205450913342)
(107.0, 194.0, 25.285677719063525)
(107.0, 195.0, 25.147299394491512)
(107.0, 196.0, 27.618069509263009)
(107.0, 197.0, 23.461622600255534)
(107.0, 198.0, 23.467397499118967)
(107.0, 199.0, 24.543125035126526)
(108.0, 0.0, 20.789415880836195)
(108.0, 1.0, 22.798805805618503)
(108.0, 2.0, 22.72078687424915)
(108.0, 3.0, 22.73405882580613)
(108.0, 4.0, 21.579803120089156)
(108.0, 5.0, 22.479493365912877)
(108.0, 6.0, 25.193169308959654)
(108.0, 7.0, 23.727470170762192)
(108.0, 8.0, 19.991591740973362)
(108.0, 9.0, 23.699215946024974)
(108.0, 10.0, 23.176137201158653)
(108.0, 11.0, 23.479492657713749)
(108.0, 12.0, 21.985979774370392)
(108.0, 13.0, 22.802569671194622)
(108.0, 14.0, 22.2538240804098)
(108.0, 15.0, 20.904228093702784)
(108.0, 16.0, 19.813603327911654)
(108.0, 17.0, 23.002566618549587)
(108.0, 18.0, 23.812895103519612)
(108.0, 19.0, 26.222081135530008)
(108.0, 20.0, 24.224953115651076)
(108.0, 21.0, 21.555798596000848)
(108.0, 22.0, 23.620076474874395)
(108.0, 23.0, 25.624655176627421)
(108.0, 24.0, 18.560949620910321)
(108.0, 25.0, 19.830287379948196)
(108.0, 26.0, 21.938952793969122)
(108.0, 27.0, 25.196426394076152)
(108.0, 28.0, 23.951244914222457)
(108.0, 29.0, 22.496679554841226)
(108.0, 30.0, 21.794346578668709)
(108.0, 31.0, 22.317757123748269)
(108.0, 32.0, 24.172277944133953)
(108.0, 33.0, 21.421361983696581)
(108.0, 34.0, 22.710023440051152)
(108.0, 35.0, 23.932828798942698)
(108.0, 36.0, 20.728393477402555)
(108.0, 37.0, 22.824803497596939)
(108.0, 38.0, 25.294858465897651)
(108.0, 39.0, 21.329673210845325)
(108.0, 40.0, 20.067798048067697)
(108.0, 41.0, 22.113435321454098)
(108.0, 42.0, 22.271275440867452)
(108.0, 43.0, 24.614107238976661)
(108.0, 44.0, 25.144152352735205)
(108.0, 45.0, 23.723887079513126)
(108.0, 46.0, 22.037748064887673)
(108.0, 47.0, 22.426390826436275)
(108.0, 48.0, 21.076439357728965)
(108.0, 49.0, 25.05003282839748)
(108.0, 50.0, 26.197573318686764)
(108.0, 51.0, 24.498353915665483)
(108.0, 52.0, 24.112007676167313)
(108.0, 53.0, 21.800290977575358)
(108.0, 54.0, 23.340419856793865)
(108.0, 55.0, 22.523755208118214)
(108.0, 56.0, 23.582806255003725)
(108.0, 57.0, 22.508344336259011)
(108.0, 58.0, 20.530372561617078)
(108.0, 59.0, 21.883728982319283)
(108.0, 60.0, 22.576700603020033)
(108.0, 61.0, 20.644465781964261)
(108.0, 62.0, 23.796537159008079)
(108.0, 63.0, 24.665768854810839)
(108.0, 64.0, 21.470147375992749)
(108.0, 65.0, 24.210079788560574)
(108.0, 66.0, 21.855201604309325)
(108.0, 67.0, 21.528140082738094)
(108.0, 68.0, 23.238464722094271)
(108.0, 69.0, 22.906242563439676)
(108.0, 70.0, 24.301022678853077)
(108.0, 71.0, 22.311590173854984)
(108.0, 72.0, 21.003733337944567)
(108.0, 73.0, 20.998435141867446)
(108.0, 74.0, 21.971531375864913)
(108.0, 75.0, 23.871935486764556)
(108.0, 76.0, 21.170656558977807)
(108.0, 77.0, 20.280083754778797)
(108.0, 78.0, 21.302131509519)
(108.0, 79.0, 23.515008403343234)
(108.0, 80.0, 24.469421611824647)
(108.0, 81.0, 18.885423306652978)
(108.0, 82.0, 20.125185696617628)
(108.0, 83.0, 20.467974502382518)
(108.0, 84.0, 25.52292983512876)
(108.0, 85.0, 24.327137073042113)
(108.0, 86.0, 24.064616499269263)
(108.0, 87.0, 21.561119301749567)
(108.0, 88.0, 22.46853339396834)
(108.0, 89.0, 23.073128963149529)
(108.0, 90.0, 23.320532615947791)
(108.0, 91.0, 22.600140928136)
(108.0, 92.0, 21.537508062188319)
(108.0, 93.0, 23.357957978130521)
(108.0, 94.0, 23.970072750865285)
(108.0, 95.0, 22.59544362515156)
(108.0, 96.0, 21.191133514288971)
(108.0, 97.0, 21.860396803895195)
(108.0, 98.0, 22.048086616111743)
(108.0, 99.0, 23.069381689782585)
(108.0, 100.0, 23.899509429861883)
(108.0, 101.0, 18.883154622004749)
(108.0, 102.0, 22.019892442913648)
(108.0, 103.0, 24.351819103023566)
(108.0, 104.0, 24.252244809177764)
(108.0, 105.0, 20.991070854877329)
(108.0, 106.0, 22.075867236164534)
(108.0, 107.0, 22.196103329417845)
(108.0, 108.0, 23.654079272899828)
(108.0, 109.0, 20.243015323085203)
(108.0, 110.0, 22.573143497112145)
(108.0, 111.0, 24.354288637402142)
(108.0, 112.0, 23.865059925894453)
(108.0, 113.0, 25.502900006141772)
(108.0, 114.0, 23.896543914403974)
(108.0, 115.0, 21.460811327558066)
(108.0, 116.0, 22.160377035014129)
(108.0, 117.0, 20.79384073180389)
(108.0, 118.0, 23.36718487012801)
(108.0, 119.0, 23.568787479680282)
(108.0, 120.0, 23.76673288030333)
(108.0, 121.0, 23.557882968241405)
(108.0, 122.0, 22.522177055504031)
(108.0, 123.0, 25.191906338164184)
(108.0, 124.0, 21.447968096690772)
(108.0, 125.0, 24.158420950963333)
(108.0, 126.0, 21.930977005996873)
(108.0, 127.0, 23.757970335443318)
(108.0, 128.0, 23.461231883632827)
(108.0, 129.0, 23.705420501389543)
(108.0, 130.0, 24.257925123289006)
(108.0, 131.0, 23.64867871535191)
(108.0, 132.0, 20.544971699573292)
(108.0, 133.0, 20.370044643912436)
(108.0, 134.0, 21.050882035083248)
(108.0, 135.0, 24.56306246070903)
(108.0, 136.0, 23.245979724093413)
(108.0, 137.0, 22.988803165957652)
(108.0, 138.0, 20.964134009806344)
(108.0, 139.0, 25.7756287564739)
(108.0, 140.0, 23.543373302908996)
(108.0, 141.0, 23.659968351654925)
(108.0, 142.0, 22.396129184867966)
(108.0, 143.0, 23.541366954060837)
(108.0, 144.0, 21.934486947432553)
(108.0, 145.0, 21.14139135143699)
(108.0, 146.0, 26.279070539348456)
(108.0, 147.0, 21.152455597135788)
(108.0, 148.0, 21.649569111694099)
(108.0, 149.0, 22.923927047954503)
(108.0, 150.0, 26.296868079079701)
(108.0, 151.0, 25.949266719663115)
(108.0, 152.0, 22.39911819943179)
(108.0, 153.0, 23.628550599735945)
(108.0, 154.0, 23.987520252854033)
(108.0, 155.0, 25.0816555433621)
(108.0, 156.0, 23.453668858445262)
(108.0, 157.0, 26.622850936282511)
(108.0, 158.0, 25.300659942282032)
(108.0, 159.0, 22.984270864271711)
(108.0, 160.0, 23.755272407994809)
(108.0, 161.0, 23.112793219554959)
(108.0, 162.0, 25.347579441820184)
(108.0, 163.0, 20.754439969660492)
(108.0, 164.0, 22.443189609422259)
(108.0, 165.0, 24.17345208780635)
(108.0, 166.0, 23.576352114305372)
(108.0, 167.0, 23.248410537467254)
(108.0, 168.0, 22.523828058773645)
(108.0, 169.0, 23.540531870915999)
(108.0, 170.0, 21.240591952927037)
(108.0, 171.0, 23.872990437065145)
(108.0, 172.0, 25.007516070523831)
(108.0, 173.0, 22.880290313608938)
(108.0, 174.0, 19.035973107956266)
(108.0, 175.0, 22.302719609216851)
(108.0, 176.0, 23.552121037567989)
(108.0, 177.0, 23.804179295825456)
(108.0, 178.0, 22.242211543849329)
(108.0, 179.0, 23.474064444402366)
(108.0, 180.0, 24.059125002736625)
(108.0, 181.0, 23.688294154798918)
(108.0, 182.0, 22.673440680104914)
(108.0, 183.0, 21.604241355369613)
(108.0, 184.0, 21.293755524866761)
(108.0, 185.0, 22.285301967769918)
(108.0, 186.0, 22.415684608050064)
(108.0, 187.0, 25.352396700822624)
(108.0, 188.0, 22.972797029392304)
(108.0, 189.0, 25.708199544690892)
(108.0, 190.0, 25.944856348873348)
(108.0, 191.0, 22.822747287953685)
(108.0, 192.0, 23.94070889664091)
(108.0, 193.0, 23.102743476515624)
(108.0, 194.0, 23.976598263971436)
(108.0, 195.0, 24.526449415275451)
(108.0, 196.0, 23.394628913997934)
(108.0, 197.0, 24.612665178253394)
(108.0, 198.0, 22.199375757995181)
(108.0, 199.0, 23.845499357095424)
(109.0, 0.0, 21.216943703431532)
(109.0, 1.0, 26.017738576385678)
(109.0, 2.0, 23.986653829565281)
(109.0, 3.0, 26.149634939447196)
(109.0, 4.0, 23.588515088926897)
(109.0, 5.0, 24.819578705783641)
(109.0, 6.0, 26.496758006837617)
(109.0, 7.0, 27.939924995122816)
(109.0, 8.0, 21.951561568267479)
(109.0, 9.0, 27.356712130343688)
(109.0, 10.0, 22.317904300513739)
(109.0, 11.0, 28.372528278564229)
(109.0, 12.0, 26.117757345272121)
(109.0, 13.0, 26.987935262063072)
(109.0, 14.0, 25.287888902542065)
(109.0, 15.0, 23.995429391046507)
(109.0, 16.0, 24.151075757747019)
(109.0, 17.0, 26.719194772764475)
(109.0, 18.0, 26.097995381469978)
(109.0, 19.0, 28.691613453773563)
(109.0, 20.0, 25.077703129840327)
(109.0, 21.0, 25.446463758272834)
(109.0, 22.0, 26.318743872805648)
(109.0, 23.0, 28.670672964972947)
(109.0, 24.0, 19.937683027078702)
(109.0, 25.0, 22.349544511532596)
(109.0, 26.0, 23.848642623981583)
(109.0, 27.0, 29.780606793453153)
(109.0, 28.0, 25.323352746505641)
(109.0, 29.0, 25.126081283426569)
(109.0, 30.0, 24.07782251244252)
(109.0, 31.0, 23.826499545260628)
(109.0, 32.0, 26.576777099596761)
(109.0, 33.0, 25.114738165962986)
(109.0, 34.0, 25.133071480229006)
(109.0, 35.0, 27.419695730806154)
(109.0, 36.0, 23.515917194466056)
(109.0, 37.0, 26.032215625282355)
(109.0, 38.0, 27.607369900355835)
(109.0, 39.0, 23.446594341185126)
(109.0, 40.0, 24.594610760258359)
(109.0, 41.0, 24.912092938173167)
(109.0, 42.0, 25.082622816091479)
(109.0, 43.0, 26.083328878468006)
(109.0, 44.0, 27.688207088218732)
(109.0, 45.0, 27.104879988723159)
(109.0, 46.0, 25.66832918783993)
(109.0, 47.0, 23.012861999508917)
(109.0, 48.0, 24.12605233853548)
(109.0, 49.0, 27.658153761048354)
(109.0, 50.0, 26.176707304968691)
(109.0, 51.0, 26.002088437582458)
(109.0, 52.0, 27.134334285276392)
(109.0, 53.0, 24.858118732432182)
(109.0, 54.0, 23.459355149265733)
(109.0, 55.0, 24.653594393162159)
(109.0, 56.0, 28.607856159966826)
(109.0, 57.0, 25.251990669201245)
(109.0, 58.0, 24.958644158081661)
(109.0, 59.0, 27.162957421986025)
(109.0, 60.0, 25.246693058512101)
(109.0, 61.0, 23.271071770156915)
(109.0, 62.0, 25.602249465316827)
(109.0, 63.0, 23.969889512427585)
(109.0, 64.0, 23.888707868760569)
(109.0, 65.0, 24.574013379232568)
(109.0, 66.0, 23.653350835432345)
(109.0, 67.0, 25.102116053401517)
(109.0, 68.0, 24.891349014223845)
(109.0, 69.0, 26.476182215346668)
(109.0, 70.0, 27.898730742007409)
(109.0, 71.0, 26.074003541354884)
(109.0, 72.0, 23.432969248918475)
(109.0, 73.0, 22.921167543185458)
(109.0, 74.0, 24.295673421415888)
(109.0, 75.0, 27.507072771689597)
(109.0, 76.0, 25.345604395114758)
(109.0, 77.0, 24.373197729526055)
(109.0, 78.0, 24.38683931913798)
(109.0, 79.0, 24.771628395817167)
(109.0, 80.0, 26.653855733412843)
(109.0, 81.0, 21.83533154745755)
(109.0, 82.0, 22.24985982345714)
(109.0, 83.0, 23.186256865252624)
(109.0, 84.0, 26.999939612203015)
(109.0, 85.0, 25.737306941548894)
(109.0, 86.0, 25.498260389622487)
(109.0, 87.0, 24.058733890876088)
(109.0, 88.0, 26.478583880123541)
(109.0, 89.0, 26.78627410726812)
(109.0, 90.0, 24.495812360992275)
(109.0, 91.0, 24.719064097164463)
(109.0, 92.0, 23.290754923430683)
(109.0, 93.0, 26.184499422787162)
(109.0, 94.0, 25.904214896637356)
(109.0, 95.0, 23.289133171622154)
(109.0, 96.0, 23.924318562056204)
(109.0, 97.0, 25.041448368845629)
(109.0, 98.0, 23.833522271066212)
(109.0, 99.0, 24.543294611159659)
(109.0, 100.0, 27.065285527986529)
(109.0, 101.0, 23.126183541416317)
(109.0, 102.0, 24.786568896274378)
(109.0, 103.0, 26.646068284492546)
(109.0, 104.0, 26.800166219895733)
(109.0, 105.0, 26.526140362306052)
(109.0, 106.0, 24.664408198745448)
(109.0, 107.0, 25.347106545815588)
(109.0, 108.0, 23.724515084937433)
(109.0, 109.0, 25.682534654539374)
(109.0, 110.0, 25.87201842602374)
(109.0, 111.0, 25.714498055838156)
(109.0, 112.0, 27.114697809826268)
(109.0, 113.0, 25.513203745307095)
(109.0, 114.0, 25.692646234211317)
(109.0, 115.0, 25.105764640872284)
(109.0, 116.0, 23.891008114893598)
(109.0, 117.0, 22.659741795256203)
(109.0, 118.0, 26.400517538039388)
(109.0, 119.0, 25.363310018062087)
(109.0, 120.0, 26.042836034385065)
(109.0, 121.0, 26.241458816211967)
(109.0, 122.0, 26.034353708359248)
(109.0, 123.0, 27.834938108794091)
(109.0, 124.0, 24.645786525618895)
(109.0, 125.0, 27.990821353379545)
(109.0, 126.0, 25.546318032912378)
(109.0, 127.0, 25.53366774289838)
(109.0, 128.0, 23.931090724005951)
(109.0, 129.0, 28.869330926824787)
(109.0, 130.0, 24.374484197631432)
(109.0, 131.0, 25.924193945741926)
(109.0, 132.0, 21.269732225241917)
(109.0, 133.0, 23.343781738953037)
(109.0, 134.0, 25.986596816902015)
(109.0, 135.0, 26.097014138041729)
(109.0, 136.0, 25.984120322395629)
(109.0, 137.0, 25.356713381919551)
(109.0, 138.0, 22.498857809886623)
(109.0, 139.0, 27.102358099628447)
(109.0, 140.0, 27.068469694669758)
(109.0, 141.0, 26.044318605617573)
(109.0, 142.0, 24.879377757835343)
(109.0, 143.0, 25.625006041631764)
(109.0, 144.0, 25.647694747000795)
(109.0, 145.0, 26.039792149138137)
(109.0, 146.0, 28.071307353109383)
(109.0, 147.0, 23.078015042205184)
(109.0, 148.0, 25.291564637695963)
(109.0, 149.0, 26.777651719781893)
(109.0, 150.0, 28.588760382659196)
(109.0, 151.0, 28.731173942036722)
(109.0, 152.0, 26.33336765577884)
(109.0, 153.0, 27.665750816152929)
(109.0, 154.0, 24.773456604563734)
(109.0, 155.0, 26.386019670457856)
(109.0, 156.0, 27.424240939624873)
(109.0, 157.0, 26.793019481858089)
(109.0, 158.0, 28.630810484171676)
(109.0, 159.0, 25.717956382935682)
(109.0, 160.0, 24.867726227432708)
(109.0, 161.0, 26.74655132073471)
(109.0, 162.0, 27.212419949818486)
(109.0, 163.0, 23.361613700581017)
(109.0, 164.0, 24.050731345338829)
(109.0, 165.0, 26.745032152403688)
(109.0, 166.0, 26.057906653055326)
(109.0, 167.0, 25.317041951321233)
(109.0, 168.0, 25.21630308959401)
(109.0, 169.0, 25.484762073544132)
(109.0, 170.0, 24.439089183003638)
(109.0, 171.0, 24.4567431029955)
(109.0, 172.0, 28.664803740847237)
(109.0, 173.0, 26.17665873855006)
(109.0, 174.0, 23.199415634696855)
(109.0, 175.0, 26.371748947860667)
(109.0, 176.0, 26.24081974734445)
(109.0, 177.0, 27.111707278376706)
(109.0, 178.0, 23.012410103847323)
(109.0, 179.0, 27.969025484240326)
(109.0, 180.0, 25.318120863046744)
(109.0, 181.0, 25.36277064058946)
(109.0, 182.0, 24.326164320679609)
(109.0, 183.0, 23.749287464239831)
(109.0, 184.0, 25.089415930418198)
(109.0, 185.0, 24.766603070961629)
(109.0, 186.0, 26.563482433220152)
(109.0, 187.0, 27.35784635655947)
(109.0, 188.0, 25.729649418339825)
(109.0, 189.0, 27.025633508788289)
(109.0, 190.0, 28.386644103520197)
(109.0, 191.0, 25.326452313375988)
(109.0, 192.0, 24.172363383170371)
(109.0, 193.0, 26.476046454191845)
(109.0, 194.0, 26.913642238636392)
(109.0, 195.0, 27.656602776783295)
(109.0, 196.0, 25.109592007803151)
(109.0, 197.0, 26.395240778470676)
(109.0, 198.0, 23.977386066805437)
(109.0, 199.0, 26.427511834662461)
(110.0, 0.0, 23.745259655132035)
(110.0, 1.0, 25.409971615530807)
(110.0, 2.0, 23.307635218023002)
(110.0, 3.0, 26.4796326050514)
(110.0, 4.0, 21.718336327900069)
(110.0, 5.0, 26.770019231078493)
(110.0, 6.0, 27.262584053342277)
(110.0, 7.0, 26.024378604112236)
(110.0, 8.0, 22.719244887978277)
(110.0, 9.0, 26.533192086386155)
(110.0, 10.0, 25.07170050464444)
(110.0, 11.0, 26.680787771354741)
(110.0, 12.0, 25.764100959866077)
(110.0, 13.0, 24.203608214424182)
(110.0, 14.0, 24.505167937975909)
(110.0, 15.0, 23.786366569023837)
(110.0, 16.0, 24.282081024185633)
(110.0, 17.0, 25.766256843000129)
(110.0, 18.0, 25.614724320329525)
(110.0, 19.0, 30.110556467935638)
(110.0, 20.0, 26.358585364049112)
(110.0, 21.0, 24.021261724116343)
(110.0, 22.0, 26.044819812275936)
(110.0, 23.0, 25.712570091939927)
(110.0, 24.0, 20.672494552023757)
(110.0, 25.0, 22.38053900987909)
(110.0, 26.0, 25.004935350640768)
(110.0, 27.0, 29.42263852535287)
(110.0, 28.0, 25.780471498560335)
(110.0, 29.0, 24.06301441286778)
(110.0, 30.0, 24.591643767798914)
(110.0, 31.0, 22.821908183622629)
(110.0, 32.0, 25.707016081088014)
(110.0, 33.0, 25.429541889973194)
(110.0, 34.0, 26.639873849484211)
(110.0, 35.0, 25.330269549808555)
(110.0, 36.0, 24.94466170277197)
(110.0, 37.0, 27.956232833034193)
(110.0, 38.0, 26.348895974254013)
(110.0, 39.0, 23.518025717824312)
(110.0, 40.0, 23.928093588172054)
(110.0, 41.0, 24.829427929028501)
(110.0, 42.0, 24.501383771877574)
(110.0, 43.0, 27.999382874049807)
(110.0, 44.0, 28.49393203661808)
(110.0, 45.0, 27.766610160182228)
(110.0, 46.0, 25.517279865368497)
(110.0, 47.0, 25.703712936557302)
(110.0, 48.0, 23.375822516843836)
(110.0, 49.0, 27.519273531014001)
(110.0, 50.0, 27.889922342214149)
(110.0, 51.0, 27.140616019901302)
(110.0, 52.0, 25.086078506074827)
(110.0, 53.0, 25.362797584364255)
(110.0, 54.0, 24.697721962881612)
(110.0, 55.0, 25.122468810222195)
(110.0, 56.0, 28.115164810683325)
(110.0, 57.0, 25.679260406629179)
(110.0, 58.0, 25.034379207519578)
(110.0, 59.0, 25.254996024825807)
(110.0, 60.0, 26.850524107061673)
(110.0, 61.0, 23.698728126493581)
(110.0, 62.0, 27.234342059430872)
(110.0, 63.0, 24.310776718129585)
(110.0, 64.0, 22.774493214179728)
(110.0, 65.0, 25.845888626246811)
(110.0, 66.0, 25.47932932118492)
(110.0, 67.0, 26.430547189764454)
(110.0, 68.0, 28.014511761970645)
(110.0, 69.0, 26.371240351653881)
(110.0, 70.0, 26.875961798747877)
(110.0, 71.0, 23.509119602975577)
(110.0, 72.0, 23.625133632423839)
(110.0, 73.0, 24.104331926198913)
(110.0, 74.0, 25.051309728985387)
(110.0, 75.0, 26.551170235686463)
(110.0, 76.0, 26.369356987204142)
(110.0, 77.0, 23.206048063879415)
(110.0, 78.0, 25.03440510984446)
(110.0, 79.0, 25.524679444650719)
(110.0, 80.0, 28.88446541389856)
(110.0, 81.0, 22.394055536162661)
(110.0, 82.0, 22.192022594650012)
(110.0, 83.0, 23.372292680535125)
(110.0, 84.0, 25.883486850481344)
(110.0, 85.0, 26.829819598433293)
(110.0, 86.0, 26.87220554462062)
(110.0, 87.0, 24.208347538859371)
(110.0, 88.0, 24.037438544877823)
(110.0, 89.0, 25.942921562863209)
(110.0, 90.0, 25.25332204821806)
(110.0, 91.0, 25.212626643343331)
(110.0, 92.0, 24.19133608772789)
(110.0, 93.0, 26.580990985821522)
(110.0, 94.0, 24.376144259905239)
(110.0, 95.0, 25.086740659393914)
(110.0, 96.0, 23.970413915612212)
(110.0, 97.0, 24.817535301340946)
(110.0, 98.0, 24.682605637668782)
(110.0, 99.0, 25.814228869705708)
(110.0, 100.0, 26.159681205176685)
(110.0, 101.0, 23.904804191765688)
(110.0, 102.0, 25.735375276412867)
(110.0, 103.0, 26.084319006131583)
(110.0, 104.0, 27.685050181913315)
(110.0, 105.0, 24.899788066435175)
(110.0, 106.0, 23.616765481512353)
(110.0, 107.0, 23.684555031079746)
(110.0, 108.0, 24.96434321065864)
(110.0, 109.0, 25.822780601620483)
(110.0, 110.0, 25.82246876423843)
(110.0, 111.0, 26.613218501987308)
(110.0, 112.0, 30.076149725421047)
(110.0, 113.0, 25.919855587128271)
(110.0, 114.0, 26.575935880232993)
(110.0, 115.0, 25.903005142753965)
(110.0, 116.0, 25.085019290712896)
(110.0, 117.0, 23.070807416750785)
(110.0, 118.0, 25.937160671801781)
(110.0, 119.0, 25.89974877228277)
(110.0, 120.0, 26.108306788646985)
(110.0, 121.0, 26.076053378234903)
(110.0, 122.0, 24.682320898612915)
(110.0, 123.0, 27.753140754459615)
(110.0, 124.0, 26.41999653712211)
(110.0, 125.0, 28.858224582292632)
(110.0, 126.0, 25.725693499479533)
(110.0, 127.0, 28.140786310188627)
(110.0, 128.0, 25.087456402201106)
(110.0, 129.0, 27.087194126469914)
(110.0, 130.0, 25.723484657749854)
(110.0, 131.0, 26.166308427147598)
(110.0, 132.0, 21.729662399206539)
(110.0, 133.0, 22.323187927218193)
(110.0, 134.0, 26.61990693866958)
(110.0, 135.0, 26.61783774804119)
(110.0, 136.0, 26.008610119946034)
(110.0, 137.0, 24.738534291355492)
(110.0, 138.0, 23.486570514532222)
(110.0, 139.0, 28.755625358397651)
(110.0, 140.0, 27.998640456051717)
(110.0, 141.0, 24.879291353784943)
(110.0, 142.0, 26.840009082322645)
(110.0, 143.0, 26.358659777428244)
(110.0, 144.0, 24.624609193724712)
(110.0, 145.0, 26.343998704083138)
(110.0, 146.0, 27.081144751346198)
(110.0, 147.0, 23.159370391147004)
(110.0, 148.0, 25.382179256133504)
(110.0, 149.0, 25.912802215095027)
(110.0, 150.0, 28.806679888811061)
(110.0, 151.0, 28.715325059595838)
(110.0, 152.0, 26.509065051462301)
(110.0, 153.0, 27.300409610966742)
(110.0, 154.0, 27.471388317371684)
(110.0, 155.0, 27.428829448137922)
(110.0, 156.0, 28.229854940707909)
(110.0, 157.0, 29.034705588216287)
(110.0, 158.0, 29.022937793899757)
(110.0, 159.0, 26.356388063284435)
(110.0, 160.0, 23.980439168812829)
(110.0, 161.0, 26.489464632321614)
(110.0, 162.0, 25.631598049205312)
(110.0, 163.0, 23.202249486773503)
(110.0, 164.0, 26.248482521589764)
(110.0, 165.0, 24.909375699417545)
(110.0, 166.0, 27.861947612747805)
(110.0, 167.0, 24.322006508476989)
(110.0, 168.0, 25.275236395868266)
(110.0, 169.0, 25.295346362380254)
(110.0, 170.0, 23.916641461168105)
(110.0, 171.0, 28.091812743130067)
(110.0, 172.0, 27.785841191432592)
(110.0, 173.0, 25.343038782763468)
(110.0, 174.0, 23.857996871109002)
(110.0, 175.0, 27.263682339888206)
(110.0, 176.0, 24.147329883078939)
(110.0, 177.0, 26.326118181547621)
(110.0, 178.0, 23.29766952097695)
(110.0, 179.0, 27.23375014440882)
(110.0, 180.0, 25.307743881250989)
(110.0, 181.0, 24.74410783302605)
(110.0, 182.0, 26.407971710506729)
(110.0, 183.0, 24.823429303188362)
(110.0, 184.0, 22.976748955156356)
(110.0, 185.0, 23.698263938760736)
(110.0, 186.0, 24.322461289532047)
(110.0, 187.0, 26.598891961012949)
(110.0, 188.0, 25.336960550591698)
(110.0, 189.0, 26.771723401413087)
(110.0, 190.0, 26.545469768055284)
(110.0, 191.0, 25.886093784000234)
(110.0, 192.0, 25.059365475685794)
(110.0, 193.0, 26.628362769087257)
(110.0, 194.0, 26.471333381539054)
(110.0, 195.0, 24.612219214911509)
(110.0, 196.0, 26.869969177143233)
(110.0, 197.0, 26.548813840710039)
(110.0, 198.0, 25.595349299540068)
(110.0, 199.0, 25.969321194490099)
(111.0, 0.0, 24.251566699419634)
(111.0, 1.0, 27.338402857438769)
(111.0, 2.0, 24.185955329528014)
(111.0, 3.0, 26.601633947776403)
(111.0, 4.0, 24.508617038860503)
(111.0, 5.0, 27.576879978061946)
(111.0, 6.0, 28.244616273199032)
(111.0, 7.0, 26.876609880616236)
(111.0, 8.0, 22.101938182384217)
(111.0, 9.0, 26.827690877337194)
(111.0, 10.0, 25.981002215390674)
(111.0, 11.0, 29.075660353735625)
(111.0, 12.0, 27.136573916611784)
(111.0, 13.0, 26.849683632622551)
(111.0, 14.0, 27.844397983588987)
(111.0, 15.0, 25.163007589155033)
(111.0, 16.0, 25.968945990345265)
(111.0, 17.0, 27.492118326848299)
(111.0, 18.0, 26.341032903215606)
(111.0, 19.0, 31.296221184632358)
(111.0, 20.0, 26.318319162219723)
(111.0, 21.0, 25.435082265401114)
(111.0, 22.0, 28.841772071821683)
(111.0, 23.0, 28.384136558731235)
(111.0, 24.0, 21.554173597079384)
(111.0, 25.0, 21.839858211510858)
(111.0, 26.0, 23.69166591667577)
(111.0, 27.0, 30.097156117491842)
(111.0, 28.0, 24.818465970303347)
(111.0, 29.0, 25.777505544863317)
(111.0, 30.0, 25.903493571324155)
(111.0, 31.0, 24.722663629277577)
(111.0, 32.0, 28.194775201872599)
(111.0, 33.0, 27.631117508367335)
(111.0, 34.0, 26.18602378452039)
(111.0, 35.0, 27.778561684460666)
(111.0, 36.0, 25.552201515807123)
(111.0, 37.0, 27.824287131619492)
(111.0, 38.0, 26.930267596816051)
(111.0, 39.0, 24.14083783422031)
(111.0, 40.0, 25.625928349944452)
(111.0, 41.0, 26.537231587833045)
(111.0, 42.0, 25.805165390191597)
(111.0, 43.0, 28.085447336734816)
(111.0, 44.0, 29.197250502417848)
(111.0, 45.0, 27.554030463888573)
(111.0, 46.0, 27.470490160322573)
(111.0, 47.0, 27.000590487635385)
(111.0, 48.0, 24.567559460896646)
(111.0, 49.0, 29.638006823279234)
(111.0, 50.0, 28.609488058273271)
(111.0, 51.0, 29.230209848332198)
(111.0, 52.0, 27.339295390184112)
(111.0, 53.0, 26.094985400086752)
(111.0, 54.0, 24.155936690492485)
(111.0, 55.0, 25.631768027601769)
(111.0, 56.0, 29.190575199543602)
(111.0, 57.0, 25.631919054950878)
(111.0, 58.0, 25.838579658907317)
(111.0, 59.0, 24.871876575051829)
(111.0, 60.0, 27.593973994824172)
(111.0, 61.0, 23.75275291020526)
(111.0, 62.0, 28.090763965065527)
(111.0, 63.0, 26.093257802154664)
(111.0, 64.0, 23.634882251237901)
(111.0, 65.0, 26.983692547801652)
(111.0, 66.0, 26.476396697330884)
(111.0, 67.0, 26.649064737573337)
(111.0, 68.0, 28.195401851702723)
(111.0, 69.0, 26.028896889948012)
(111.0, 70.0, 27.39806066320353)
(111.0, 71.0, 23.453095701772803)
(111.0, 72.0, 24.919379104975)
(111.0, 73.0, 23.153577836012637)
(111.0, 74.0, 27.846401539610767)
(111.0, 75.0, 27.537758007646506)
(111.0, 76.0, 26.234932895115524)
(111.0, 77.0, 23.978000918766089)
(111.0, 78.0, 27.330128721289235)
(111.0, 79.0, 25.858890986839974)
(111.0, 80.0, 28.850057749705361)
(111.0, 81.0, 22.033117893728182)
(111.0, 82.0, 23.773239365394019)
(111.0, 83.0, 24.050410868046313)
(111.0, 84.0, 28.951088141822243)
(111.0, 85.0, 28.256380007998395)
(111.0, 86.0, 28.484703464625589)
(111.0, 87.0, 25.473958646787114)
(111.0, 88.0, 26.127350658717265)
(111.0, 89.0, 26.621069961510308)
(111.0, 90.0, 27.86948145536979)
(111.0, 91.0, 25.653365898765944)
(111.0, 92.0, 25.745938132902758)
(111.0, 93.0, 25.700005174792835)
(111.0, 94.0, 26.924729903455439)
(111.0, 95.0, 26.354311628998438)
(111.0, 96.0, 24.524809216191528)
(111.0, 97.0, 25.190573524900909)
(111.0, 98.0, 25.739124267426078)
(111.0, 99.0, 28.101314190825601)
(111.0, 100.0, 27.1934737200556)
(111.0, 101.0, 24.675089980917459)
(111.0, 102.0, 26.368895787740442)
(111.0, 103.0, 26.836418388086948)
(111.0, 104.0, 29.317726764061476)
(111.0, 105.0, 27.80901776391946)
(111.0, 106.0, 25.863311618296663)
(111.0, 107.0, 23.814321722408121)
(111.0, 108.0, 27.095261608321984)
(111.0, 109.0, 25.054719365016311)
(111.0, 110.0, 26.105128046438978)
(111.0, 111.0, 28.393889674910529)
(111.0, 112.0, 29.154205609004869)
(111.0, 113.0, 27.6041427492415)
(111.0, 114.0, 25.424046677099383)
(111.0, 115.0, 27.864279964036129)
(111.0, 116.0, 23.565847488293606)
(111.0, 117.0, 23.435688519569247)
(111.0, 118.0, 28.269331320589565)
(111.0, 119.0, 27.028369606859538)
(111.0, 120.0, 27.50081595316664)
(111.0, 121.0, 25.94170507771657)
(111.0, 122.0, 24.873663271914452)
(111.0, 123.0, 28.771307406955714)
(111.0, 124.0, 25.977151674810646)
(111.0, 125.0, 29.128607960387832)
(111.0, 126.0, 25.691285489378842)
(111.0, 127.0, 28.031485461512524)
(111.0, 128.0, 24.750838679925607)
(111.0, 129.0, 29.675379454290788)
(111.0, 130.0, 26.543968319306643)
(111.0, 131.0, 26.364430621714458)
(111.0, 132.0, 21.63180773344758)
(111.0, 133.0, 24.853966754495143)
(111.0, 134.0, 28.254870130619288)
(111.0, 135.0, 26.968385046446237)
(111.0, 136.0, 27.798424185380274)
(111.0, 137.0, 26.364252545597392)
(111.0, 138.0, 23.916180369521058)
(111.0, 139.0, 29.337671719795427)
(111.0, 140.0, 30.045365786978511)
(111.0, 141.0, 26.891552284751185)
(111.0, 142.0, 26.589784282233595)
(111.0, 143.0, 27.532238033681725)
(111.0, 144.0, 26.907090745876044)
(111.0, 145.0, 27.518836574917174)
(111.0, 146.0, 28.875773034298383)
(111.0, 147.0, 24.956590028219384)
(111.0, 148.0, 26.270219763942553)
(111.0, 149.0, 27.587524355786925)
(111.0, 150.0, 30.69433642534495)
(111.0, 151.0, 30.26441780529251)
(111.0, 152.0, 27.525078874335495)
(111.0, 153.0, 29.620719358207865)
(111.0, 154.0, 26.775621078954373)
(111.0, 155.0, 28.630514070859899)
(111.0, 156.0, 27.717979295324255)
(111.0, 157.0, 28.958062938171199)
(111.0, 158.0, 27.968913688190362)
(111.0, 159.0, 27.770731141775517)
(111.0, 160.0, 24.532468783234105)
(111.0, 161.0, 28.035364500726093)
(111.0, 162.0, 26.98946932119344)
(111.0, 163.0, 24.322354407663727)
(111.0, 164.0, 26.075286780348609)
(111.0, 165.0, 26.679970741126276)
(111.0, 166.0, 28.357037120731142)
(111.0, 167.0, 24.901860792722008)
(111.0, 168.0, 26.327423678184459)
(111.0, 169.0, 26.092472557918924)
(111.0, 170.0, 23.763542997085466)
(111.0, 171.0, 27.210748180619163)
(111.0, 172.0, 30.134974995519659)
(111.0, 173.0, 26.365030218483522)
(111.0, 174.0, 25.293355296044965)
(111.0, 175.0, 27.577976819705274)
(111.0, 176.0, 24.577481391348964)
(111.0, 177.0, 26.530160436714553)
(111.0, 178.0, 24.13845799061253)
(111.0, 179.0, 28.914965317934548)
(111.0, 180.0, 26.554200670640974)
(111.0, 181.0, 28.546275339379651)
(111.0, 182.0, 28.252916767402262)
(111.0, 183.0, 25.920341583113807)
(111.0, 184.0, 25.740847005555935)
(111.0, 185.0, 25.873837159590927)
(111.0, 186.0, 26.9428504453901)
(111.0, 187.0, 29.781554683900531)
(111.0, 188.0, 25.739588559414251)
(111.0, 189.0, 29.775185074868681)
(111.0, 190.0, 29.038876190929521)
(111.0, 191.0, 25.504447568918184)
(111.0, 192.0, 25.762811808772479)
(111.0, 193.0, 28.036386176077464)
(111.0, 194.0, 27.50169706162152)
(111.0, 195.0, 27.57353006367839)
(111.0, 196.0, 27.39613928368734)
(111.0, 197.0, 27.709745991401256)
(111.0, 198.0, 26.205867009404074)
(111.0, 199.0, 27.814063859040921)
(112.0, 0.0, 21.306584371401648)
(112.0, 1.0, 23.181492724132813)
(112.0, 2.0, 21.068512212713763)
(112.0, 3.0, 25.434733322784858)
(112.0, 4.0, 21.296250677153004)
(112.0, 5.0, 24.441478759557196)
(112.0, 6.0, 24.57998708881178)
(112.0, 7.0, 25.880993653769767)
(112.0, 8.0, 21.3993299158182)
(112.0, 9.0, 25.565379353931661)
(112.0, 10.0, 23.916184585838927)
(112.0, 11.0, 25.749765945865988)
(112.0, 12.0, 25.205761315369926)
(112.0, 13.0, 24.916548379366773)
(112.0, 14.0, 24.258789658173836)
(112.0, 15.0, 21.711316455688042)
(112.0, 16.0, 22.671789161292438)
(112.0, 17.0, 24.350636631227243)
(112.0, 18.0, 24.621359269661184)
(112.0, 19.0, 26.009619400726127)
(112.0, 20.0, 24.76073919728691)
(112.0, 21.0, 24.71707825097932)
(112.0, 22.0, 26.241032284851197)
(112.0, 23.0, 24.478124619226989)
(112.0, 24.0, 20.613578868115837)
(112.0, 25.0, 22.086003144566675)
(112.0, 26.0, 23.289550936016905)
(112.0, 27.0, 27.596726963121036)
(112.0, 28.0, 25.368061958100721)
(112.0, 29.0, 25.006803661955271)
(112.0, 30.0, 21.632076783090106)
(112.0, 31.0, 22.581788934943191)
(112.0, 32.0, 24.793075809453423)
(112.0, 33.0, 23.389349467929456)
(112.0, 34.0, 23.413684553637871)
(112.0, 35.0, 24.303170336654016)
(112.0, 36.0, 22.868021842190593)
(112.0, 37.0, 26.69996486776822)
(112.0, 38.0, 25.655525315680602)
(112.0, 39.0, 20.748796411092989)
(112.0, 40.0, 23.674422871167057)
(112.0, 41.0, 23.19247098025118)
(112.0, 42.0, 23.022720975485996)
(112.0, 43.0, 25.838616656165513)
(112.0, 44.0, 28.581416533889374)
(112.0, 45.0, 26.960595466710693)
(112.0, 46.0, 25.428027229112157)
(112.0, 47.0, 23.589099583068958)
(112.0, 48.0, 22.575233013135694)
(112.0, 49.0, 28.15286687573084)
(112.0, 50.0, 25.359051717375038)
(112.0, 51.0, 25.528335213612351)
(112.0, 52.0, 25.362715201699949)
(112.0, 53.0, 24.747833221360846)
(112.0, 54.0, 22.872159052549453)
(112.0, 55.0, 22.743241360389078)
(112.0, 56.0, 25.60628318127636)
(112.0, 57.0, 23.607224449200096)
(112.0, 58.0, 23.696011991807602)
(112.0, 59.0, 24.918802515930686)
(112.0, 60.0, 25.244572799277137)
(112.0, 61.0, 23.497742926614738)
(112.0, 62.0, 23.471464497275331)
(112.0, 63.0, 23.079289607472383)
(112.0, 64.0, 21.070705353772134)
(112.0, 65.0, 22.942618613658286)
(112.0, 66.0, 25.327527415242923)
(112.0, 67.0, 23.637525894676596)
(112.0, 68.0, 26.743226161227046)
(112.0, 69.0, 23.66265892398134)
(112.0, 70.0, 25.336102027004291)
(112.0, 71.0, 23.274086574194015)
(112.0, 72.0, 22.123439718083915)
(112.0, 73.0, 22.213392769126173)
(112.0, 74.0, 22.8314962700797)
(112.0, 75.0, 26.135940465258365)
(112.0, 76.0, 24.835314591356408)
(112.0, 77.0, 20.361604407689239)
(112.0, 78.0, 24.19902095859959)
(112.0, 79.0, 24.436185555335765)
(112.0, 80.0, 25.774935056699562)
(112.0, 81.0, 21.010323048415295)
(112.0, 82.0, 20.236675322192582)
(112.0, 83.0, 23.021885390946384)
(112.0, 84.0, 27.128612499022314)
(112.0, 85.0, 24.792367801110377)
(112.0, 86.0, 26.441349743914845)
(112.0, 87.0, 22.771578392081533)
(112.0, 88.0, 24.842487859833213)
(112.0, 89.0, 25.016885036625936)
(112.0, 90.0, 25.004629792511572)
(112.0, 91.0, 23.185158472730034)
(112.0, 92.0, 24.040098267320825)
(112.0, 93.0, 24.618271944932111)
(112.0, 94.0, 24.374416306491121)
(112.0, 95.0, 24.36427218408733)
(112.0, 96.0, 23.498463196205499)
(112.0, 97.0, 24.86345322493348)
(112.0, 98.0, 22.23345214637893)
(112.0, 99.0, 25.736069381735163)
(112.0, 100.0, 26.800855162908714)
(112.0, 101.0, 22.255201107003753)
(112.0, 102.0, 25.087530174362545)
(112.0, 103.0, 24.385418209456493)
(112.0, 104.0, 26.060295661990342)
(112.0, 105.0, 24.871564576165465)
(112.0, 106.0, 23.774855146842647)
(112.0, 107.0, 23.753824126070949)
(112.0, 108.0, 24.060150180691828)
(112.0, 109.0, 24.007015061472519)
(112.0, 110.0, 26.410227222957293)
(112.0, 111.0, 25.517639929020458)
(112.0, 112.0, 26.460692928254137)
(112.0, 113.0, 26.082033432116258)
(112.0, 114.0, 24.200220432618387)
(112.0, 115.0, 23.34519459255694)
(112.0, 116.0, 22.283221566424452)
(112.0, 117.0, 22.62815666506355)
(112.0, 118.0, 25.268855504244478)
(112.0, 119.0, 25.415590708110418)
(112.0, 120.0, 25.752626530584742)
(112.0, 121.0, 25.743358059272499)
(112.0, 122.0, 24.783244219097213)
(112.0, 123.0, 26.168378200463732)
(112.0, 124.0, 24.126921884184526)
(112.0, 125.0, 26.074029699212069)
(112.0, 126.0, 24.48956942731121)
(112.0, 127.0, 25.36608641310837)
(112.0, 128.0, 23.908684071888498)
(112.0, 129.0, 26.608254039098348)
(112.0, 130.0, 23.946078002098584)
(112.0, 131.0, 24.337625130057766)
(112.0, 132.0, 21.032804073907997)
(112.0, 133.0, 21.770213712046008)
(112.0, 134.0, 25.719082077342129)
(112.0, 135.0, 23.059944355405502)
(112.0, 136.0, 24.52228558394474)
(112.0, 137.0, 23.9862660876605)
(112.0, 138.0, 21.445209161573057)
(112.0, 139.0, 26.984948561732839)
(112.0, 140.0, 26.430679817551397)
(112.0, 141.0, 23.232952052727946)
(112.0, 142.0, 24.543060938924061)
(112.0, 143.0, 25.294129844412858)
(112.0, 144.0, 24.335335842148957)
(112.0, 145.0, 25.022600729798455)
(112.0, 146.0, 27.751001958470344)
(112.0, 147.0, 21.916850569805757)
(112.0, 148.0, 23.82281878410209)
(112.0, 149.0, 25.722182216358384)
(112.0, 150.0, 27.217375045324552)
(112.0, 151.0, 27.68086499018731)
(112.0, 152.0, 22.859290202586013)
(112.0, 153.0, 26.406595408811299)
(112.0, 154.0, 25.112291736736715)
(112.0, 155.0, 26.043360045216929)
(112.0, 156.0, 26.052410488053017)
(112.0, 157.0, 27.52911447201738)
(112.0, 158.0, 26.004154543766063)
(112.0, 159.0, 24.230747252620848)
(112.0, 160.0, 22.996912414529469)
(112.0, 161.0, 25.605139597991204)
(112.0, 162.0, 24.370298188280969)
(112.0, 163.0, 21.243292722969905)
(112.0, 164.0, 24.263183982465844)
(112.0, 165.0, 24.686549578821563)
(112.0, 166.0, 25.715734846388049)
(112.0, 167.0, 24.23733746066728)
(112.0, 168.0, 23.633460033079391)
(112.0, 169.0, 25.565061260147537)
(112.0, 170.0, 22.627742366509707)
(112.0, 171.0, 25.425744700057781)
(112.0, 172.0, 28.50626850361456)
(112.0, 173.0, 23.443487005329047)
(112.0, 174.0, 23.195103025614824)
(112.0, 175.0, 25.603571865476471)
(112.0, 176.0, 23.616652907833387)
(112.0, 177.0, 26.448213572171312)
(112.0, 178.0, 23.151120343932423)
(112.0, 179.0, 26.173801850220698)
(112.0, 180.0, 24.309869671019797)
(112.0, 181.0, 27.507745091827896)
(112.0, 182.0, 23.635568963474192)
(112.0, 183.0, 22.292112212168323)
(112.0, 184.0, 21.943512501416048)
(112.0, 185.0, 24.077956324468804)
(112.0, 186.0, 23.592454359573036)
(112.0, 187.0, 25.688457958223758)
(112.0, 188.0, 23.313086083938963)
(112.0, 189.0, 26.498654861461819)
(112.0, 190.0, 25.421319859160388)
(112.0, 191.0, 24.076110507635438)
(112.0, 192.0, 23.926290209042772)
(112.0, 193.0, 25.068410560006868)
(112.0, 194.0, 24.654066063061375)
(112.0, 195.0, 24.983897395567698)
(112.0, 196.0, 24.248576887000539)
(112.0, 197.0, 25.390319043301083)
(112.0, 198.0, 23.367578854732312)
(112.0, 199.0, 23.903699581913525)
(113.0, 0.0, 20.8147329454853)
(113.0, 1.0, 25.953424194827925)
(113.0, 2.0, 22.554543747074099)
(113.0, 3.0, 26.589031078680222)
(113.0, 4.0, 23.029322019380263)
(113.0, 5.0, 25.600358948303938)
(113.0, 6.0, 27.276725046629096)
(113.0, 7.0, 24.228386416084742)
(113.0, 8.0, 22.500220945376736)
(113.0, 9.0, 26.819582681847194)
(113.0, 10.0, 24.098669953914264)
(113.0, 11.0, 25.353058435080857)
(113.0, 12.0, 23.834683712921098)
(113.0, 13.0, 25.450971191127604)
(113.0, 14.0, 26.417406403611569)
(113.0, 15.0, 22.545432385324329)
(113.0, 16.0, 22.717857908777805)
(113.0, 17.0, 25.418376988089214)
(113.0, 18.0, 25.55680405848333)
(113.0, 19.0, 29.247930008334684)
(113.0, 20.0, 25.115181883806482)
(113.0, 21.0, 25.545986257625295)
(113.0, 22.0, 28.251126375167868)
(113.0, 23.0, 26.315118687177254)
(113.0, 24.0, 20.019656879378729)
(113.0, 25.0, 21.8842145036751)
(113.0, 26.0, 23.809617983707859)
(113.0, 27.0, 28.921323788076045)
(113.0, 28.0, 25.292214890264184)
(113.0, 29.0, 22.555278784473426)
(113.0, 30.0, 23.65183175638537)
(113.0, 31.0, 24.475431048748028)
(113.0, 32.0, 26.610359216640784)
(113.0, 33.0, 23.459147922711864)
(113.0, 34.0, 26.297017475927184)
(113.0, 35.0, 27.4809047344108)
(113.0, 36.0, 23.381858083708497)
(113.0, 37.0, 26.160925839651235)
(113.0, 38.0, 25.909427822452137)
(113.0, 39.0, 21.208569928769641)
(113.0, 40.0, 22.295936821587336)
(113.0, 41.0, 22.878301169148479)
(113.0, 42.0, 23.548520469510457)
(113.0, 43.0, 27.629096908186145)
(113.0, 44.0, 29.863052445552665)
(113.0, 45.0, 25.257359289814239)
(113.0, 46.0, 24.907129518591439)
(113.0, 47.0, 24.282886018000486)
(113.0, 48.0, 22.891463420970663)
(113.0, 49.0, 27.675982988652645)
(113.0, 50.0, 27.038725123142015)
(113.0, 51.0, 27.181113290394585)
(113.0, 52.0, 27.286089248942847)
(113.0, 53.0, 24.697099819563789)
(113.0, 54.0, 24.282799072900247)
(113.0, 55.0, 25.17346351113985)
(113.0, 56.0, 25.702313845382406)
(113.0, 57.0, 26.529493151962914)
(113.0, 58.0, 24.322037888094968)
(113.0, 59.0, 25.109477450353211)
(113.0, 60.0, 25.575627565523693)
(113.0, 61.0, 21.769748582716343)
(113.0, 62.0, 24.846852452401386)
(113.0, 63.0, 24.732319467060176)
(113.0, 64.0, 22.910413473000165)
(113.0, 65.0, 24.556321688945825)
(113.0, 66.0, 23.848879364909632)
(113.0, 67.0, 25.063487680454514)
(113.0, 68.0, 26.609624552476159)
(113.0, 69.0, 26.063526497918424)
(113.0, 70.0, 27.687603850344871)
(113.0, 71.0, 25.383975003180762)
(113.0, 72.0, 21.368101674846784)
(113.0, 73.0, 22.606573410958468)
(113.0, 74.0, 25.687879952012533)
(113.0, 75.0, 26.082749762070684)
(113.0, 76.0, 25.151419470922896)
(113.0, 77.0, 21.981931582007068)
(113.0, 78.0, 24.86529430160417)
(113.0, 79.0, 24.274822142536486)
(113.0, 80.0, 27.039954549380447)
(113.0, 81.0, 20.946640048655812)
(113.0, 82.0, 21.419185266767798)
(113.0, 83.0, 24.386817880764148)
(113.0, 84.0, 26.677538965361919)
(113.0, 85.0, 27.258838522723046)
(113.0, 86.0, 26.843635925631425)
(113.0, 87.0, 23.381697226026958)
(113.0, 88.0, 23.157276427983671)
(113.0, 89.0, 27.184078859699799)
(113.0, 90.0, 26.043476099794624)
(113.0, 91.0, 23.798124505008047)
(113.0, 92.0, 23.737281787587317)
(113.0, 93.0, 26.200304214233402)
(113.0, 94.0, 25.367751600365374)
(113.0, 95.0, 24.594104273798091)
(113.0, 96.0, 23.731201759388096)
(113.0, 97.0, 24.154697365082384)
(113.0, 98.0, 23.82017405117152)
(113.0, 99.0, 25.750545966701146)
(113.0, 100.0, 26.304541537057748)
(113.0, 101.0, 22.615151552482253)
(113.0, 102.0, 26.053271553194534)
(113.0, 103.0, 27.036302792335793)
(113.0, 104.0, 27.741296304269728)
(113.0, 105.0, 24.589000588180824)
(113.0, 106.0, 26.067814303592314)
(113.0, 107.0, 24.459809193418643)
(113.0, 108.0, 24.1518227611562)
(113.0, 109.0, 23.216615531765104)
(113.0, 110.0, 25.269062586564807)
(113.0, 111.0, 26.649049224284965)
(113.0, 112.0, 29.456354653496305)
(113.0, 113.0, 25.717391538325575)
(113.0, 114.0, 25.37522990572252)
(113.0, 115.0, 25.628596152296598)
(113.0, 116.0, 23.513051394405927)
(113.0, 117.0, 23.457162077248594)
(113.0, 118.0, 26.728125178404134)
(113.0, 119.0, 24.138883674173627)
(113.0, 120.0, 25.578775872728237)
(113.0, 121.0, 28.072646616259345)
(113.0, 122.0, 25.481834652550297)
(113.0, 123.0, 26.731273814421108)
(113.0, 124.0, 24.417253468017847)
(113.0, 125.0, 29.175743153249172)
(113.0, 126.0, 25.813441400339634)
(113.0, 127.0, 27.447861686664748)
(113.0, 128.0, 23.127746480506218)
(113.0, 129.0, 25.242669320117535)
(113.0, 130.0, 26.260657328738692)
(113.0, 131.0, 26.233920485793533)
(113.0, 132.0, 21.768569201682066)
(113.0, 133.0, 22.384056090942082)
(113.0, 134.0, 25.470385301697561)
(113.0, 135.0, 23.949493404452504)
(113.0, 136.0, 25.216753832014092)
(113.0, 137.0, 24.544943168213543)
(113.0, 138.0, 22.202911252402579)
(113.0, 139.0, 27.999743867470713)
(113.0, 140.0, 27.765393417764894)
(113.0, 141.0, 24.339073675254944)
(113.0, 142.0, 24.320233885159311)
(113.0, 143.0, 25.312278935625855)
(113.0, 144.0, 25.349364462977483)
(113.0, 145.0, 27.771966003691006)
(113.0, 146.0, 27.231127598006768)
(113.0, 147.0, 21.855922733174072)
(113.0, 148.0, 24.971453152294988)
(113.0, 149.0, 26.599662145090296)
(113.0, 150.0, 28.101539013852957)
(113.0, 151.0, 29.091186382586748)
(113.0, 152.0, 25.677665522119682)
(113.0, 153.0, 25.884306285487753)
(113.0, 154.0, 25.988925978564406)
(113.0, 155.0, 27.541818866828869)
(113.0, 156.0, 25.61728455855792)
(113.0, 157.0, 28.50783048509868)
(113.0, 158.0, 27.812288921827491)
(113.0, 159.0, 26.848107379523356)
(113.0, 160.0, 23.942889404657464)
(113.0, 161.0, 24.121185655329558)
(113.0, 162.0, 25.16979369430539)
(113.0, 163.0, 21.809171440238835)
(113.0, 164.0, 25.182572588847034)
(113.0, 165.0, 26.532882556037016)
(113.0, 166.0, 26.718931018427021)
(113.0, 167.0, 24.521862482453631)
(113.0, 168.0, 25.516133852957019)
(113.0, 169.0, 25.585875224924372)
(113.0, 170.0, 22.173623894076737)
(113.0, 171.0, 26.29286962783144)
(113.0, 172.0, 25.988138515861756)
(113.0, 173.0, 26.912818713619131)
(113.0, 174.0, 20.762269704246897)
(113.0, 175.0, 27.787978435773873)
(113.0, 176.0, 25.51853771808743)
(113.0, 177.0, 27.128569415511862)
(113.0, 178.0, 22.751772688864264)
(113.0, 179.0, 26.962721363583135)
(113.0, 180.0, 23.488754002588681)
(113.0, 181.0, 26.621025513880799)
(113.0, 182.0, 25.561791501667091)
(113.0, 183.0, 24.749407292409895)
(113.0, 184.0, 25.495975094104324)
(113.0, 185.0, 24.840363426543213)
(113.0, 186.0, 24.899731020672483)
(113.0, 187.0, 25.752573975346344)
(113.0, 188.0, 24.805510823743134)
(113.0, 189.0, 26.676425962556628)
(113.0, 190.0, 26.51799551467581)
(113.0, 191.0, 24.619282955760667)
(113.0, 192.0, 25.343857920008205)
(113.0, 193.0, 25.821024666923964)
(113.0, 194.0, 27.105724327024532)
(113.0, 195.0, 26.547463339348869)
(113.0, 196.0, 26.263147119489197)
(113.0, 197.0, 26.960688473145233)
(113.0, 198.0, 24.712349939502921)
(113.0, 199.0, 23.858118550426386)
(114.0, 0.0, 21.40084933244205)
(114.0, 1.0, 23.85290582119465)
(114.0, 2.0, 22.621187138790162)
(114.0, 3.0, 24.31957946448172)
(114.0, 4.0, 23.095542675787573)
(114.0, 5.0, 25.191589754151579)
(114.0, 6.0, 26.161175204284575)
(114.0, 7.0, 24.201390099319177)
(114.0, 8.0, 20.520949102108016)
(114.0, 9.0, 25.823533495082291)
(114.0, 10.0, 21.20687569067011)
(114.0, 11.0, 24.941911853574446)
(114.0, 12.0, 24.77649054556116)
(114.0, 13.0, 24.907744346604542)
(114.0, 14.0, 25.214294920692005)
(114.0, 15.0, 22.794812618083366)
(114.0, 16.0, 22.697585993535768)
(114.0, 17.0, 24.468515005351701)
(114.0, 18.0, 24.637753167059071)
(114.0, 19.0, 28.278676741155785)
(114.0, 20.0, 24.777567185680173)
(114.0, 21.0, 21.944280746288456)
(114.0, 22.0, 24.7251504647855)
(114.0, 23.0, 26.810895291221708)
(114.0, 24.0, 19.78107094297183)
(114.0, 25.0, 19.934694065071927)
(114.0, 26.0, 22.387479308870631)
(114.0, 27.0, 27.874206335365145)
(114.0, 28.0, 25.594759204308566)
(114.0, 29.0, 23.503258654165133)
(114.0, 30.0, 24.126376954336259)
(114.0, 31.0, 23.095236632606554)
(114.0, 32.0, 26.049546540242329)
(114.0, 33.0, 22.798014741669142)
(114.0, 34.0, 24.624345045385287)
(114.0, 35.0, 26.736883923955155)
(114.0, 36.0, 22.048676481900678)
(114.0, 37.0, 23.0818149402748)
(114.0, 38.0, 26.522332201917042)
(114.0, 39.0, 21.191213885504112)
(114.0, 40.0, 23.780797819949992)
(114.0, 41.0, 24.527469761685992)
(114.0, 42.0, 24.400245907618519)
(114.0, 43.0, 24.434677379683777)
(114.0, 44.0, 26.991878364030988)
(114.0, 45.0, 24.053234098034345)
(114.0, 46.0, 24.13682405247723)
(114.0, 47.0, 23.398579272753196)
(114.0, 48.0, 22.617817544076996)
(114.0, 49.0, 23.438778738861952)
(114.0, 50.0, 25.692759526055283)
(114.0, 51.0, 26.267277468384137)
(114.0, 52.0, 25.783904708106455)
(114.0, 53.0, 23.902377073639567)
(114.0, 54.0, 23.046469083606869)
(114.0, 55.0, 23.484326728542513)
(114.0, 56.0, 24.890276094923717)
(114.0, 57.0, 23.564676790915861)
(114.0, 58.0, 21.609446038492965)
(114.0, 59.0, 24.321600484175971)
(114.0, 60.0, 24.755194860760476)
(114.0, 61.0, 22.228966766491361)
(114.0, 62.0, 26.177446172092999)
(114.0, 63.0, 21.562299656293916)
(114.0, 64.0, 21.796549431220306)
(114.0, 65.0, 22.467033683152739)
(114.0, 66.0, 23.49869093250247)
(114.0, 67.0, 24.284676940103694)
(114.0, 68.0, 24.873499914886288)
(114.0, 69.0, 25.137489442696847)
(114.0, 70.0, 26.350113544192546)
(114.0, 71.0, 25.206371524137673)
(114.0, 72.0, 20.894953324720717)
(114.0, 73.0, 23.7809034451505)
(114.0, 74.0, 22.812711577262327)
(114.0, 75.0, 25.45602982994129)
(114.0, 76.0, 23.594211084578298)
(114.0, 77.0, 23.134362819206821)
(114.0, 78.0, 23.914559128847419)
(114.0, 79.0, 22.701986729770766)
(114.0, 80.0, 25.889363217931834)
(114.0, 81.0, 18.625148766196052)
(114.0, 82.0, 20.208644937751089)
(114.0, 83.0, 22.276985613996271)
(114.0, 84.0, 25.318870359578916)
(114.0, 85.0, 25.511104877007593)
(114.0, 86.0, 26.373911507861088)
(114.0, 87.0, 21.881128992791194)
(114.0, 88.0, 24.285607987267042)
(114.0, 89.0, 25.648310914881034)
(114.0, 90.0, 22.659821174047931)
(114.0, 91.0, 24.486538238823321)
(114.0, 92.0, 23.481023151924845)
(114.0, 93.0, 24.400414979117699)
(114.0, 94.0, 25.148289329477436)
(114.0, 95.0, 23.560741381511473)
(114.0, 96.0, 21.508249893220896)
(114.0, 97.0, 23.902449930384705)
(114.0, 98.0, 25.470055047136256)
(114.0, 99.0, 25.270939276475929)
(114.0, 100.0, 25.648826421801505)
(114.0, 101.0, 23.107890593625566)
(114.0, 102.0, 23.461660191916963)
(114.0, 103.0, 25.100971153965567)
(114.0, 104.0, 27.20603092997796)
(114.0, 105.0, 25.704325127972197)
(114.0, 106.0, 23.773938963852899)
(114.0, 107.0, 22.544319336108764)
(114.0, 108.0, 25.535707765896618)
(114.0, 109.0, 22.347731054101097)
(114.0, 110.0, 24.597908779566335)
(114.0, 111.0, 27.447148401639211)
(114.0, 112.0, 25.531762343489142)
(114.0, 113.0, 23.495194543194703)
(114.0, 114.0, 26.120493337148623)
(114.0, 115.0, 23.908947919817969)
(114.0, 116.0, 22.83185107785663)
(114.0, 117.0, 22.851307526899202)
(114.0, 118.0, 25.426390762973114)
(114.0, 119.0, 24.129086644885302)
(114.0, 120.0, 25.402442390740656)
(114.0, 121.0, 24.081102250973718)
(114.0, 122.0, 24.665018053900823)
(114.0, 123.0, 28.053012980665144)
(114.0, 124.0, 24.538340716983384)
(114.0, 125.0, 27.359191493944174)
(114.0, 126.0, 23.332628582702327)
(114.0, 127.0, 26.310267939377557)
(114.0, 128.0, 23.413023409726044)
(114.0, 129.0, 26.293753473388136)
(114.0, 130.0, 26.45592144289412)
(114.0, 131.0, 23.747988010367351)
(114.0, 132.0, 19.778476910683715)
(114.0, 133.0, 21.707435715299852)
(114.0, 134.0, 24.192602230341574)
(114.0, 135.0, 24.301144444321693)
(114.0, 136.0, 24.367372348060698)
(114.0, 137.0, 25.043218946499671)
(114.0, 138.0, 22.407152100725099)
(114.0, 139.0, 26.753708497167857)
(114.0, 140.0, 26.74048690568187)
(114.0, 141.0, 24.406777702055578)
(114.0, 142.0, 22.463989814112438)
(114.0, 143.0, 23.916202726702764)
(114.0, 144.0, 23.588882437447868)
(114.0, 145.0, 25.382701366293798)
(114.0, 146.0, 26.105229117130655)
(114.0, 147.0, 21.092621792443527)
(114.0, 148.0, 24.074909839547932)
(114.0, 149.0, 25.283376054967054)
(114.0, 150.0, 27.854620859319013)
(114.0, 151.0, 28.592361962122489)
(114.0, 152.0, 25.861972086117852)
(114.0, 153.0, 24.804498326170396)
(114.0, 154.0, 25.498434746050677)
(114.0, 155.0, 25.900751165262523)
(114.0, 156.0, 25.232557882298053)
(114.0, 157.0, 26.037400588720136)
(114.0, 158.0, 27.031478285206084)
(114.0, 159.0, 25.564102388137805)
(114.0, 160.0, 23.63622139888049)
(114.0, 161.0, 24.262581767851536)
(114.0, 162.0, 22.929261818434199)
(114.0, 163.0, 23.021711003117272)
(114.0, 164.0, 25.546873358788467)
(114.0, 165.0, 24.443666865534507)
(114.0, 166.0, 24.94989061075249)
(114.0, 167.0, 23.198957739928179)
(114.0, 168.0, 25.158607098370041)
(114.0, 169.0, 23.708177456346046)
(114.0, 170.0, 22.881761282756717)
(114.0, 171.0, 26.094883882556083)
(114.0, 172.0, 26.952655654795276)
(114.0, 173.0, 24.544624390484557)
(114.0, 174.0, 22.143349350430405)
(114.0, 175.0, 26.458945964542053)
(114.0, 176.0, 23.805984876381885)
(114.0, 177.0, 26.925489190416219)
(114.0, 178.0, 22.959181580047346)
(114.0, 179.0, 26.498667449792741)
(114.0, 180.0, 25.690418283721939)
(114.0, 181.0, 24.391596264431275)
(114.0, 182.0, 24.958212057535786)
(114.0, 183.0, 23.816749403727123)
(114.0, 184.0, 25.243841374688433)
(114.0, 185.0, 24.267713277298881)
(114.0, 186.0, 25.012057108306188)
(114.0, 187.0, 26.464079882174349)
(114.0, 188.0, 24.239807504750488)
(114.0, 189.0, 26.516830611612942)
(114.0, 190.0, 25.135703114108157)
(114.0, 191.0, 23.306265453368763)
(114.0, 192.0, 24.313314883805166)
(114.0, 193.0, 24.695303484267466)
(114.0, 194.0, 24.411366668152962)
(114.0, 195.0, 25.480338295508627)
(114.0, 196.0, 25.463272599749796)
(114.0, 197.0, 24.903497019379415)
(114.0, 198.0, 23.445573216366785)
(114.0, 199.0, 24.720856694691236)
(115.0, 0.0, 21.037170497727164)
(115.0, 1.0, 23.110351092656366)
(115.0, 2.0, 21.733978114992976)
(115.0, 3.0, 25.725778947934945)
(115.0, 4.0, 21.767730391653132)
(115.0, 5.0, 25.746635581145672)
(115.0, 6.0, 24.672206495752771)
(115.0, 7.0, 24.684744712647994)
(115.0, 8.0, 22.157541664656957)
(115.0, 9.0, 23.826415502812534)
(115.0, 10.0, 22.787427939255185)
(115.0, 11.0, 25.103315856705624)
(115.0, 12.0, 23.863124168824697)
(115.0, 13.0, 24.916456408755547)
(115.0, 14.0, 23.166739845698839)
(115.0, 15.0, 21.986917733087992)
(115.0, 16.0, 21.938252487372893)
(115.0, 17.0, 24.82417327061804)
(115.0, 18.0, 24.376298844260187)
(115.0, 19.0, 26.693187181090241)
(115.0, 20.0, 23.051963632445286)
(115.0, 21.0, 21.873060270735635)
(115.0, 22.0, 26.427389127142646)
(115.0, 23.0, 25.593856832849411)
(115.0, 24.0, 19.46005160027714)
(115.0, 25.0, 22.141662521986909)
(115.0, 26.0, 23.033238767243702)
(115.0, 27.0, 27.141345355432275)
(115.0, 28.0, 24.759421003221377)
(115.0, 29.0, 23.185411696909345)
(115.0, 30.0, 22.911900614459398)
(115.0, 31.0, 21.950436916116459)
(115.0, 32.0, 24.342109877452277)
(115.0, 33.0, 21.77457821972067)
(115.0, 34.0, 24.025766402517732)
(115.0, 35.0, 23.979381518023359)
(115.0, 36.0, 21.998908515073722)
(115.0, 37.0, 25.567268919173063)
(115.0, 38.0, 26.941833600440894)
(115.0, 39.0, 21.241532218427441)
(115.0, 40.0, 22.984421310629383)
(115.0, 41.0, 24.020084033396863)
(115.0, 42.0, 22.418051710443553)
(115.0, 43.0, 27.32865415959753)
(115.0, 44.0, 26.624777235593665)
(115.0, 45.0, 25.343071989458657)
(115.0, 46.0, 24.128640216398018)
(115.0, 47.0, 22.929770631352746)
(115.0, 48.0, 21.810506800037331)
(115.0, 49.0, 25.263229522283119)
(115.0, 50.0, 25.475046288214482)
(115.0, 51.0, 25.691680471700444)
(115.0, 52.0, 24.499946792396578)
(115.0, 53.0, 23.572682501539553)
(115.0, 54.0, 22.62745489764319)
(115.0, 55.0, 22.161588651113416)
(115.0, 56.0, 26.032252447070757)
(115.0, 57.0, 24.381209718793997)
(115.0, 58.0, 23.335391344943204)
(115.0, 59.0, 23.682396280149952)
(115.0, 60.0, 24.823139608638634)
(115.0, 61.0, 22.211515701248928)
(115.0, 62.0, 25.259406544639077)
(115.0, 63.0, 24.916705245982104)
(115.0, 64.0, 21.89402499470129)
(115.0, 65.0, 22.355030444666934)
(115.0, 66.0, 22.491762027279883)
(115.0, 67.0, 26.022946568126009)
(115.0, 68.0, 26.052146131883458)
(115.0, 69.0, 24.05401751279318)
(115.0, 70.0, 25.559820514676545)
(115.0, 71.0, 23.32834206972155)
(115.0, 72.0, 21.892244408754834)
(115.0, 73.0, 22.048491810832083)
(115.0, 74.0, 23.342407184362678)
(115.0, 75.0, 24.529612976580015)
(115.0, 76.0, 24.528657887660241)
(115.0, 77.0, 21.798638221939562)
(115.0, 78.0, 22.416902237165889)
(115.0, 79.0, 23.093834000251213)
(115.0, 80.0, 24.676151215132538)
(115.0, 81.0, 20.031765302402732)
(115.0, 82.0, 19.922611135889063)
(115.0, 83.0, 22.04260921703824)
(115.0, 84.0, 26.038402929444818)
(115.0, 85.0, 25.228651320796558)
(115.0, 86.0, 23.503098406715139)
(115.0, 87.0, 23.335552999038018)
(115.0, 88.0, 22.999016006485242)
(115.0, 89.0, 25.666006281841284)
(115.0, 90.0, 23.943416100386656)
(115.0, 91.0, 22.409802502007317)
(115.0, 92.0, 24.394276281721211)
(115.0, 93.0, 25.477491688085554)
(115.0, 94.0, 24.837555758980791)
(115.0, 95.0, 22.038862556594371)
(115.0, 96.0, 22.3416709474626)
(115.0, 97.0, 23.81235588019732)
(115.0, 98.0, 23.10765952751391)
(115.0, 99.0, 23.421893172849472)
(115.0, 100.0, 24.443732872691342)
(115.0, 101.0, 22.086661995901238)
(115.0, 102.0, 24.134853055287827)
(115.0, 103.0, 24.153432353090334)
(115.0, 104.0, 25.778652288157375)
(115.0, 105.0, 24.107507941570471)
(115.0, 106.0, 22.360673187187452)
(115.0, 107.0, 23.326343652147401)
(115.0, 108.0, 23.079233889286481)
(115.0, 109.0, 22.988649983901013)
(115.0, 110.0, 23.548181060076296)
(115.0, 111.0, 24.370951373518402)
(115.0, 112.0, 26.05848283601901)
(115.0, 113.0, 24.965465440095965)
(115.0, 114.0, 25.749107438341163)
(115.0, 115.0, 24.728063338379023)
(115.0, 116.0, 23.035460418668382)
(115.0, 117.0, 20.928771271878094)
(115.0, 118.0, 26.575950718442826)
(115.0, 119.0, 24.031501248659122)
(115.0, 120.0, 24.976003141077385)
(115.0, 121.0, 25.044067796702038)
(115.0, 122.0, 23.724652616183562)
(115.0, 123.0, 26.400135898857734)
(115.0, 124.0, 24.830976380912745)
(115.0, 125.0, 26.654683019522313)
(115.0, 126.0, 22.798736475340668)
(115.0, 127.0, 25.194670419843039)
(115.0, 128.0, 22.997084891172108)
(115.0, 129.0, 24.803773697711694)
(115.0, 130.0, 23.437101436057915)
(115.0, 131.0, 24.70511829045925)
(115.0, 132.0, 19.490810328207381)
(115.0, 133.0, 22.045438115045563)
(115.0, 134.0, 23.71964102018206)
(115.0, 135.0, 24.198418885627756)
(115.0, 136.0, 24.280206666076232)
(115.0, 137.0, 22.918920933765612)
(115.0, 138.0, 22.725462973372682)
(115.0, 139.0, 25.622009434620715)
(115.0, 140.0, 26.395553207958535)
(115.0, 141.0, 22.180535493165731)
(115.0, 142.0, 24.370001717276523)
(115.0, 143.0, 25.088401201469907)
(115.0, 144.0, 24.58222798525771)
(115.0, 145.0, 23.342770604010266)
(115.0, 146.0, 25.775343945346592)
(115.0, 147.0, 21.89689197410134)
(115.0, 148.0, 22.975748840115308)
(115.0, 149.0, 24.990455150331172)
(115.0, 150.0, 27.05899471287168)
(115.0, 151.0, 26.952509553255855)
(115.0, 152.0, 25.600372222892361)
(115.0, 153.0, 25.822502067952964)
(115.0, 154.0, 23.330493520311798)
(115.0, 155.0, 25.407130893022526)
(115.0, 156.0, 24.187790486151986)
(115.0, 157.0, 26.218237344134725)
(115.0, 158.0, 24.641683503531887)
(115.0, 159.0, 24.705239361802349)
(115.0, 160.0, 23.691486044693299)
(115.0, 161.0, 22.430215574993706)
(115.0, 162.0, 25.927635930384437)
(115.0, 163.0, 22.305503382295278)
(115.0, 164.0, 22.76462618938962)
(115.0, 165.0, 25.099159412145514)
(115.0, 166.0, 24.397125869161769)
(115.0, 167.0, 23.587928561932735)
(115.0, 168.0, 25.602408233368557)
(115.0, 169.0, 24.943486507656829)
(115.0, 170.0, 21.015075537813839)
(115.0, 171.0, 25.937571397226229)
(115.0, 172.0, 27.491971203549298)
(115.0, 173.0, 25.138919967871615)
(115.0, 174.0, 20.463526524052693)
(115.0, 175.0, 27.060633800339406)
(115.0, 176.0, 24.893497927994972)
(115.0, 177.0, 26.009326821099695)
(115.0, 178.0, 22.252300966393193)
(115.0, 179.0, 25.52005095836266)
(115.0, 180.0, 25.21293053110999)
(115.0, 181.0, 22.305472449306258)
(115.0, 182.0, 25.112469943222589)
(115.0, 183.0, 23.674655229876866)
(115.0, 184.0, 21.693555337293432)
(115.0, 185.0, 22.468385640886098)
(115.0, 186.0, 23.695499881912994)
(115.0, 187.0, 25.609971099710364)
(115.0, 188.0, 23.120079931069327)
(115.0, 189.0, 25.964790626132363)
(115.0, 190.0, 23.293971587116886)
(115.0, 191.0, 24.404834256034714)
(115.0, 192.0, 23.150771717948412)
(115.0, 193.0, 23.888181290606035)
(115.0, 194.0, 26.626202785122224)
(115.0, 195.0, 24.64327494717724)
(115.0, 196.0, 26.409118879684399)
(115.0, 197.0, 25.661060412479117)
(115.0, 198.0, 22.902194333841088)
(115.0, 199.0, 24.233577667220608)
(116.0, 0.0, 23.531951910112809)
(116.0, 1.0, 26.175697457681601)
(116.0, 2.0, 24.378545582624241)
(116.0, 3.0, 28.867581078771991)
(116.0, 4.0, 24.071467942069624)
(116.0, 5.0, 25.851877362579074)
(116.0, 6.0, 28.34166130899871)
(116.0, 7.0, 29.7539219531984)
(116.0, 8.0, 23.322342162433937)
(116.0, 9.0, 27.227137409044644)
(116.0, 10.0, 25.387331284281704)
(116.0, 11.0, 28.804195022957064)
(116.0, 12.0, 26.908600238936412)
(116.0, 13.0, 27.817856723460547)
(116.0, 14.0, 26.26812604186048)
(116.0, 15.0, 25.058538584010755)
(116.0, 16.0, 25.227761313119515)
(116.0, 17.0, 27.424167901281709)
(116.0, 18.0, 26.18073542253158)
(116.0, 19.0, 30.921016602370887)
(116.0, 20.0, 26.483087505797698)
(116.0, 21.0, 25.095065299188086)
(116.0, 22.0, 28.570239649910768)
(116.0, 23.0, 27.302721132866381)
(116.0, 24.0, 20.502249487420315)
(116.0, 25.0, 20.757889882663516)
(116.0, 26.0, 23.829539435468313)
(116.0, 27.0, 31.095578903527962)
(116.0, 28.0, 25.22472742526482)
(116.0, 29.0, 26.30454304883391)
(116.0, 30.0, 25.184792077857018)
(116.0, 31.0, 24.381740203047347)
(116.0, 32.0, 25.02085620983949)
(116.0, 33.0, 27.275676869750001)
(116.0, 34.0, 26.632265355219097)
(116.0, 35.0, 25.346896588155072)
(116.0, 36.0, 23.055671292846679)
(116.0, 37.0, 28.687455630212831)
(116.0, 38.0, 28.219424875532848)
(116.0, 39.0, 23.985852056911305)
(116.0, 40.0, 22.909211606990208)
(116.0, 41.0, 25.135234458726448)
(116.0, 42.0, 27.358778935772875)
(116.0, 43.0, 27.860697889622994)
(116.0, 44.0, 29.543674179729425)
(116.0, 45.0, 28.616211937718855)
(116.0, 46.0, 26.591366078628354)
(116.0, 47.0, 24.426243825369767)
(116.0, 48.0, 24.836173720889608)
(116.0, 49.0, 28.416381788693954)
(116.0, 50.0, 29.076038596324604)
(116.0, 51.0, 28.080560954586108)
(116.0, 52.0, 28.126522611599409)
(116.0, 53.0, 26.342356302956532)
(116.0, 54.0, 25.502581928099609)
(116.0, 55.0, 24.820789917594567)
(116.0, 56.0, 27.229707416577693)
(116.0, 57.0, 26.662798425885896)
(116.0, 58.0, 25.836467357458652)
